Time Objective
0.00230908 0
1.21106 111.735
2.89426 92.0806
4.82052 87.9646
6.87295 83.0138
9.00779 79.2027
11.2 75.7818
13.436 72.9562
15.7107 70.8609
18.0083 71.1748
20.3168 69.7195
22.6542 67.6603
24.9812 68.4541
27.315 68.3219
29.6487 67.1169
32.0021 66.3263
33.8185 79.5275
35.0795 77.803
36.3089 81.9003
37.0877 78.7572
37.8716 76.1548
38.679 74.5271
39.511 73.5297
40.209 72.9776
40.9122 70.952
41.6672 67.0081
42.4518 65.7625
43.2483 64.9723
44.0548 64.4101
44.8403 67.6526
45.5447 67.4516
46.2745 65.4595
47.0209 64.5248
47.7805 63.1959
48.3645 65.9975
48.8315 63.963
49.3202 62.728
49.8092 63.0832
50.264 63.384
50.675 62.6572
51.0718 61.5701
51.4802 60.7626
51.901 60.8666
52.2925 61.1776
52.6821 60.5208
53.0703 60.0176
53.4689 59.7461
53.8543 60.1211
54.199 60.5803
54.537 60.7392
54.8714 59.5047
55.2137 59.2386
55.5577 59.3374
55.9011 59.0373
56.2201 59.4234
56.5243 59.1632
56.8339 58.6106
57.1201 58.9721
57.4034 58.6209
57.6823 58.6807
57.9629 58.7019
58.249 58.1464
58.5114 58.6547
58.7793 58.4248
59.0405 57.9913
59.2916 59.3097
59.5264 58.1115
59.7704 57.8076
60.0203 57.7766
60.2764 57.6171
60.5281 57.8002
60.7626 57.7579
60.989 58.0949
61.2167 57.6158
61.4344 57.8434
61.6487 57.6968
61.8633 57.5352
62.082 57.3396
62.3 57.506
62.5118 57.4727
62.7218 57.2069
62.9295 57.4825
63.1392 57.2173
63.3513 57.1686
63.544 57.4657
63.7122 57.2659
63.8814 57.1446
64.0527 56.9849
64.216 57.1239
64.3801 57.1658
64.547 56.9951
64.7154 56.9546
64.8798 56.9106
65.0333 56.9545
65.1904 56.9396
65.3461 56.9952
65.4995 56.808
65.654 56.9933
65.8111 56.9251
65.9677 56.7967
66.1255 56.6877
66.2777 57.0394
66.415 56.7782
66.5522 56.7065
66.6899 56.7063
66.8285 56.6661
66.9632 56.7744
67.0963 56.6606
67.2293 56.5893
67.3617 56.5764
67.496 56.6279
67.6298 56.5535
67.7629 56.5819
67.8967 56.5712
68.0223 56.6529
68.1497 56.6542
68.2767 56.6842
68.3999 56.6351
68.5191 56.6408
68.639 56.6849
68.7557 56.5748
68.8716 56.5665
68.9876 56.5579
69.105 56.4396
69.2227 56.4439
69.3404 56.4496
69.4585 56.4193
69.5697 56.6956
69.6716 56.4873
69.7749 56.5061
69.8789 56.4807
69.9826 56.443
70.0868 56.4291
70.1907 56.4129
70.2944 56.4633
70.3984 56.427
70.503 56.3861
70.605 56.4447
70.7 56.5194
70.7938 56.4866
70.8875 56.461
70.9816 56.3945
71.0776 56.3754
71.1723 56.3664
71.2656 56.3596
71.3588 56.3529
71.4521 56.3486
71.5454 56.2472
71.6312 56.3672
71.7179 56.3551
71.804 56.3678
71.8897 56.3517
71.9728 56.3592
72.0547 56.3469
72.1361 56.4478
72.2123 56.367
72.2872 56.3437
72.3615 56.3385
72.4352 56.3383
72.5089 56.3342
72.5774 56.3345
72.6399 56.4175
72.7025 56.3513
72.7654 56.3403
72.8286 56.3355
72.8919 56.3319
72.9555 56.3292
73.0197 56.3276
73.078 56.3522
73.1342 56.3589
73.1902 56.331
73.2455 56.3283
73.3013 56.3264
73.357 56.3015
73.4099 56.3493
73.4597 56.3486
73.5097 56.3311
73.5548 56.318
73.5975 56.317
73.64 56.3149
73.6822 56.3141
73.7246 56.3135
73.7669 56.3129
73.8091 56.3123
73.851 56.3177
73.8931 56.3138
73.9352 56.3125
73.9786 56.3113
74.0215 56.3104
74.0647 56.3097
74.1075 56.3092
74.1504 56.3087
74.193 56.3082
74.2351 56.3077
74.2777 56.3073
74.3198 56.3069
74.3625 56.3065
74.4047 56.3061
74.4471 56.3057
74.4891 56.3054
74.5324 56.305
74.5752 56.3046
74.6179 56.3042
74.6607 56.3039
74.7032 56.3035
74.7452 56.3031
74.787 56.3028
74.829 56.3024
74.871 56.302
74.913 56.3223
74.9562 56.3044
74.9986 56.3025
75.0408 56.3017
75.083 56.301
75.126 56.3004
75.1686 56.2999
75.2115 56.2994
75.2543 56.299
75.2963 56.2987
75.3388 56.2983
75.3814 56.2979
75.4233 56.2975
75.4659 56.2972
75.5083 56.2968
75.5503 56.2965
75.5924 56.2962
75.6349 56.2958
75.6773 56.2955
75.7199 56.2952
75.7628 56.2948
75.8054 56.2945
75.8479 56.2951
75.8899 56.2955
75.9328 56.2951
75.9752 56.2943
76.0177 56.2932
76.0601 56.2925
76.1023 56.2924
76.1444 56.2922
76.1863 56.2919
76.2281 56.2915
76.2698 56.2909
76.3122 56.2905
76.3546 56.2905
76.397 56.2903
76.4237 56.2892
76.4406 56.2892
76.4572 56.2892
76.4742 56.2892
76.4907 56.2892
76.5074 56.2892
76.5241 56.2892
76.5408 56.2892
76.5583 56.2892
76.575 56.2892
76.5917 56.2892
76.6084 56.2892
76.6254 56.2892
76.6417 56.2892
76.6581 56.2892
76.6747 56.2892
76.6912 56.2892
76.7075 56.2892
76.7238 56.2892
76.7401 56.2892
76.7562 56.2892
76.773 56.2892
76.7894 56.2892
76.8058 56.2892
76.8227 56.2892
76.8391 56.2892
76.8557 56.2892
76.8722 56.2892
76.8899 56.2892
76.9066 56.2892
76.9234 56.2892
76.9401 56.2892
76.9569 56.2892
76.9735 56.2892
76.9901 56.2892
77.007 56.2892
77.0236 56.2892
77.04 56.2892
77.0565 56.2892
77.073 56.2892
77.0894 56.2892
77.1058 56.2892
77.1222 56.2892
77.1385 56.2892
77.1549 56.2892
77.1713 56.2892
77.1877 56.2892
77.204 56.2892
77.2204 56.2892
77.2368 56.2892
77.2532 56.2892
77.2696 56.2892
77.2861 56.2892
77.3027 56.2892
77.3191 56.2892
77.3355 56.2892
77.352 56.2892
77.3684 56.2892
77.3848 56.2892
77.4013 56.2892
77.4181 56.2892
77.4347 56.2892
77.4511 56.2892
77.468 56.2892
77.4846 56.2892
77.5011 56.2892
77.5181 56.2892
77.5351 56.2892
77.5515 56.2892
77.5684 56.2892
77.5847 56.2892
77.6014 56.2892
77.6178 56.2892
77.6342 56.2892
77.651 56.2892
77.6674 56.2892
77.6838 56.2892
77.7002 56.2892
77.7166 56.2892
77.7329 56.2892
77.7493 56.2892
77.7661 56.2892
77.7825 56.2892
77.7992 56.2892
77.8157 56.2892
77.8331 56.2892
77.8497 56.2892
77.8664 56.2892
77.8829 56.2892
77.8995 56.2892
77.9164 56.2892
77.933 56.2892
77.9499 56.2892
77.9665 56.2892
77.9836 56.2892
78.0002 56.2892
78.0172 56.2892
78.0335 56.2892
78.0505 56.2892
78.0667 56.2892
78.0837 56.2892
78.1001 56.2892
78.117 56.2892
78.1335 56.2892
78.1499 56.2892
78.1664 56.2892
78.1828 56.2892
78.1992 56.2892
78.2157 56.2892
78.2321 56.2892
78.2486 56.2892
78.2649 56.2892
78.2814 56.2892
78.2977 56.2892
78.314 56.2892
78.3304 56.2892
78.3466 56.2892
78.363 56.2892
78.3792 56.2892
78.3956 56.2892
78.4119 56.2892
78.4282 56.2892
78.4446 56.2892
78.461 56.2892
78.4774 56.2892
78.4938 56.2892
78.5101 56.2892
78.5265 56.2892
78.5432 56.2892
78.5597 56.2892
78.5761 56.2892
78.5924 56.2892
78.6093 56.2892
78.6256 56.2892
78.6425 56.2892
78.6588 56.2892
78.6755 56.2892
78.6919 56.2892
78.7084 56.2892
78.7251 56.2892
78.7416 56.2892
78.7579 56.2892
78.7754 56.2892
78.792 56.2892
78.8085 56.2892
78.8251 56.2892
78.8416 56.2892
78.8582 56.2892
78.8752 56.2892
78.8917 56.2892
78.9084 56.2892
78.9254 56.2892
78.942 56.2892
78.9585 56.2892
78.9751 56.2892
78.9916 56.2892
79.0081 56.2892
79.0247 56.2892
79.0414 56.2892
79.0578 56.2892
79.0746 56.2892
79.0911 56.2892
79.1076 56.2892
79.1246 56.2892
79.1415 56.2892
79.158 56.2892
79.1749 56.2892
79.1913 56.2892
79.2078 56.2892
79.2246 56.2892
79.241 56.2892
79.2579 56.2892
79.2745 56.2892
79.291 56.2892
79.3074 56.2892
79.3239 56.2892
79.3404 56.2892
79.3568 56.2892
79.3734 56.2892
79.3899 56.2892
79.4064 56.2892
79.4228 56.2892
79.4392 56.2892
79.4555 56.2892
79.4719 56.2892
79.4883 56.2892
79.5047 56.2892
79.521 56.2892
79.5374 56.2892
79.5537 56.2892
79.57 56.2892
79.5864 56.2892
79.6028 56.2892
79.6192 56.2892
79.6355 56.2892
79.6519 56.2892
79.6683 56.2892
79.685 56.2892
79.702 56.2892
79.7187 56.2892
79.7355 56.2892
79.7521 56.2892
79.7691 56.2892
79.786 56.2892
79.8027 56.2892
79.8196 56.2892
79.8362 56.2892
79.8532 56.2892
79.8697 56.2892
79.8862 56.2892
79.9032 56.2892
79.9196 56.2892
79.936 56.2892
79.9524 56.2892
79.9688 56.2892
79.9853 56.2892
80.0022 56.2892
80.0187 56.2892
80.0352 56.2892
80.0516 56.2892
80.0682 56.2892
80.0847 56.2892
80.1011 56.2892
80.1175 56.2892
80.134 56.2892
80.1506 56.2892
80.1671 56.2892
80.1834 56.2892
80.1998 56.2892
80.2166 56.2892
80.2331 56.2892
80.2499 56.2892
80.2665 56.2892
80.2832 56.2892
80.2997 56.2892
80.3164 56.2892
80.3333 56.2892
80.3499 56.2892
80.3664 56.2892
80.3833 56.2892
80.3997 56.2892
80.4163 56.2892
80.4327 56.2892
80.4491 56.2892
80.4655 56.2892
80.4821 56.2892
80.4985 56.2892
80.515 56.2892
80.5315 56.2892
80.548 56.2892
