0 172
1 6338
2 835
3 226
4 33
5 357
6 12755
7 3331
8 2590
9 16412
10 275
11 698
12 1690
13 3829
14 5226
15 1
16 2284
17 1281
18 1242
19 240
20 18
21 1261
22 4033
23 4052
24 203
25 2032
26 5
27 18
28 78
29 95
30 17
31 2098
32 324
33 1524
34 303
35 4818
36 650
37 22
38 1383
39 25
40 2326
41 30
42 641
43 122
44 41
45 2099
46 528
47 1123
48 185
49 2673
50 1165
51 325
52 308
53 222
54 1017
55 255
56 2143
57 213
58 231
59 12
60 4
61 51
62 467
63 182
64 105
65 5
66 435
67 72
68 13
69 98
70 59
71 48
72 14
73 10
74 3
75 1
