10 10
0.2348 0.5470 0.9294 0.6443 0.2077 0.3111 0.5949 0.0855 0.9631 0.0377
0.3532 0.2963 0.7757 0.3786 0.3012 0.9234 0.2622 0.2625 0.5468 0.8852
0.8212 0.7447 0.4868 0.8116 0.4709 0.4302 0.6028 0.8010 0.5211 0.9133
0.0154 0.1890 0.4359 0.5328 0.2305 0.1848 0.7112 0.0292 0.2316 0.7962
0.0430 0.6868 0.4468 0.3507 0.8443 0.9049 0.2217 0.9289 0.4889 0.0987
0.1690 0.1835 0.3063 0.9390 0.1948 0.9797 0.1174 0.7303 0.6241 0.2619
0.6491 0.3685 0.5085 0.8759 0.2259 0.4389 0.2967 0.4886 0.6791 0.3354
0.7317 0.6256 0.5108 0.5502 0.1707 0.1111 0.3188 0.5785 0.3955 0.6797
0.6477 0.7802 0.8176 0.6225 0.2277 0.2581 0.4242 0.2373 0.3674 0.1366
0.4509 0.0811 0.7948 0.5870 0.4357 0.4087 0.5079 0.4588 0.9880 0.7212
