43	540	0
1	1	1.0
1	2	1.0
1	3	1.0
1	4	1.0
1	5	1.0
1	6	1.0
1	7	1.0
1	8	1.0
1	9	1.0
1	10	1.0
2	11	1.0
2	12	1.0
2	13	1.0
2	14	1.0
2	15	1.0
2	16	1.0
2	17	1.0
2	18	1.0
2	19	1.0
2	20	1.0
3	21	1.0
3	22	1.0
3	23	1.0
3	24	1.0
3	25	1.0
3	26	1.0
3	27	1.0
3	28	1.0
3	29	1.0
3	30	1.0
4	31	1.0
4	32	1.0
4	33	1.0
4	34	1.0
4	35	1.0
4	36	1.0
4	37	1.0
4	38	1.0
4	39	1.0
4	40	1.0
5	41	1.0
5	42	1.0
5	43	1.0
5	44	1.0
5	45	1.0
5	46	1.0
5	47	1.0
5	48	1.0
5	49	1.0
5	50	1.0
6	51	1.0
6	52	1.0
6	53	1.0
6	54	1.0
6	55	1.0
6	56	1.0
6	57	1.0
6	58	1.0
6	59	1.0
6	60	1.0
7	61	1.0
7	62	1.0
7	63	1.0
7	64	1.0
7	65	1.0
7	66	1.0
7	67	1.0
7	68	1.0
7	69	1.0
7	70	1.0
8	71	1.0
8	72	1.0
8	73	1.0
8	74	1.0
8	75	1.0
8	76	1.0
8	77	1.0
8	78	1.0
8	79	1.0
8	80	1.0
9	81	1.0
9	82	1.0
9	83	1.0
9	84	1.0
9	85	1.0
9	86	1.0
9	87	1.0
9	88	1.0
9	89	1.0
9	90	1.0
10	91	1.0
10	92	1.0
10	93	1.0
10	94	1.0
10	95	1.0
10	96	1.0
10	97	1.0
10	98	1.0
10	99	1.0
10	100	1.0
11	101	1.0
11	102	1.0
11	103	1.0
11	104	1.0
11	105	1.0
11	106	1.0
11	107	1.0
11	108	1.0
11	109	1.0
11	110	1.0
12	111	1.0
12	112	1.0
12	113	1.0
12	114	1.0
12	115	1.0
12	116	1.0
12	117	1.0
12	118	1.0
12	119	1.0
12	120	1.0
13	121	1.0
13	122	1.0
13	123	1.0
13	124	1.0
13	125	1.0
13	126	1.0
13	127	1.0
13	128	1.0
13	129	1.0
13	130	1.0
14	131	1.0
14	132	1.0
14	133	1.0
14	134	1.0
14	135	1.0
14	136	1.0
14	137	1.0
14	138	1.0
14	139	1.0
14	140	1.0
15	141	1.0
15	142	1.0
15	143	1.0
15	144	1.0
15	145	1.0
15	146	1.0
15	147	1.0
15	148	1.0
15	149	1.0
15	150	1.0
16	151	1.0
16	152	1.0
16	153	1.0
16	154	1.0
16	155	1.0
16	156	1.0
16	157	1.0
16	158	1.0
16	159	1.0
16	160	1.0
17	161	1.0
17	162	1.0
17	163	1.0
17	164	1.0
17	165	1.0
17	166	1.0
17	167	1.0
17	168	1.0
17	169	1.0
17	170	1.0
18	171	1.0
18	172	1.0
18	173	1.0
18	174	1.0
18	175	1.0
18	176	1.0
18	177	1.0
18	178	1.0
18	179	1.0
18	180	1.0
19	181	1.0
19	182	1.0
19	183	1.0
19	184	1.0
19	185	1.0
19	186	1.0
19	187	1.0
19	188	1.0
19	189	1.0
19	190	1.0
20	191	1.0
20	192	1.0
20	193	1.0
20	194	1.0
20	195	1.0
20	196	1.0
20	197	1.0
20	198	1.0
20	199	1.0
20	200	1.0
21	201	1.0
21	202	1.0
21	203	1.0
21	204	1.0
21	205	1.0
21	206	1.0
21	207	1.0
21	208	1.0
21	209	1.0
21	210	1.0
22	211	1.0
22	212	1.0
22	213	1.0
22	214	1.0
22	215	1.0
22	216	1.0
22	217	1.0
22	218	1.0
22	219	1.0
22	220	1.0
23	221	1.0
23	222	1.0
23	223	1.0
23	224	1.0
23	225	1.0
23	226	1.0
23	227	1.0
23	228	1.0
23	229	1.0
23	230	1.0
24	231	1.0
24	232	1.0
24	233	1.0
24	234	1.0
24	235	1.0
24	236	1.0
24	237	1.0
24	238	1.0
24	239	1.0
24	240	1.0
25	241	1.0
25	242	1.0
25	243	1.0
25	244	1.0
25	245	1.0
25	246	1.0
25	247	1.0
25	248	1.0
25	249	1.0
25	250	1.0
26	251	1.0
26	252	1.0
26	253	1.0
26	254	1.0
26	255	1.0
26	256	1.0
26	257	1.0
26	258	1.0
26	259	1.0
26	260	1.0
27	261	1.0
27	262	1.0
27	263	1.0
27	264	1.0
27	265	1.0
27	266	1.0
27	267	1.0
27	268	1.0
27	269	1.0
27	270	1.0
28	271	1.0
28	272	1.0
28	273	1.0
28	274	1.0
28	275	1.0
28	276	1.0
28	277	1.0
28	278	1.0
28	279	1.0
28	280	1.0
29	281	1.0
29	282	1.0
29	283	1.0
29	284	1.0
29	285	1.0
29	286	1.0
29	287	1.0
29	288	1.0
29	289	1.0
29	290	1.0
30	291	1.0
30	292	1.0
30	293	1.0
30	294	1.0
30	295	1.0
30	296	1.0
30	297	1.0
30	298	1.0
30	299	1.0
30	300	1.0
31	301	1.0
31	302	1.0
31	303	1.0
31	304	1.0
31	305	1.0
31	306	1.0
31	307	1.0
31	308	1.0
31	309	1.0
31	310	1.0
32	311	1.0
32	312	1.0
32	313	1.0
32	314	1.0
32	315	1.0
32	316	1.0
32	317	1.0
32	318	1.0
32	319	1.0
32	320	1.0
33	321	1.0
33	322	1.0
33	323	1.0
33	324	1.0
33	325	1.0
33	326	1.0
33	327	1.0
33	328	1.0
33	329	1.0
33	330	1.0
34	331	1.0
34	332	1.0
34	333	1.0
34	334	1.0
34	335	1.0
34	336	1.0
34	337	1.0
34	338	1.0
34	339	1.0
34	340	1.0
35	341	1.0
35	342	1.0
35	343	1.0
35	344	1.0
35	345	1.0
35	346	1.0
35	347	1.0
35	348	1.0
35	349	1.0
35	350	1.0
36	351	1.0
36	352	1.0
36	353	1.0
36	354	1.0
36	355	1.0
36	356	1.0
36	357	1.0
36	358	1.0
36	359	1.0
36	360	1.0
37	361	1.0
37	362	1.0
37	363	1.0
37	364	1.0
37	365	1.0
37	366	1.0
37	367	1.0
37	368	1.0
37	369	1.0
37	370	1.0
38	371	1.0
38	372	1.0
38	373	1.0
38	374	1.0
38	375	1.0
38	376	1.0
38	377	1.0
38	378	1.0
38	379	1.0
38	380	1.0
39	381	1.0
39	382	1.0
39	383	1.0
39	384	1.0
39	385	1.0
39	386	1.0
39	387	1.0
39	388	1.0
39	389	1.0
39	390	1.0
40	391	1.0
40	392	1.0
40	393	1.0
40	394	1.0
40	395	1.0
40	396	1.0
40	397	1.0
40	398	1.0
40	399	1.0
40	400	1.0
41	401	1.0
41	402	1.0
41	403	1.0
41	404	1.0
41	405	1.0
41	406	1.0
41	407	1.0
41	408	1.0
41	409	1.0
41	410	1.0
42	411	1.0
42	412	1.0
42	413	1.0
42	414	1.0
42	415	1.0
42	416	1.0
42	417	1.0
42	418	1.0
42	419	1.0
42	420	1.0
43	421	1.0
43	422	1.0
43	423	1.0
43	424	1.0
43	425	1.0
43	426	1.0
43	427	1.0
43	428	1.0
43	429	1.0
43	430	1.0
