14.66087120626289
14.664589761475609
25.75283955046288
11.094350780332046
19.26822810794335
19.26896302763551
3.5704104025832106
11.091672556519196
14.663138125897348
11.097406545289331
6.439745320640576
6.445719815063585
9.215891633069825
9.213742348892211
9.2175556348217
4.821662090828
2000.002613622695
9.216738627404135
2000.009483111027
6.445896119541888
6.439917584359754
2000.002870820254
4.821720352945931
2000.0000966984258
4.8201932027854975
2000.0025093688191
2000.0082088508839
2000.0082331914195
2.773504121491267
6.4451928560956935
2.3060416749137596
1.212539980452313
1.614207656866017
1.2075425276961265
1.6147477059511177
2.30421067867533
1.6138564846723045
2.3033119601784353
2.302735687124324
1000.0088949385453
2.306425963743918
2.3059559018748566
1000.0062932638265
1000.0019942044102
2.305274903918686
1000.006084079978
1000.0051795804602
1000.0061447695574
1000.005543220062
2.311031034906004
14.662343884592309
14.663121021647708
25.757274064036007
11.092341804147644
19.273494982128184
19.273014768279086
3.5769506558915745
11.098226547934367
14.660929280521936
11.092846056051036
6.444653186872317
6.445496970458737
9.21366554558302
9.212241905261406
9.219440799641838
4.817600660402472
2000.0063723842597
9.214276907616712
2000.004015795128
6.44455523849121
20.731800864729223
10.842196638525335
14.49056085606875
10.842332460642758
14.486241569381622
20.72390336396847
14.49249821832078
20.73058120060206
20.72556376745849
3000.003141523347
2.3031883574791205
2.311898491785631
1000.0015042877238
1000.0078629978765
2.3030149061622294
1000.00226058209
1000.0006100598588
1000.005679183152
1000.0005471519877
2.3047822117424417
3.673555182988495
3.666054400804418
6.443932608079107
2.7763781016273468
4.8229827757800106
4.823299201907821
0.8935657918286607
2.7783348926160794
3.6725877436004524
2.7768666262279664
1.6095054843603902
1.6185045517416519
2.3053989997391855
2.312414503953562
2.311986383567337
1.2114965216509936
1000.00649855991
2.308472394601925
1000.004212211017
1.6167306585734411
14.493823323289769
3000.008857779049
10.841627961649497
3000.0079442642323
10.841915245662316
3000.0023286314095
3000.0099781392887
3000.000173290303
6.2438639965046345
14.491634519846833
9.216444449890465
4.822466053803755
6.444455086518089
4.820767893374482
6.440997573599173
9.21087156952317
6.441867840135764
9.22002123158544
9.213853271968572
2000.0048728706263
1000.0096494794954
1000.0074762518118
2.303332230608006
1000.0063064569407
1000.0005929770464
1.6144433766565909
1000.0099546747063
2.3064602703026096
1000.0037072236581
1000.0009521903575
1000.0081279411489
1000.0096583674192
2.304644449297492
2.3041326176472907
1000.0069188237869
2.310363726149421
1000.0076977276352
1.6194350832965216
1000.0028926574785
1000.0034093798605
22.917147780155332
22.910060920544435
40.23759173859803
17.33559734954147
30.104837193177293
30.101385814188852
5.58649682933886
17.338224604396565
22.913097545389984
17.3307810804296
1.614475125026759
1.6155355444922306
2.3032478395164686
2.3123470994474107
2.3061982105888803
1.2109742708463385
1000.0000230164844
2.3058292335170356
1000.0008641705908
1.6162101684161618
20.723629229748262
10.836578078877428
14.494571157596539
10.844226097366013
14.486834936175658
20.72475591555126
14.492987364232453
20.727294751238254
20.725123763030172
3000.0023097335848
1000.008888486437
1000.0084495048116
2.3105964915542443
2.3057432316840356
1000.0005484031453
2.304460345020958
1000.0058503934462
1.617521698104755
1000.0099919442036
1000.0072372383487
8.249685545517357
8.250557699858758
14.486688247995113
6.241105558583285
10.840444638957255
10.836961024106
2.014223364829762
6.246481958775674
8.249391189491517
6.2472143264892
1.6121073909136032
1.6194103450353872
2.3079059444923278
2.307916461996874
2.3124295650990505
1.2116423653166744
1000.0099726797843
2.311947484134566
1000.0060643984489
1.612896102291376
14.49445745745761
3000.00169982159
10.83674004848695
3000.0006574149593
10.843522821003473
3000.0048561463072
3000.0006727899004
3000.0032286496407
6.244789282923008
14.485795974652895
9.216882575119689
4.821455196443972
6.4437078568911135
4.825887047102462
6.440396316129144
9.215990642006028
6.4429812774347175
9.21099205967495
9.217832664522286
2000.0066400265832
2.312104933724194
2.312177323993148
1000.0034987003868
1000.0015039869782
2.3097174468489254
1000.0046964565281
1000.0091530899656
1000.0030253266513
1000.0005241967041
2.309686211698238
8.25316590275476
8.253263822904781
14.485523007658044
6.246100086803361
10.845337429220223
10.842621845102263
2.015448583369112
6.242644343309312
8.252822972344966
6.247116625284524
14.48834517727865
14.492352608020576
20.72477673328467
20.728499786518384
20.729489374973948
10.838443225915515
3000.007065548179
20.729606000261832
3000.000212752549
14.488082061297035
2.3085303754362294
1.2069984108889873
1.6173435697951508
1.213040451004917
1.6116420728275458
2.310400729124289
1.6142865430233102
2.310176535081575
2.3107161444819093
1000.006617664533
2000.0040111395303
2000.0012792030857
9.212938779351038
2000.0027816274403
2000.0004267173408
6.443746409086207
2000.0090286419506
9.210814405949582
2000.0035822334219
2000.001344628667
1000.0020715165938
1000.0078077777453
2.3046301284395283
2.3057887388602096
1000.0079610495619
2.3040207899194627
1000.00209038896
1.6161456273294492
1000.0046844718071
1000.003404704557
58.652286677901685
58.65245534417078
103.00863132529729
44.369340369491404
77.05729281596166
77.05658162948201
14.285179858112333
44.361843045784624
58.64391278393601
44.36311216617979
9.211339894334925
4.819681481187957
6.440990813098629
4.8248629203786155
6.443842623023047
9.21725629162079
6.446550012613531
9.219199450247833
9.217031894440064
2000.0090174752256
22.91286238166136
22.912865075956464
40.2367502472502
17.33754014699481
30.100952939169318
30.103226323899896
5.581348040209614
17.330714352730308
22.91287009749743
17.334788070441245
1.6174636896381795
1.610283082938483
2.308519296680196
2.3031003261133285
2.305378167923868
1.2048003722663978
1000.0004533040435
2.306008620018257
1000.0085775469328
1.6145166400199713
2.3114984788543484
1.2107264550037529
1.6110105227958875
1.2065851886264964
1.6113956894054156
2.308707324225206
1.6108854857944732
2.3123430439084256
2.3038154583414245
1000.0095862934223
1000.0045378534265
1000.004272087617
2.30967631062618
1000.0055841672062
1000.0019250130005
1.609699697341823
1000.0023201802209
2.3123057772303985
1000.0037733722005
1000.0082958755409
2000.0024841256397
2000.0039419420473
9.217813644751777
9.21948011146657
2000.0062224985588
9.21872216643531
2000.0086356494871
6.439192991506242
2000.0016080955274
2000.0057071613007
14.661432537228439
14.6640348358294
25.75896271323358
11.090482784326205
19.265265497176237
19.269412399401578
3.5762629240575583
11.098776013865836
14.662545642810297
11.100293955280073
40.23891577260871
5000.00829208457
30.10251791082814
5000.004835825802
30.10339448960014
5000.000174933194
5000.003860452096
5000.002960709564
17.333391204395948
40.238135610288246
2.3121631296218537
1.2120689047464195
1.6139490379604728
1.2083463386981368
1.6182203857639434
2.31135280363707
1.6173258346991217
2.3101994076841286
2.3069928746600215
1000.0035257931903
22.909116196366767
22.911825111242862
40.23964889886799
17.33565396739526
30.106687361826854
30.104176454885863
5.580815834128517
17.33409481651042
22.9139878711189
17.333340367493033
6.445967358257051
6.4465393300837865
9.21570784374899
9.211015672823356
9.218882450134114
4.81710871121788
2000.0038560901023
9.212913094224367
2000.0082887577241
6.443692169797453
6.439654163325029
2000.0034820733663
4.8175330778769965
2000.0016330232877
4.820232856772112
2000.007298206259
2000.0030853337348
2000.0062316025226
2.7786305336816537
6.4409906154873955
2.306930571162686
2.3038192266540634
1000.0008830736082
1000.0026235877084
2.3069091401565958
1000.0041587707497
1000.0080401064519
1000.0002163263949
1000.0064183648356
2.311930124376433
25.007417599037563
25.002618683841188
25.00002065042627
25.00761309678322
25.004838744582205
25.00919925116933
25.00075311044805
25.003421093971536
25.006797502605593
25.006821201096443
25.00704444445941
25.004118161151123
25.004022022346437
25.00824079522398
25.009025930905278
25.009641739788336
25.00287857635752
25.005463480846345
25.009405046133015
25.002585769971468
25.003732517028322
25.003573020370744
25.00496935628456
25.007948515784793
25.00578316952066
25.007590108973673
25.001679972889878
25.009066773987975
25.00860245051634
25.004770457094082
25.005933002173954
25.0012528801665
25.001632406759462
25.007418322025323
25.00949905815627
25.007473198888366
25.004234748923988
25.006769996869544
25.005895053102197
25.001041544725393
25.00053585135609
25.00679277461477
25.001499112815004
25.008748254009685
25.005273577062386
25.007848424374945
25.005588615905314
25.00410538175395
25.009127678282937
25.0040862298034
25.00966298411578
25.00446077837581
25.004603414612617
25.005159156781684
25.00790700210091
25.007618549808427
25.006438419041192
25.00239773437689
25.007457078190363
25.003300687519975
25.0037157349222
25.00192974572805
25.009252004040796
25.002294403059256
25.004391338388952
25.002399842162152
25.00768140597012
25.001451984731453
25.00678234708914
25.00292171221668
25.00998922696767
25.00584474393751
25.006712510123
25.007686447524527
25.004446215916815
25.00031989682651
25.003474467398917
25.007254269963557
25.00967453884086
25.001468983741038
25.002543648535852
25.002972791669226
25.00618927671682
25.007588699945362
25.008066581001334
25.000193505130937
25.005215700727327
25.0085997735169
25.0035467636809
25.007999205153304
25.00914787208315
25.000086795251732
25.00486415341053
25.008008571622437
25.002633241038573
25.005631666083882
25.005789699674853
25.002490146773468
25.00319956925083
25.00943559891922
40.00249426083633
40.00249646547684
40.005584634696
40.0068593730764
40.000201617837334
40.000020104545676
40.00448582398054
40.003958806802565
40.00209819498133
40.00427694104056
