1 -0.182955 -0.0472833
1 -0.151136 -0.0394075
2 -0.532193 -0.390232
2 -0.69888 -0.0128301
0 -0.623857 0.606015
1 -0.360288 -0.240279
3 0.737914 -0.0704962
0 -0.578859 0.733332
1 -0.191285 -0.0362324
2 -0.800829 -0.114725
2 -0.541568 0.0731281
3 0.75419 0.129443
1 -0.3207 -0.197453
0 -0.563647 0.746396
0 -0.373258 0.747285
1 0.336735 -0.898586
0 -0.579708 0.890304
2 -0.871649 -0.0816609
0 -0.660723 0.694812
2 -0.620882 -0.116003
1 -0.189077 -0.322419
3 0.754627 -0.0505773
3 0.705169 -0.144559
0 -0.59766 0.683728
0 -0.546096 0.81211
3 0.637728 0.0840558
1 -0.282216 -0.423261
0 -0.525929 0.715451
0 -0.474382 0.857973
2 -0.779617 -0.247669
1 -0.00639953 0.0274302
0 -0.452922 0.533393
3 0.660508 -0.190284
1 -0.13048 -0.146314
2 -0.756855 -0.0600261
1 -0.225652 -0.12149
0 -0.403039 0.688229
0 -0.693845 0.867037
0 -0.686767 0.618482
3 0.840749 -0.325951
0 -0.478799 0.691831
3 0.652718 -0.275863
1 -0.25258 -0.294401
0 -0.871576 0.651303
1 0.0597366 -0.129903
0 -0.667915 0.879288
0 -0.506895 0.638172
1 -0.137301 -0.477667
1 0.310391 -0.47754
2 -0.61425 0.042358
2 -0.853516 -0.0293069
0 -0.472349 0.706133
1 0.00881829 -0.351684
0 -0.651916 0.803637
3 0.780263 -0.116519
0 -0.573468 0.695342
2 -0.526418 -0.190037
1 -0.285455 -0.0803558
3 0.780705 0.0690058
1 -0.0542566 -0.175117
1 -0.0402876 -0.150422
2 -0.643021 0.0106931
0 -0.472188 0.645421
3 0.325956 -0.0474886
0 -0.389596 0.604067
3 0.781881 0.0521388
0 -0.491998 0.646676
1 0.053219 -0.231262
2 -0.551232 -0.0650672
0 -0.558899 0.535503
2 -0.72261 -0.132691
2 -0.577477 -0.179341
1 -0.254582 -0.682864
3 0.430469 0.0927419
3 0.589407 -0.150916
1 -0.18389 -0.514019
3 0.849998 0.0633734
0 -0.496413 0.456231
3 0.641957 0.00451926
0 -0.746033 0.713701
1 -0.0209268 -0.169867
2 -0.446624 -0.183809
3 0.772009 -0.122777
0 -0.75551 0.885555
3 0.617378 -0.035549
2 -0.7335 -0.170302
3 0.600854 0.0636512
3 0.97583 -0.00741883
0 -0.400603 0.580026
2 -0.820782 -0.368528
0 -0.577609 0.799655
2 -0.460876 0.0295707
0 -0.795594 0.761209
0 -0.69318 0.89924
2 -0.851834 0.0625945
1 0.0207299 -0.0156139
0 -0.541499 0.667821
1 -0.0492658 -0.381708
1 0.386336 -0.673466
2 -0.54588 -0.186703
0 -0.573444 0.499865
2 -0.657168 -0.238241
1 -0.219634 -0.148063
2 -0.769795 -0.0600031
2 -0.51019 -0.232025
0 -0.478637 0.882167
2 -0.72156 -0.0209804
1 -0.234279 0.0516938
0 -0.461708 0.492974
3 0.712198 -0.123436
0 -0.633786 0.655503
0 -0.644118 0.883149
0 -0.242222 0.819543
2 -0.609409 -0.165707
2 -0.646942 -0.00413672
0 -0.526548 0.748724
2 -0.669555 -0.0490214
0 -0.638575 0.773035
1 -0.205965 -0.27907
0 -0.496028 0.778711
2 -0.792186 -0.178779
2 -0.568554 -0.134191
0 -0.480388 0.607978
1 -0.0524188 -0.227358
3 0.599423 0.564431
0 -0.60242 0.767994
0 -0.754985 0.770519
2 -0.640957 -0.166076
1 -0.228031 0.0909812
0 -0.348179 0.787868
1 -0.0843486 -0.250167
1 -0.467928 -0.724137
3 0.769728 0.0662454
3 0.660141 -0.128654
2 -0.55422 -0.741853
3 0.838397 0.03003
2 -0.758454 -0.0824337
2 -0.562225 0.0227859
1 -0.227948 -0.195635
3 0.551873 0.0697657
1 -0.21665 -0.264788
0 -0.670503 0.362242
3 0.625506 0.11626
3 0.68268 -0.0500123
1 -0.203092 -0.280014
3 0.630947 -0.179997
1 -0.211385 0.00560099
2 -0.770511 -0.677954
1 -0.0373475 -0.425762
2 -0.595552 -0.0830286
0 -0.65148 0.685644
1 -0.208886 -0.17887
1 -0.0630034 -0.148984
2 -0.438336 -0.249471
1 -0.294076 -0.24126
3 0.713275 -0.061609
2 -0.700958 -0.280831
2 -0.681728 -0.0940456
0 -0.717874 0.455602
1 -0.162215 -0.362229
0 -0.383599 0.810272
3 0.735237 -0.626575
0 -0.450663 0.423331
3 0.790041 -0.0902651
0 -0.723312 0.733302
0 -0.465301 0.590839
0 -0.402952 0.68218
2 -0.584044 -0.31511
3 0.885974 0.0827486
3 0.751188 0.242815
3 0.594742 0.0714861
0 0.0552742 0.76304
2 -0.540104 -0.0746404
3 0.474509 0.400937
0 -0.378255 0.544617
0 -0.472119 0.760217
2 -0.427929 -0.309786
3 0.724676 -0.0946572
1 0.07246 -0.290344
1 -0.151867 -0.240781
2 -0.531785 -0.21811
1 -0.208382 -0.161194
0 -0.736317 0.692219
0 -0.50822 0.709409
1 0.180775 -0.828683
0 -0.654393 0.832798
1 -0.300324 -0.297632
1 -0.194861 -0.491156
2 -0.6307 0.0169145
2 -0.705476 -0.321083
3 0.6167 -0.232117
1 -0.239636 -0.222621
1 -0.0618929 -0.358425
3 0.883517 -0.167596
1 -0.194052 -0.0928817
2 -0.487156 -0.0990321
0 -0.521175 0.678579
2 -0.74618 -0.283401
1 -0.126531 -0.154553
0 -0.488613 0.571088
1 -0.268536 -0.336733
3 0.850356 -0.17803
2 -0.827967 -0.0986282
2 -0.684424 -0.082211
0 -0.558284 0.672349
2 -0.407941 -0.171994
0 -0.707871 0.618369
0 -0.691075 0.728662
1 -0.346735 -0.121599
3 0.663445 0.219256
2 -0.676579 -0.0966818
3 0.700167 -0.204934
1 -0.267641 -0.0941522
3 0.781051 0.0330987
3 0.753255 -0.179771
0 -0.609739 0.635275
0 -0.733876 0.32003
2 -0.638831 -0.142682
3 0.68343 0.0367299
0 -0.789877 0.637926
2 -0.548882 -0.298782
0 -0.382012 0.670421
0 -0.603406 0.707834
2 -0.768089 0.00754694
2 -0.675911 -0.190061
0 -0.667883 0.58984
3 0.646052 -0.772194
3 0.269141 0.276675
0 -0.447964 0.696561
1 -0.0612151 -0.0468642
2 -0.771946 -0.093122
1 -0.255854 -0.17236
1 -0.257219 -0.135462
2 -0.708082 -0.0199776
1 -0.256141 -0.470285
0 -0.477487 0.544652
2 -0.713822 -0.0311646
2 -0.784317 -0.0378484
3 0.610196 0.026054
2 -0.599666 -0.0989286
1 -0.188997 -0.0708296
2 -0.494117 0.107356
3 0.677213 0.151239
3 0.614663 -0.0382928
2 -0.752161 -0.145769
1 -0.14201 -0.0890535
2 -0.740006 -0.0568542
2 -0.755562 -0.0672892
1 -0.0457295 -0.154296
1 -0.253261 -0.351129
0 -0.363127 0.800992
3 0.887017 0.000871225
2 -0.645997 0.192034
3 0.628715 -0.164858
3 0.69905 -0.018729
3 0.73563 0.186626
2 -0.784008 -0.220959
2 -0.446917 0.0367223
2 -0.741802 -0.212874
3 0.599435 -0.0456684
0 -0.601687 0.792598
1 -0.317469 0.0280499
3 0.847197 -0.128523
0 -0.480666 0.708143
2 -0.497094 -0.13175
3 0.771759 0.0340482
2 -0.724688 0.0543662
1 0.356199 -0.674601
1 -0.206047 -0.156192
0 -0.681082 0.812309
3 0.727625 -0.0662945
3 0.711434 0.138414
0 -0.512364 0.802738
2 -0.793447 0.0305139
0 -0.644812 0.675721
0 -0.545096 0.844472
3 0.7904 -0.0219877
2 -0.633317 0.109701
3 0.503195 -0.0904392
0 -0.460609 0.748083
0 -0.622468 0.5919
2 -0.454286 0.0410606
2 -0.547594 -0.0264431
0 -0.675248 0.551351
0 -0.0838906 0.636345
3 0.608349 -0.353271
1 -0.0643267 -0.159981
2 -0.525549 -0.102504
3 0.79394 -0.123851
0 -0.720367 0.838018
0 -0.527434 0.621514
3 0.743114 0.0047902
3 0.619516 0.122704
0 -0.376017 0.766258
2 -0.557103 -0.166358
1 -0.00981587 -0.260858
2 -0.508304 -0.270118
0 -0.383084 0.688244
0 -0.61398 0.74653
1 -0.246092 0.115531
1 -0.158811 -0.823198
0 -0.54735 0.708496
0 -0.623884 0.539547
0 -0.423551 0.60101
0 -0.669876 0.769834
2 -0.522929 -0.291346
3 0.642072 0.0684633
1 -0.0369585 -0.223996
3 0.620153 0.100504
2 -0.568757 -0.278994
1 -0.149376 -0.197699
3 0.715403 -0.0278697
0 -0.615079 0.833669
2 -0.613822 -0.090144
2 -0.392779 -0.0163605
2 -0.60225 -0.0935535
3 0.796438 0.0227815
0 -0.364385 0.79153
2 -0.845229 -0.0748277
2 -0.586519 -0.331353
0 -0.501865 0.767292
1 -0.223316 -0.830972
2 -0.804892 -0.0642901
1 -0.101369 -0.299305
0 -0.496414 0.716017
2 -0.61272 -0.282197
1 -0.211694 -0.202563
1 -0.318146 -0.109034
0 -0.67239 0.628134
3 0.502242 -0.204667
1 -0.212766 -0.106311
1 -0.0691921 -0.290541
2 -0.849008 -0.231041
2 -0.707886 0.0413443
1 -0.118442 -0.268237
1 0.381299 -0.48921
0 -0.618808 0.749964
1 0.0402197 -0.206784
2 -0.634046 -0.161559
0 -0.657679 0.605646
2 -0.518522 -0.362913
0 -0.601214 0.531542
1 -0.174778 -0.24313
0 -0.521125 0.718011
0 -0.648821 0.585786
0 -0.619402 0.635577
2 -0.754396 -0.229886
0 -0.566033 0.822059
1 0.409334 -0.634059
1 -0.127832 -0.288111
3 0.720842 0.0685784
3 0.850314 -0.151791
3 0.654143 0.141479
1 -0.0863819 -0.31689
1 -0.233772 -0.286557
0 -0.490562 0.663143
3 0.818075 -0.0921073
3 0.539254 -0.172992
1 -0.193243 -0.0530344
3 0.690114 -0.0780528
3 0.623312 -0.0968469
2 -0.834879 -0.208122
3 0.62709 -0.217508
3 0.8531 -0.358922
3 0.548409 -0.121527
0 -0.526904 0.631381
1 -0.138721 -0.179929
1 -0.144749 -0.085346
0 -0.666011 0.456391
0 -0.611805 0.7758
2 -0.728978 -0.24097
0 -0.672919 0.635133
3 0.676675 -0.0459532
2 -0.818249 -0.224607
0 -0.336593 0.504592
1 0.0838297 -0.525022
0 -0.531799 0.440498
1 -0.293848 -0.493218
1 -0.0929124 -0.121308
3 0.631682 -0.109875
0 -0.760915 0.609541
2 -0.712274 -0.0152999
2 -0.698524 -0.188503
2 -0.465049 -0.0713204
3 0.445962 0.156552
2 -0.556887 -0.342665
3 0.538326 0.153424
0 -0.499751 0.552329
3 0.593351 -0.184251
3 0.810524 -0.0779819
1 -0.213628 -0.232716
0 -0.815402 0.594824
2 -0.755196 -0.316913
0 -0.554597 0.636586
1 0.0240473 -0.0484619
2 -0.697193 -0.0988174
1 -0.245047 -0.760925
3 0.893127 -0.0872327
1 -0.263771 0.027521
2 -0.800134 -0.171864
3 0.812833 -0.0310204
1 0.303679 -0.582149
3 0.528622 0.127164
3 0.759836 -0.133874
0 -0.522044 0.961887
0 -0.685296 0.829121
2 -0.377479 -0.11163
2 -0.659531 -0.0515397
2 -0.479338 -0.0538519
2 -0.565812 0.00319509
2 -0.671969 -0.30226
0 -0.690779 0.468545
2 -0.433447 0.00219694
1 0.0281164 -0.321609
3 0.60337 0.0844001
2 -0.647905 -0.148742
0 -0.643254 0.652935
2 -0.814319 -0.197017
3 0.693491 0.182151
1 -0.235236 -0.00334646
3 0.779173 -0.221473
0 -0.51799 0.791193
0 -0.543211 0.745604
3 0.71748 -0.0332129
3 0.804526 -0.0454578
2 -0.532631 -0.254658
0 -0.572876 0.636307
2 -0.616592 -0.0767354
0 -0.733312 0.713901
2 -0.67344 0.0483624
2 -0.651479 0.0843514
0 -0.625999 0.803664
3 0.786809 0.00442772
0 -0.379716 0.415404
0 -0.683685 0.599645
0 -0.143659 0.875925
0 -0.509607 0.721967
3 0.759992 -0.134504
1 -0.115897 -0.203345
2 -0.484448 -0.181535
0 -0.453308 0.615618
2 -0.584224 -0.282413
2 -0.448199 -0.326311
0 -0.712046 0.650439
0 -0.584676 0.723644
0 -0.56787 0.545961
2 -0.672384 0.0304987
0 -0.39097 0.429571
3 0.424606 0.127717
2 -0.87235 -0.151208
3 0.646763 -0.113723
1 -0.310769 -0.339426
1 -0.128037 0.0398538
3 0.787328 0.398784
3 0.832693 -0.0777529
0 -0.468625 0.637654
3 0.787848 -0.0443754
1 -0.546331 -0.99025
3 0.613243 -0.23725
2 -0.687916 -0.0623577
0 -0.605628 0.776705
1 0.341031 -0.381217
3 0.65022 -0.0827478
1 -0.194296 -0.0531958
1 -0.207962 -0.11305
3 0.670901 -0.0473531
3 0.75487 -0.0483622
1 -0.0145254 -0.238318
1 -0.0921875 -0.296569
1 -0.267241 -0.357829
3 0.658706 -0.33029
1 -0.279466 -0.61268
2 -0.567134 -0.0697708
1 -0.0737951 -0.310211
3 0.828289 0.15998
3 0.835846 -0.0134089
2 -0.661778 -0.833784
3 0.473222 0.0250183
1 -0.25733 0.0747606
0 -0.626899 0.757688
3 0.638102 -0.0517082
1 -0.211192 -0.209564
3 0.473124 0.208555
3 0.902784 -0.258397
3 0.802081 0.128205
0 -0.593609 0.923615
3 0.501881 0.0517758
3 0.783004 -0.028042
3 0.705723 0.103449
2 -0.616587 -0.121613
0 -0.307158 0.724313
2 -0.683813 -0.135363
3 0.746813 -0.108608
2 -0.827365 -0.26057
0 -0.538157 0.789765
1 -0.12587 -0.774793
3 0.79161 0.101677
3 0.822699 -0.0779588
0 -0.589402 0.575251
0 -0.445559 0.676845
0 -0.790175 0.679569
2 -0.769682 -0.0184669
0 -0.697716 0.560308
2 -0.767114 0.00235402
2 -0.656263 -0.128249
2 -0.753551 -0.135838
3 0.737561 -0.0212359
3 0.565687 -0.043941
3 0.866412 -0.0803554
0 -0.651685 0.685163
3 0.734781 0.047562
1 -0.188935 -0.0801019
1 -0.148386 -0.327926
1 -0.164105 -0.238818
1 0.277142 -0.285592
1 -0.142911 -0.196258
3 0.86359 0.0119941
3 0.648138 0.0688325
0 -0.73582 0.615035
3 0.791617 0.0229927
0 -0.483966 0.637571
2 -0.73976 -0.0861664
3 0.725407 0.00868257
1 0.0607304 -0.50618
3 0.872267 0.121022
3 0.645995 -0.136723
2 -0.572498 -0.310976
2 -0.569296 -0.0665487
2 -0.666359 -0.0287686
0 -0.520037 0.661345
0 -0.618452 0.577601
1 -0.260523 -0.518372
1 -0.252077 -0.269191
3 0.64961 0.155821
3 0.534358 0.11881
1 -0.122332 -0.164694
3 0.643811 -0.15058
1 -0.175931 -0.290706
0 -0.827222 0.69453
1 -0.158732 -0.352013
0 -0.5187 0.776553
1 -0.248109 -0.159262
0 -0.587835 0.84385
0 -0.618034 0.824229
1 -0.314141 -0.20394
2 -0.753787 -0.148833
3 0.930781 -0.100341
0 -0.447311 0.65974
2 -0.717771 -0.179477
0 -0.565379 0.653571
2 -0.653414 -0.156069
0 -0.384907 0.488137
2 -0.568664 -0.104887
1 -0.193294 -0.325047
3 0.89619 -0.0405296
2 -0.712891 -0.0764986
0 -0.415913 0.649699
3 0.899985 0.0535584
2 -0.58386 -0.196541
1 -0.1692 -0.271461
3 1 -0.444758
2 -0.532918 -0.0883327
2 -0.975272 -0.320986
2 -0.481609 -0.0694464
3 0.616716 -0.0152174
2 -0.600614 -0.133165
0 -0.84322 0.337793
2 -0.787036 0.0577066
0 -0.595733 0.577802
3 0.664968 -0.0939315
3 0.866634 -0.0591029
0 -0.642342 0.882057
1 -0.1294 -0.298379
1 0.00916132 -0.471079
1 -0.170479 -1
3 0.904117 -0.0147087
2 -0.740242 -0.190278
2 -0.472141 -0.166497
3 0.836402 0.07676
2 -0.504564 -0.377043
0 -0.658197 0.715841
0 -0.667061 1
3 0.614633 0.117945
2 -0.665954 -0.250243
1 -0.314076 -0.123979
0 -0.61103 0.79679
3 0.670418 0.0173155
3 0.738119 0.105948
1 -0.114115 -0.0921479
1 -0.328241 -0.399413
1 0.000948906 -0.0489676
0 -0.722644 0.620213
1 -0.35145 -0.108256
0 -0.56633 0.576198
3 0.77283 -0.061909
0 -0.608797 0.691976
1 -0.19074 -0.521084
0 -0.0463348 0.390225
1 -0.342912 -0.130658
2 -0.41888 -0.14906
2 -0.457125 -0.294458
1 -0.0294717 -0.526012
3 0.667908 0.0481021
3 0.787123 0.14342
3 0.535851 -0.0279772
0 -0.418658 0.71426
3 0.49896 0.0130328
0 -0.604274 0.538374
3 0.982647 0.135784
2 -0.685112 -0.255689
1 -0.160698 -0.213067
1 -0.183771 -0.396131
3 0.678402 0.101346
2 -0.534678 -0.0890428
2 -0.61515 0.0878397
1 -0.323967 -0.275182
2 -0.543555 -0.395224
2 -0.752454 -0.0851576
1 -0.261419 -0.229468
3 0.594731 0.0921875
2 -0.622608 -0.0958439
1 -0.171085 -0.235351
1 -0.290761 -0.169064
2 -0.724097 -0.209068
2 -0.705304 -0.0102806
2 -0.781556 0.00985287
1 -0.204375 -0.119976
3 0.564423 -0.0107813
0 -0.653058 0.679862
3 0.918264 0.541472
0 -0.216139 0.668763
0 -0.772294 0.55773
2 -0.657789 -0.107201
3 0.799876 -0.109836
1 -0.211943 -0.248697
2 -0.645595 -0.171975
1 -0.057535 -0.206824
1 0.17675 -0.582851
3 0.526502 0.224948
0 -0.508365 0.692985
3 0.692254 -0.126915
0 -0.648817 0.613133
3 0.769021 0.0150352
1 -0.351291 -0.350474
3 0.919182 0.047458
0 -0.616745 0.567784
1 -0.234268 -0.0478645
3 0.87 0.225831
3 0.518442 -0.223841
3 0.76884 0.0675835
3 0.707056 0.0892632
3 0.625591 -0.1414
0 -0.648527 0.609003
1 -0.166546 -0.280381
1 -0.073993 -0.27498
0 -0.500367 0.678462
2 -0.650724 -0.33753
2 -0.640501 -0.122627
2 -0.591479 -0.181014
2 -0.376853 -0.102657
1 -0.288352 -0.32249
1 -0.0466582 -0.186555
3 0.739502 0.0174313
1 -0.209415 -0.100826
1 -0.254671 -0.257254
1 -0.0206569 -0.380322
1 0.0304421 -0.334005
0 -0.709617 0.527414
3 0.734389 0.100424
1 0.0218131 -0.169706
3 0.598618 0.0195003
0 -0.654801 0.831954
3 0.713073 0.0787902
1 -0.210755 -0.197312
0 -0.746847 0.757361
2 -0.605121 -0.158187
3 0.615869 0.0802874
3 0.896451 -0.400048
1 -0.303456 -0.131137
1 0.319989 -0.494036
1 0.0319784 -0.217299
2 -0.41347 -0.073527
1 -0.313286 -0.068941
2 -0.6496 -0.110492
3 0.682997 -0.321754
3 0.684602 -0.178657
0 -0.724153 0.594942
1 -0.0885166 -0.215602
2 -0.740961 0.0519813
2 -0.619163 -0.264908
0 -0.582244 0.661464
0 -0.488819 0.760352
1 -0.0592899 -0.279658
0 -0.655506 0.809298
2 -0.778148 -0.229791
3 0.699523 0.0742346
3 0.447776 -0.0743917
0 -0.578552 0.722129
3 0.696932 -0.114679
2 -1 -0.503819
2 -0.684541 -0.0823925
1 -0.256255 -0.0927615
2 -0.630088 -0.675397
3 0.797428 0.860095
3 0.807771 -0.0323142
2 -0.600846 -0.311872
3 0.688789 0.00330159
3 0.768156 -0.291422
0 -0.550227 0.731042
2 -0.77473 -0.124233
1 0.0209581 -0.127003
2 -0.551365 -0.121795
0 -0.655559 0.556308
0 -0.482246 0.461009
2 -0.808764 -0.0818612
0 -0.469821 0.719676
3 0.732369 -0.00986712
2 -0.597353 -0.270247
2 -0.685669 0.122619
0 -0.275543 0.582834
1 -0.0334458 -0.241561
0 -0.39138 0.687568
0 -0.451115 0.801407
1 -0.0754798 -0.273657
2 -0.85382 -0.222482
2 -0.542566 -0.173028
3 0.687674 -0.123594
3 0.836699 0.0141876
0 0.0901052 0.709711
2 -0.544688 0.0145474
3 0.781679 0.180769
1 -0.0488078 -0.182893
3 0.929307 -0.0343666
3 0.969085 -0.170929
0 -0.509438 0.710835
1 -0.14601 -0.200083
2 -0.517703 0.125387
1 -0.116475 -0.178054
0 -0.698904 0.533643
2 -0.877945 0.00288806
1 -0.290889 -0.0783884
3 0.590374 0.0526505
0 -0.432209 0.792827
1 -0.13982 -0.178583
3 0.763675 -0.0401211
3 0.721453 -0.128764
2 -0.35876 -0.0703581
2 -0.696066 -0.0244518
3 0.510352 0.0495969
3 0.710022 -0.0283639
1 -0.0714683 -0.386127
0 -0.730698 0.373565
3 0.500102 -0.0102145
2 -0.640727 0.067251
1 -0.279905 -0.101402
3 0.639316 -0.00158371
1 -0.241205 -0.0653426
2 -0.620277 0.0120108
3 0.618877 -0.150091
3 0.661913 -0.257215
0 -0.600656 0.739219
0 -0.811997 0.80768
3 0.961931 0.141337
2 -0.678402 -0.0142301
3 0.657185 -0.0339282
1 -0.268737 -0.14456
1 -0.162785 0.0134474
2 -0.602562 -0.0664203
3 0.660741 -0.22457
1 -0.0195954 -0.190083
1 -0.275387 -0.320188
0 -0.143186 0.381185
1 -0.130331 -0.363145
3 0.612822 -0.11751
3 0.648292 -0.171167
2 -0.734128 0.0780304
0 -0.58305 0.519299
1 0.0413498 -0.682555
1 -0.027921 -0.495807
1 -0.0636478 -0.207546
3 0.489752 0.0476717
0 -0.556101 0.86658
3 0.72395 0.0639255
3 0.842932 -0.09108
1 -0.152098 -0.323651
0 -0.594217 0.739748
3 0.822853 0.125104
3 0.538743 0.0400536
2 -0.906426 0.00954287
0 -0.613999 0.614837
0 -0.598132 0.971512
0 -0.562014 0.772868
2 -0.690432 -0.138947
2 -0.506622 -0.0592065
3 0.720118 -0.139283
2 -0.582942 -0.147196
3 0.815767 -0.209309
0 -0.558766 0.759696
0 -0.574943 0.549184
0 -0.294644 0.294373
0 -0.620582 0.61949
2 -0.701746 -0.196755
3 0.583487 0.094942
3 0.687359 0.0285916
3 0.557208 0.269663
3 0.73093 -0.352853
1 -0.311125 -0.190725
3 0.573621 -0.0627069
2 -0.713982 -0.191671
2 -0.589232 0.196049
3 0.8274 0.0246949
0 -0.76532 0.362962
2 -0.720257 -0.0568182
3 0.632618 0.193726
2 -0.705332 -0.0997625
1 -0.238062 -0.251391
3 0.59435 -0.0161381
1 -0.0183679 -0.0726501
3 0.56767 0.13784
2 -0.790484 -0.0882915
3 0.634152 0.0943436
2 -0.665063 -0.271703
3 0.638504 0.102108
1 0.0756226 -0.193023
3 0.777282 -0.0450138
0 -0.496868 0.835106
0 -0.493868 0.761383
0 -0.483019 0.672139
3 0.565455 -0.288351
2 -0.68956 -0.252913
1 -0.00336214 -0.0944352
3 0.583354 0.13355
1 -0.159423 -0.288879
2 -0.736158 0.0169977
3 0.899047 0.158934
1 -0.247798 -0.294998
1 -0.0292843 -0.140244
2 -0.617899 -0.119645
0 -0.556989 0.566231
2 -0.757578 -0.156387
0 -0.453902 0.550116
1 -0.0322287 -0.119302
1 -0.21174 -0.20113
1 -0.145554 -0.245295
0 -0.552879 0.765461
3 0.780325 -0.0984654
2 -0.76428 -0.147388
1 -0.0266051 -0.202444
3 0.506248 -0.261438
2 -0.617663 -0.0624018
1 0.216788 -0.362924
3 0.74689 0.0577241
3 0.399635 0.772344
1 -0.156311 -0.21264
2 -0.516299 -0.134229
1 -0.129517 -0.132304
2 -0.657151 -0.197382
2 -0.759096 0.00484137
0 -0.556121 0.776494
1 -0.126016 -0.159858
3 0.92136 0.541121
3 0.560272 -0.113074
3 0.528871 -0.168605
0 -0.435759 0.257682
2 -0.775589 -0.261091
3 0.752844 -0.822765
1 -0.103072 -0.255175
2 -0.966928 -0.334479
3 0.783829 0.104502
0 -0.620968 0.757196
3 0.816818 -0.210156
2 -0.748123 -0.0880633
3 0.677271 -0.0743549
1 -0.0777652 -0.0973295
1 0.0935185 -0.195797
3 0.891098 0.144298
0 -0.560452 0.778634
1 -0.242638 -0.258113
1 -0.0978975 -0.432227
2 -0.496742 -0.0824654
2 -0.667988 -0.104047
3 0.71957 0.0212035
1 -0.0634476 -0.185297
1 -0.118914 -0.31045
2 -0.747988 -0.0251282
2 -0.502891 0.0728657
3 0.707417 0.0380063
2 -0.687204 -0.328086
0 -0.727195 0.617805
1 -0.0969849 -0.180706
1 -0.392632 -0.25242
3 0.640713 -0.204183
1 -0.0586743 -0.203976
2 -0.725514 -0.157725
3 0.656178 -0.0362514
0 -0.617743 0.864696
1 -0.0970942 -0.245028
2 -0.49411 -0.103455
0 -0.730099 0.675868
2 -0.605285 -0.133124
0 -0.551048 0.701398
3 0.594553 -0.00234523
3 0.609038 0.159098
2 -0.811891 0.0277396
1 -0.403044 -0.911087
1 -0.0413682 -0.232394
2 -0.759715 -0.131467
3 0.818099 -0.216125
2 -0.654048 -0.146022
0 -0.369415 0.667708
0 -0.602325 0.561702
0 -0.570052 0.555322
2 -0.594561 -0.0451813
0 -0.576098 0.621408
2 -0.531268 -0.0126082
0 -0.597014 0.702233
2 -0.495592 -0.1804
3 0.649298 -0.233589
1 -0.34867 -0.31635
3 0.673862 -0.122803
0 -0.76413 0.771205
0 -0.767373 0.777927
0 -0.334575 0.595299
3 0.749547 -0.0468591
3 0.6094 -0.021755
0 -0.562533 0.72314
0 -0.716997 0.748858
0 -0.565709 0.732811
3 0.999925 -0.256417
2 -0.616691 -0.019273
1 -0.138964 -0.139307
1 -0.0983555 -0.255031
1 0.272133 -0.210252
0 -0.707402 0.567566
0 -0.627937 0.616763
0 -0.417253 0.707295
2 -0.728164 -0.107747
0 -0.897921 0.663898
3 0.810008 -0.00439163
0 -0.735168 0.697114
0 -0.692731 0.691379
0 -0.483155 0.809927
0 -0.586739 0.504592
2 -0.685816 0.00550256
3 0.771791 -0.034429
0 -0.443415 0.714793
3 0.610823 0.0905265
3 0.759928 0.113534
2 -0.784676 -0.143192
3 0.848413 -0.0338502
1 -0.0968537 -0.0360383
0 -0.634737 0.762488
3 0.529047 -0.0163614
3 0.640623 0.0548316
3 0.765648 0.883877
0 -0.80295 0.66198
1 -0.159358 -0.367756
1 0.0854998 -0.735106
2 -0.789573 -0.0704368
0 -0.681918 0.662231
0 -0.503132 0.660864
2 -0.513025 -0.160735
0 -0.573659 0.860553
1 0.000308745 0.223688
3 0.632819 0.0264754
1 -0.192092 -0.363439
0 -0.630885 0.65771
3 0.622873 -0.18863
1 -0.270595 -0.0478202
1 -0.204233 -0.198983
2 -0.550088 -0.116662
2 -0.535956 -0.136036
1 -0.148061 -0.209855
0 -0.831278 0.820821
3 0.819829 0.000824447
1 -0.225782 0.055707
0 -0.445586 0.683091
1 -0.148157 -0.179435
2 -0.571281 0.00894603
2 -0.760864 0.0971503
3 0.757431 -0.0248063
2 -0.738179 -0.806574
3 0.580386 0.00968594
2 -0.64901 -0.15517
2 -0.578839 -0.339914
2 -0.816395 -0.289865
0 -0.615212 0.965006
2 -0.618098 -0.208611
2 -0.611906 -0.195478
1 -0.154161 -0.324911
1 -0.335293 -0.343382
2 -0.636622 -0.00301225
0 -0.778487 0.707475
2 -0.683531 -0.143199
3 0.637258 -0.229068
3 0.588035 -0.148426
0 -0.766074 0.644499
3 0.82919 -0.0813087
3 0.688914 -0.0784451
3 0.626667 -0.251435
