7.88833e-09
1.05893e-10
2.94028e-10
1.11529e-10
1.84711e-09
5.18955e-11
2.0145e-10
0.629878
4.53235e-11
1.78007e-10
9.66953e-11
5.71269e-09
8.26766e-11
4.10234e-11
3.55361e-11
2.94178e-11
5.17834e-11
2.40312e-08
4.59602e-11
9.41383e-11
1.66627e-10
1.34227e-10
7.40277e-11
1.58156e-10
3.82094e-10
9.95078e-11
1.23108e-05
4.57365e-09
7.87252e-09
3.44065e-10
2.16746e-10
1.35485e-10
3.80063e-11
3.45875e-11
1.78588e-10
6.15094e-10
1.01461e-10
1.77042e-10
5.21957e-11
0.290584
2.41266e-08
2.71688e-11
6.83907e-11
8.26203e-11
6.41068e-11
9.59105e-11
8.99178e-11
1.70843e-10
1.30027e-10
0.0795374
4.72642e-11
3.46754e-10
1.27426e-10
8.18117e-11
0.00103315
7.55471e-07
2.0117e-10
4.33018e-11
2.17813e-10
8.36503e-11
3.55338e-11
3.60778e-08
4.7392e-11
5.59256e-07
1.14616e-10
8.43564e-11
9.28764e-10
1.41335e-10
4.76051e-11
1.45886e-10
2.13133e-10
7.29092e-06
9.65191e-10
1.13832e-05
1.33318e-08
3.02732e-10
1.16767e-10
6.64667e-05
0.157314
7.98712e-11
9.2745e-11
7.46024e-11
5.47876e-07
0.000174529
1.00364e-10
4.75955e-11
7.47413e-10
5.84569e-11
2.54577e-10
2.1297e-10
2.77012e-10
2.99727e-06
4.14936e-08
4.39348e-11
2.2695e-08
2.45769e-10
1.87606e-08
2.1434e-06
4.7044e-11
1.17589e-05
5.97115e-11
1.97905e-10
4.90324e-10
1.7015e-05
7.75057e-07
5.72855e-11
3.60463e-11
6.90686e-11
6.74016e-11
4.85756e-11
5.59772e-06
0.000324334
3.74873e-06
4.29997e-11
3.97005e-11
2.63837e-10
2.81593e-09
3.45726e-11
3.57776e-11
4.57214e-11
3.68579e-10
5.73021e-11
4.47044e-11
0.0134028
1.79203e-09
1.05523e-10
0.584895
0.169366
7.62696e-05
7.44857e-11
6.69403e-11
3.28797e-11
8.46119e-10
0.0753823
7.84687e-11
5.55147e-11
6.63967e-11
0.000666692
0.000352369
0.000110471
2.21021e-10
1.95312e-10
1.98374e-10
3.4559e-10
9.21399e-11
8.2186e-10
1.14212e-10
0.000107153
6.77732e-11
9.68744e-08
