1	0.581003
2	0.1204
3	0.021235
4	0.0735692
5	0.00259685
6	0.00673374
7	0.0909038
8	0.0129705
9	0.0221864
10	0.00474207
11	0.0136619
12	0.0751791
13	0.0160772
14	0.0404449
15	0.00694369
16	0.017976
17	0.0219729
18	0.0154389
19	0.0404752
20	0.00553157
21	0.152658
22	0.107615
23	0.0122073
24	0.0100175
26	0.0246766
27	0.0251616
28	0.0601681
29	0.0314104
30	0.0348208
31	0.0221798
32	0.00869497
33	0.00267348
34	0.00171378
35	0.0880288
36	0.00392779
37	0.0196577
38	0.00758536
39	0.0125449
40	0.0392829
41	0.0151244
42	0.00958298
43	0.00950235
44	0.00818937
46	0.00299629
47	0.0101289
48	0.0112536
49	0.0107897
50	0.0107813
51	0.0223645
52	0.00551958
53	0.0114682
54	0.0116588
55	0.0137342
56	0.00682215
57	0.0179243
58	0.0693273
59	0.00975349
60	0.0101969
61	0.01283
63	0.106963
64	0.556853
65	0.0176433
66	0.0500445
67	0.00256864
68	0.00662593
69	0.0246848
70	0.0108564
71	0.017252
72	0.00489264
73	0.013475
74	0.160984
75	0.00558509
76	0.0198477
77	0.00240443
78	0.0174568
79	0.012795
80	0.0139054
81	0.0087689
82	0.00550016
83	0.0948703
84	0.146631
85	0.0119735
86	0.00989465
88	0.0578746
89	0.10433
90	0.033798
91	0.0598039
92	0.045769
93	0.0217452
94	0.00876097
95	0.00266114
97	0.0635563
98	0.00392051
99	0.0193347
100	0.00755415
101	0.0131132
102	0.0179009
103	0.0232888
104	0.00935318
105	0.0161534
106	0.00816422
107	0.0932342
108	0.00297772
109	0.0101286
110	0.0202578
111	0.0519238
112	0.011418
113	0.0184501
114	0.00516548
115	0.00364641
116	0.0116891
117	0.0136995
118	0.00698669
119	0.0178136
120	0.0388435
121	0.00907422
122	0.115641
123	0.0124846
125	0.125195
126	0.0619255
127	0.778332
128	0.258839
129	0.00280788
130	0.00792316
131	0.122296
132	0.0746803
133	0.0187258
134	0.00601147
135	0.0138238
136	0.100284
137	0.0322391
138	0.0670268
139	0.0669973
140	0.0212631
141	0.0151026
142	0.0131929
143	0.0099066
144	0.00559864
145	0.0502117
146	0.120623
147	0.012318
148	0.011021
150	0.0146731
151	0.00509943
152	0.00327146
153	0.0587205
154	0.01387
155	0.136444
156	0.00864974
157	0.00264099
158	0.016061
160	0.00390518
161	0.0869981
162	0.00745168
163	0.0129878
164	0.00933474
165	0.018184
166	0.00858686
167	0.00935052
168	0.0080129
169	0.011228
170	0.00296403
171	0.0100214
172	0.0120509
173	0.0168372
174	0.029377
175	0.0210377
176	0.00513514
177	0.00387247
178	0.0148255
179	0.0272396
180	0.00682329
181	0.098296
182	0.0476365
183	0.0087298
184	0.0115442
185	0.0130067
187	0.124836
188	0.113574
189	0.141305
190	0.647303
191	0.00257423
192	0.00675543
193	0.0953102
194	0.0169742
195	0.022742
196	0.0047262
197	0.0131936
198	0.135691
199	0.00626935
200	0.0781493
201	0.0472212
202	0.0466959
203	0.0135805
204	0.0139086
205	0.016837
206	0.00548415
207	0.0657295
208	0.0681383
209	0.0120695
210	0.0100874
212	0.00650261
213	0.00458318
214	0.0347721
215	0.0123135
216	0.00533715
217	0.0742686
218	0.00854147
219	0.00264176
221	0.0418339
222	0.00391153
223	0.0224373
224	0.00749682
225	0.0135348
226	0.0106458
227	0.0937356
228	0.00881388
229	0.00947889
230	0.00800479
231	0.00556036
232	0.00296329
233	0.0100182
234	0.0119679
235	0.0101137
236	0.0113192
237	0.0188571
238	0.00519038
239	0.0296815
240	0.022103
241	0.0131328
242	0.00681333
243	0.0232145
244	0.0650376
245	0.00914264
246	0.0118526
247	0.012292
249	0.00598898
250	0.00175836
251	0.0168322
252	0.0117685
253	0.587179
254	0.142525
255	0.0101164
256	0.0196545
257	0.0175608
258	0.131762
259	0.0156981
260	0.00722838
261	0.106971
262	0.0199765
263	0.0955519
264	0.020547
265	0.0151657
266	0.0135394
267	0.0434281
268	0.0767942
269	0.00794159
270	0.00626876
271	0.0921425
272	0.062898
273	0.0797821
274	0.00513302
276	0.0228494
277	0.0078236
278	0.00564413
279	0.0207397
280	0.0101601
281	0.024818
282	0.0913746
284	0.0437999
285	0.0197489
286	0.0505538
287	0.034105
288	0.00930854
289	0.0124143
290	0.00968192
291	0.00965836
292	0.00851185
294	0.00313987
295	0.041575
296	0.014976
297	0.00951947
298	0.012295
299	0.0217799
300	0.00676646
301	0.00785958
302	0.0150311
303	0.0157783
304	0.010692
305	0.0194685
306	0.0116296
307	0.0223665
308	0.0095252
309	0.0128875
311	0.00590195
312	0.00174811
313	0.0172839
314	0.0119371
315	0.172199
316	0.628644
317	0.0089662
318	0.140853
319	0.0178697
320	0.174694
321	0.0150517
322	0.00781832
323	0.0531404
324	0.0580381
325	0.0799412
326	0.0190434
327	0.015743
328	0.0190918
329	0.0341499
330	0.228851
331	0.0075708
332	0.00632236
333	0.0631303
334	0.09876
335	0.041079
336	0.00456673
338	0.00205575
339	0.00748177
340	0.00484364
341	0.0116332
342	0.00975539
343	0.00477274
344	0.00211073
346	0.00420543
347	0.0175388
348	0.00871247
349	0.0316313
350	0.00850917
351	0.011699
352	0.0519029
353	0.0101413
354	0.00827793
356	0.00306869
357	0.012809
358	0.0132232
359	0.00947509
360	0.0205538
361	0.0192842
362	0.00600737
363	0.00349365
364	0.0346488
365	0.0137858
366	0.0420982
367	0.0197251
368	0.011065
369	0.00907524
370	0.00936743
371	0.0114622
372	0.0145337
373	0.083682
374	0.0286117
375	0.020658
376	0.0400788
377	0.00267129
378	0.00679935
379	0.580746
380	0.0318477
381	0.0197485
382	0.00490966
383	0.0145312
384	0.06872
385	0.0206626
386	0.00119714
387	0.00292484
388	0.0180387
389	0.015775
390	0.0149585
391	0.0246191
392	0.00562976
393	0.0921548
394	0.00884156
395	0.012321
396	0.0104759
398	0.0481682
399	0.0525783
400	0.0256272
401	0.0320305
402	0.1052
403	0.0156829
404	0.00903701
405	0.00302373
406	0.00706499
407	0.0523947
408	0.003964
409	0.0263646
410	0.00767921
411	0.0121302
412	0.011327
413	0.0125819
414	0.00867724
415	0.00940064
416	0.00853588
418	0.00302011
419	0.0102559
420	0.011306
421	0.00991386
422	0.00971632
423	0.0203413
424	0.00530178
425	0.00359873
426	0.0110144
427	0.014
428	0.00680408
429	0.0175798
430	0.0204976
431	0.00905827
432	0.00982385
433	0.0165723
435	0.0277916
436	0.0017847
437	0.0213323
438	0.0189299
439	0.0480952
440	0.149365
441	0.087983
442	0.649932
443	0.0182931
444	0.0935624
445	0.014658
446	0.0358741
447	0.0688823
448	0.115413
449	0.112613
450	0.0200507
451	0.0236367
452	0.0648754
453	0.0448311
454	0.133767
455	0.00887373
456	0.0340236
457	0.0162856
458	0.0606293
459	0.0333797
460	0.0046359
462	0.00206788
463	0.00763404
464	0.00535044
465	0.0216936
466	0.00975009
467	0.00294097
468	0.00130286
470	0.00402868
471	0.0176836
472	0.00789098
473	0.013903
474	0.00883525
475	0.0119443
476	0.0549862
477	0.0121243
478	0.00856891
480	0.00313057
481	0.0112172
482	0.0121507
483	0.00986609
484	0.02743
485	0.0204812
486	0.0061303
487	0.00365847
488	0.0224913
489	0.0146958
490	0.00918746
491	0.0190389
492	0.01146
493	0.00941852
494	0.00966291
495	0.0123817
496	0.0339557
497	0.101602
498	0.01682
499	0.017769
500	0.0530842
501	0.00763827
502	0.00810957
503	0.0797756
504	0.0145749
505	0.742405
506	0.00475449
507	0.0138342
508	0.104854
509	0.00787957
510	0.00481968
511	0.0489144
512	0.0758558
513	0.0767462
514	0.0262766
515	0.266912
516	0.00564372
517	0.0413982
518	0.00595561
519	0.0151816
520	0.0101352
521	0.0942426
522	0.00913573
524	0.0816119
525	0.00813428
526	0.0224693
527	0.0307785
528	0.00889653
529	0.0027838
530	0.0673339
531	0.106947
532	0.0294377
533	0.0214531
534	0.0166737
535	0.0129376
536	0.0360365
537	0.0720618
538	0.0100031
539	0.00974686
540	0.00888402
542	0.00318059
543	0.0124719
544	0.0111972
545	0.00911696
546	0.0104658
547	0.018314
548	0.0683513
549	0.0523143
550	0.0126716
551	0.0136826
552	0.00715877
553	0.021255
554	0.057055
555	0.0166708
556	0.00935148
557	0.0179818
559	0.00581312
560	0.00181961
561	0.0169581
562	0.0116379
563	0.127346
564	0.140861
565	0.00913192
566	0.0508962
567	0.016338
568	0.589207
569	0.0186506
570	0.00788946
571	0.0394268
572	0.0368928
573	0.0118451
574	0.0168844
575	0.0128432
576	0.0142334
577	0.00872476
578	0.165057
579	0.00802557
580	0.0673616
581	0.0186308
582	0.110866
584	0.0047404
586	0.00208259
587	0.00807313
588	0.00558097
589	0.0121406
590	0.0108563
591	0.00742302
594	0.00400847
595	0.020776
596	0.00804583
597	0.0273773
598	0.00851384
599	0.0115964
600	0.0101443
601	0.0104627
602	0.00830281
603	0.0402204
604	0.00301945
605	0.0119794
606	0.0597132
607	0.0128193
608	0.0127532
609	0.0196965
610	0.00522623
611	0.00342476
612	0.0125416
613	0.0145496
614	0.0150935
615	0.0182032
616	0.0110552
617	0.00878616
618	0.0108245
619	0.011464
620	0.00208186
621	0.0060731
622	0.00175644
623	0.01632
624	0.0112009
625	0.0727967
626	0.0190887
627	0.0474072
628	0.0151367
629	0.0169183
630	0.11421
631	0.746563
632	0.00779058
633	0.0275817
634	0.00110381
635	0.00238715
636	0.0155496
637	0.0466674
638	0.0241078
639	0.00928347
640	0.156258
641	0.00980578
642	0.00654764
643	0.0227737
644	0.0233014
646	0.0319409
647	0.0173125
648	0.00207705
649	0.00939989
650	0.0868322
651	0.00988482
652	0.266056
653	0.229623
656	0.0277815
657	0.0198806
658	0.0242972
659	0.0121269
660	0.0145179
661	0.0113481
662	0.0117868
663	0.0277047
664	0.173911
666	0.132548
667	0.0362626
668	0.0120831
669	0.0475719
670	0.0105068
671	0.0245513
672	0.00639215
673	0.00336599
674	0.0107475
675	0.0766552
676	0.00863838
677	0.0172449
678	0.0113538
679	0.00926279
680	0.0101842
681	0.0208522
682	0.0147286
683	0.0310874
684	0.129505
685	0.0181813
686	0.0445637
687	0.0025803
688	0.00673518
689	0.0335201
690	0.0116062
691	0.0193786
692	0.00482459
693	0.0135966
694	0.537768
695	0.00512009
696	0.0012309
697	0.00241116
698	0.0168598
699	0.0145375
700	0.0150936
701	0.0098193
702	0.00551221
703	0.00955353
704	0.0100767
705	0.0120942
706	0.00985484
708	0.00523369
710	0.00213494
711	0.00798529
712	0.00621464
713	0.0151022
714	0.00878965
715	0.0026688
717	0.025939
718	0.00392144
719	0.0171517
720	0.0075281
721	0.0125547
722	0.0110189
723	0.0149649
724	0.00993484
725	0.0113154
726	0.00814627
727	0.0081865
728	0.00298732
729	0.0100542
730	0.011924
731	0.0117924
732	0.0115985
733	0.0172768
734	0.00518623
735	0.00351567
736	0.0113113
737	0.013866
738	0.00699554
739	0.0184016
740	0.018206
741	0.00873266
742	0.0114054
743	0.0133381
744	0.0231834
745	0.00649478
746	0.00179327
747	0.0168671
748	0.0120856
749	0.049586
750	0.00759288
751	0.0107056
752	0.0132934
753	0.0167325
754	0.00584043
755	0.0138947
756	0.00684583
757	0.536613
758	0.119116
759	0.0585744
760	0.0188105
761	0.01725
762	0.0142892
763	0.0115785
764	0.00599811
765	0.00886655
766	0.00710907
767	0.0141515
768	0.0157892
769	0.0375654
770	0.0051364
772	0.00271714
773	0.00789811
774	0.00542581
775	0.0133149
776	0.00912509
777	0.0028269
778	0.0526367
780	0.00412901
781	0.0170579
782	0.00834688
783	0.0134506
784	0.0102892
785	0.0121683
786	0.00957834
787	0.00940998
788	0.00831522
790	0.00304119
791	0.010946
792	0.0116411
793	0.00951277
794	0.0146354
795	0.021793
796	0.00598165
797	0.00415409
798	0.0131576
799	0.0137872
800	0.00735304
801	0.0175663
802	0.0119314
803	0.0134983
804	0.0095083
805	0.0121492
807	0.0306405
808	0.0226262
809	0.0178674
810	0.0258956
811	0.00321279
812	0.0118338
813	0.010849
814	0.0513959
815	0.0171383
816	0.0171364
817	0.0134991
818	0.0218826
819	0.150501
820	0.558312
821	0.107146
822	0.0658674
823	0.0182716
824	0.0311682
825	0.0116726
826	0.00631245
827	0.0145334
828	0.0632581
829	0.0138146
830	0.0480053
831	0.0662051
832	0.00473263
834	0.00230017
835	0.00774343
836	0.0050882
837	0.0164149
838	0.0087662
839	0.00271332
840	0.00102718
841	0.00813706
842	0.0039806
843	0.016791
844	0.00787886
845	0.0179206
846	0.00971473
847	0.0128385
848	0.0115898
849	0.0100906
850	0.00818354
851	0.00846042
852	0.00300698
853	0.0105986
854	0.0117604
855	0.00982003
856	0.0601906
857	0.0210493
858	0.00567013
859	0.0176129
860	0.028592
861	0.0131563
862	0.00761159
863	0.0181082
864	0.0121852
865	0.0135005
866	0.00993723
867	0.0118952
869	0.0133546
870	0.00177327
871	0.018174
872	0.0186706
873	0.0854626
874	0.0404309
875	0.0150833
876	0.0631882
877	0.0185307
878	0.00939913
879	0.0134939
880	0.00733857
881	0.106058
882	0.122262
883	0.576689
884	0.0736323
885	0.0150098
886	0.0135317
887	0.051817
888	0.00594002
889	0.0126801
890	0.00721838
891	0.0233575
892	0.0171545
893	0.107051
894	0.00476048
896	0.0173615
897	0.00762481
898	0.00495886
899	0.0628982
900	0.00880085
901	0.00273138
902	0.0502129
903	0.00884561
904	0.00443868
905	0.017121
906	0.00990344
907	0.0390409
908	0.00950969
909	0.01808
910	0.00978464
911	0.00956712
912	0.00822
914	0.00304514
915	0.0133846
916	0.0119231
917	0.00932083
918	0.0296884
919	0.0299235
920	0.0377283
921	0.0845175
922	0.0709097
923	0.0138903
924	0.00763662
925	0.0210277
926	0.0124385
927	0.0389551
928	0.00949041
929	0.0131784
931	0.0112843
932	0.00845976
933	0.0178128
934	0.0563136
935	0.0285861
936	0.00790504
937	0.0180748
938	0.0138988
939	0.0326176
940	0.00508012
941	0.0133734
942	0.0143694
943	0.0579799
944	0.141409
945	0.13539
946	0.681394
947	0.0146139
948	0.0142796
949	0.0562174
950	0.00564579
951	0.0135544
952	0.00648615
953	0.0217013
954	0.0283313
955	0.116106
956	0.00502311
958	0.0738758
959	0.00806638
960	0.00528809
961	0.0222889
962	0.00864822
963	0.00269899
964	0.0329653
965	0.00896653
966	0.00416692
967	0.0184378
968	0.0147449
969	0.0534695
970	0.0111275
971	0.0367032
972	0.00857244
973	0.00946724
974	0.00814871
976	0.00299282
977	0.0134398
978	0.0119639
979	0.00921612
980	0.0132648
981	0.0209672
982	0.00657416
983	0.0598851
984	0.0399518
985	0.0128193
986	0.00712188
987	0.0208182
988	0.0149293
989	0.0535497
990	0.00966311
991	0.0120975
993	0.0241041
994	0.00177104
995	0.0169389
996	0.0121229
997	0.00271362
998	0.00711798
999	0.0130999
1000	0.0132668
1001	0.0218517
1002	0.00475189
1003	0.0150852
1004	0.0180126
1005	0.0416413
1006	0.0189719
1007	0.00255837
1008	0.0170878
1009	0.6172
1010	0.141285
1011	0.0893276
1012	0.00593976
1013	0.00844143
1014	0.00600962
1015	0.0296456
1016	0.0160847
1017	0.0167983
1018	0.00472019
1020	0.00212183
1021	0.00756065
1022	0.00587217
1023	0.0117444
1024	0.013627
1025	0.00452316
1027	0.0247498
1028	0.00448188
1029	0.0161885
1030	0.0081271
1031	0.0123151
1032	0.0276903
1033	0.0120739
1034	0.0103587
1035	0.00982786
1036	0.0118523
1038	0.0119148
1039	0.0105501
1040	0.0109882
1041	0.00935333
1042	0.0159572
1043	0.0190365
1044	0.0425092
1045	0.00361985
1046	0.0110953
1047	0.0146095
1048	0.00702891
1049	0.0176241
1050	0.0124352
1051	0.0118521
1052	0.00929164
1053	0.0166847
1054	0.00233325
1055	0.0121668
1056	0.00183992
1057	0.0165114
1058	0.012415
1059	0.00261052
1060	0.00881735
1061	0.0152946
1062	0.050992
1063	0.0190853
1064	0.0051349
1065	0.014865
1066	0.0378942
1067	0.0217193
1068	0.0720689
1069	0.00243818
1070	0.0172321
1071	0.163524
1072	0.641055
1073	0.0653121
1074	0.0354045
1075	0.0091415
1076	0.00660503
1077	0.0148637
1078	0.108357
1079	0.0134083
1080	0.00459967
1082	0.00206478
1083	0.00748784
1084	0.00502391
1085	0.00993257
1086	0.0109273
1087	0.00508938
1089	0.00646245
1090	0.00406292
1091	0.0162507
1092	0.00786694
1093	0.0125123
1094	0.00963493
1095	0.0118648
1096	0.0886511
1097	0.0166119
1098	0.015652
1100	0.00415293
1101	0.0105938
1102	0.0113144
1103	0.00979942
1104	0.0120597
1105	0.0190104
1106	0.0142762
1107	0.00348177
1108	0.0113785
1109	0.0132162
1110	0.00741446
1111	0.0171735
1112	0.0117018
1113	0.0093744
1114	0.00954899
1115	0.0124964
1116	0.0138945
1117	0.0743225
1118	0.00179027
1119	0.0169885
1120	0.0161086
1121	0.0639089
1122	0.0216175
1123	0.0626023
1124	0.0272609
1125	0.17038
1126	0.00482556
1127	0.0138846
1128	0.0410689
1129	0.0638221
1130	0.0358285
1131	0.0826648
1132	0.0334733
1133	0.106489
1134	0.0605234
1135	0.624897
1136	0.0060319
1137	0.0132953
1138	0.00594077
1139	0.0193742
1140	0.0118325
1141	0.126644
1142	0.00507108
1144	0.0616564
1145	0.00765522
1146	0.00546955
1147	0.012924
1148	0.00902985
1149	0.00303103
1150	0.0768057
1151	0.0792211
1152	0.038031
1153	0.017272
1154	0.0209164
1155	0.0132122
1156	0.0341756
1157	0.0282433
1158	0.0243661
1159	0.00968321
1160	0.00905369
1162	0.00548128
1163	0.0127903
1164	0.0111819
1165	0.00917907
1166	0.011317
1167	0.0193417
1168	0.107002
1169	0.0694234
1170	0.0131239
1171	0.0137182
1172	0.00739087
1173	0.0185306
1174	0.0288534
1175	0.0445085
1176	0.00930974
1177	0.0160966
1179	0.00597781
1180	0.0017493
1181	0.0167871
1182	0.011534
1183	0.162163
1184	0.283361
1185	0.0133075
1186	0.17669
1187	0.0171986
1188	0.253289
1189	0.111594
1190	0.00759384
1191	0.0965905
1192	0.0820098
1193	0.0484022
1194	0.0174638
1195	0.0384798
1196	0.0943344
1197	0.0235948
1198	0.67942
1199	0.00777097
1200	0.0084741
1201	0.0845964
1202	0.160209
1203	0.02871
1204	0.00461349
1206	0.00204296
1207	0.00758821
1208	0.00531968
1209	0.0104898
1210	0.107488
1211	0.113562
1214	0.00521057
1215	0.0178015
1216	0.012374
1217	0.0154086
1218	0.00863403
1219	0.0114233
1220	0.0757574
1221	0.0211991
1222	0.0170637
1224	0.0300666
1225	0.019929
1226	0.0140832
1227	0.010971
1228	0.0199451
1229	0.0217492
1230	0.00723689
1231	0.00341679
1232	0.0125306
1233	0.0156518
1234	0.0699792
1235	0.0178207
1236	0.0109946
1237	0.00915851
1238	0.0095888
1239	0.0117242
1240	0.0391229
1241	0.135026
1242	0.0903183
1243	0.0174139
1244	0.0188145
1245	0.00257664
1246	0.00659792
1247	0.0810944
1248	0.0109795
1249	0.0177809
1250	0.00477724
1251	0.0137884
1252	0.0142399
1253	0.00719157
1254	0.00152108
1255	0.00257415
1256	0.0173428
1257	0.0134605
1258	0.0136789
1259	0.00950714
1260	0.00549255
1261	0.568277
1262	0.103983
1263	0.0122054
1264	0.0100204
1266	0.0801976
1267	0.0814329
1268	0.0659325
1269	0.0681983
1270	0.0919418
1271	0.0179119
1272	0.00872526
1273	0.00270193
1274	0.00666168
1275	0.0917094
1276	0.00394325
1277	0.0202071
1278	0.00770415
1279	0.0123439
1280	0.0113377
1281	0.013478
1282	0.00846008
1283	0.00946213
1284	0.0083152
1285	0.00113303
1286	0.00300012
1287	0.010484
1288	0.0115619
1289	0.0103833
1290	0.00969992
1291	0.0230079
1292	0.00524758
1293	0.00366158
1294	0.011146
1295	0.0135413
1296	0.00676736
1297	0.0171816
1298	0.0281674
1299	0.00945098
1300	0.0115686
1301	0.0136321
1303	0.12195
1304	0.174884
1305	0.0220389
1306	0.0357798
1307	0.00262718
1308	0.00690043
1309	0.0221684
1310	0.0151827
1311	0.0162624
1312	0.0718346
1313	0.0138399
1314	0.0586978
1315	0.0369841
1316	0.088608
1317	0.00290505
1318	0.0168884
1319	0.0129249
1320	0.0142569
1321	0.00851909
1322	0.00567411
1323	0.13626
1324	0.596105
1325	0.0122023
1326	0.0138866
1328	0.026655
1329	0.0895128
1330	0.00218154
1331	0.0756194
1332	0.0415575
1333	0.045042
1334	0.00882867
1335	0.00266486
1337	0.0118968
1338	0.0039117
1339	0.0227235
1340	0.00752501
1341	0.0143893
1342	0.00928323
1343	0.0123265
1344	0.00975872
1345	0.0107084
1346	0.00810325
1347	0.126822
1348	0.00297396
1349	0.0101879
1350	0.0275916
1351	0.0915667
1352	0.0137168
1353	0.023635
1354	0.0051474
1355	0.00348103
1356	0.0135557
1357	0.014437
1358	0.00701631
1359	0.0179951
1360	0.0127251
1361	0.00879578
1362	0.092986
1363	0.0119621
1365	0.00575235
1366	0.0017322
1367	0.0162389
1368	0.0114133
1369	0.146572
1370	0.0834151
1371	0.00837316
1372	0.0156138
1373	0.0181608
1374	0.0533356
1375	0.0154528
1376	0.00673158
1377	0.0577871
1378	0.0211434
1379	0.0746089
1380	0.0272914
1381	0.0713256
1382	0.017875
1383	0.0358921
1384	0.0544565
1385	0.00767698
1386	0.00592313
1387	0.670285
1388	0.107317
1389	0.0961748
1390	0.00469888
1392	0.00221932
1393	0.00749565
1394	0.00512939
1395	0.0120769
1396	0.0102134
1397	0.0389407
1398	0.0375314
1400	0.121422
1401	0.0165139
1402	0.125819
1403	0.0393881
1404	0.00961178
1405	0.012183
1406	0.00918849
1407	0.00956748
1408	0.00948171
1410	0.0316025
1411	0.0954641
1412	0.01178
1413	0.00915008
1414	0.0136332
1415	0.0228553
1416	0.0719186
1417	0.00739547
1418	0.0148502
1419	0.015187
1420	0.00996014
1421	0.0189844
1422	0.0112791
1423	0.0599976
1424	0.00928622
1425	0.0193695
1427	0.00645463
1428	0.00180909
1429	0.0172085
1430	0.0124997
1431	0.102148
1432	0.104656
1433	0.015056
1434	0.0615399
1435	0.0169973
1436	0.152925
1437	0.0152699
1438	0.0102561
1439	0.0934755
1440	0.111912
1441	0.0562238
1442	0.029917
1443	0.0414719
1444	0.123723
1445	0.0132758
1446	0.115326
1447	0.0102039
1448	0.0363809
1449	0.0930048
1450	0.646624
1451	0.0403981
1452	0.00480433
1454	0.00211073
1455	0.00782719
1456	0.00559005
1457	0.0118111
1458	0.00968221
1459	0.0102083
1460	0.0186304
1462	0.00415498
1463	0.0180864
1464	0.0090723
1465	0.0250188
1466	0.00894961
1467	0.0119724
1468	0.0208203
1469	0.00997185
1470	0.00852924
1471	0.0190258
1472	0.00304839
1473	0.0121677
1474	0.014752
1475	0.0105543
1476	0.0156374
1477	0.0226284
1478	0.00567666
1479	0.0036931
1480	0.0136709
1481	0.0135999
1482	0.00991725
1483	0.0180569
1484	0.0114449
1485	0.010205
1486	0.00994519
1487	0.0119889
1489	0.00626577
1490	0.00176559
1491	0.0163929
1492	0.0121976
1493	0.0338208
1494	0.00751234
1495	0.00968813
1496	0.0118254
1497	0.0190148
1498	0.00495353
1499	0.0135916
1500	0.0071649
1501	0.0486978
1502	0.0452019
1503	0.0705514
1504	0.0314754
1505	0.0152919
1506	0.0143392
1507	0.0586091
1508	0.00563764
1509	0.00947306
1510	0.00599992
1511	0.0187809
1512	0.0107865
1513	0.534387
1514	0.00547882
1516	0.0791427
1517	0.00772501
1518	0.00585757
1519	0.014586
1520	0.00893123
1521	0.0209951
1522	0.102754
1523	0.0338146
1524	0.0317209
1525	0.0175153
1526	0.0591736
1527	0.0163405
1528	0.012376
1529	0.0159117
1530	0.0101672
1531	0.00960622
1532	0.00852778
1534	0.00325058
1535	0.0481613
1536	0.0117504
1537	0.00917758
1538	0.0115179
1539	0.0211583
1540	0.0478336
1541	0.0559317
1542	0.0156569
1543	0.0132868
1544	0.00753466
1545	0.0181821
1546	0.0143653
1547	0.0520817
1548	0.00939927
1549	0.0133042
1551	0.00731669
1552	0.0357052
1553	0.0166833
1554	0.0122494
1555	0.00260247
1556	0.00655741
1557	0.0240108
1558	0.0104448
1559	0.0168421
1560	0.00473239
1561	0.0139753
1562	0.00851102
1563	0.00581716
1564	0.00110898
1565	0.00239374
1566	0.0161719
1567	0.0127002
1568	0.0125674
1569	0.00875201
1570	0.00546862
1571	0.0624223
1572	0.00687803
1573	0.0122397
1574	0.00959618
1576	0.542405
1577	0.212321
1578	0.116002
1579	0.156863
1580	0.141496
1581	0.0264577
1582	0.00905257
1583	0.00276872
1584	0.0514973
1585	0.0977052
1586	0.00401554
1587	0.0275028
1588	0.00806361
1589	0.0123798
1590	0.0390583
1591	0.0153323
1592	0.00828487
1593	0.00939292
1594	0.00834947
1595	0.0262022
1596	0.0030305
1597	0.0106877
1598	0.0130348
1599	0.0103218
1600	0.00964438
1601	0.0193092
1602	0.00520112
1603	0.00359827
1604	0.0109886
1605	0.0163711
1606	0.00682051
1607	0.0174651
1608	0.057463
1609	0.00968342
1610	0.0153646
1611	0.0235114
1613	0.0064244
1614	0.0600189
1615	0.0164592
1616	0.0121063
1617	0.00259872
1618	0.00656425
1619	0.0146818
1620	0.0104463
1621	0.0163069
1622	0.00485968
1623	0.0137092
1624	0.00901396
1625	0.00602465
1626	0.00111723
1627	0.0023868
1628	0.0162891
1629	0.0124966
1630	0.0126084
1631	0.00850163
1632	0.00547589
1633	0.0433028
1634	0.0208933
1635	0.0121721
1636	0.00972803
1638	0.18878
1639	0.50823
1640	0.0898832
1641	0.138348
1642	0.166726
1643	0.0350098
1644	0.00907143
1645	0.00279588
1646	0.03606
1647	0.0704273
1648	0.00400136
1649	0.0209355
1650	0.00794473
1651	0.0129436
1652	0.0150582
1653	0.0136533
1654	0.00826054
1655	0.00949344
1656	0.00827855
1657	0.0745456
1658	0.00299522
1659	0.0104655
1660	0.0197207
1661	0.0123961
1662	0.00970418
1663	0.0199583
1664	0.00518075
1665	0.00355477
1666	0.0109967
1667	0.0136427
1668	0.00684045
1669	0.017274
1670	0.0147767
1671	0.009263
1672	0.0242139
1673	0.0138263
1675	0.00558057
1676	0.00173247
1677	0.0162266
1678	0.0118701
1679	0.00257296
1680	0.00652177
1681	0.00832404
1682	0.0103058
1683	0.0170438
1684	0.00464267
1685	0.0132538
1686	0.00663497
1687	0.00499919
1688	0.00111692
1689	0.00240012
1690	0.0169244
1691	0.0123241
1692	0.0123901
1693	0.00873934
1694	0.00543428
1695	0.00830314
1696	0.00586782
1697	0.0121709
1698	0.00937534
1700	0.0416409
1701	0.0357412
1702	0.459441
1703	0.00895194
1704	0.00504302
1705	0.0106861
1706	0.00857214
1707	0.00266286
1708	0.0637495
1709	0.0245138
1710	0.003945
1711	0.0175903
1712	0.00780149
1713	0.0124515
1714	0.00908144
1715	0.0161633
1716	0.00810852
1717	0.00899506
1718	0.00801992
1720	0.00296993
1721	0.0102208
1722	0.0112349
1723	0.0090692
1724	0.00941091
1725	0.0179208
1726	0.00518155
1727	0.00293945
1728	0.0110214
1729	0.0126778
1730	0.00670415
1731	0.0172511
1732	0.0185578
1733	0.00887699
1734	0.00936563
1735	0.0115517
1737	0.032881
1738	0.0746509
1739	0.0181049
1740	0.0133848
1741	0.00257136
1742	0.00655706
1743	0.0417681
1744	0.0104928
1745	0.0166721
1746	0.00483115
1747	0.0139273
1748	0.00803934
1749	0.00548757
1750	0.00110696
1751	0.0023692
1752	0.0163379
1753	0.0124153
1754	0.012487
1755	0.00849772
1756	0.00547075
1757	0.0897427
1758	0.0637553
1759	0.01201
1760	0.00961065
1762	0.193563
1763	0.197344
1764	0.095769
1765	0.586942
1766	0.157969
1767	0.0677658
1768	0.00893203
1769	0.00268638
1770	0.0106104
1771	0.0541453
1772	0.00391559
1773	0.145009
1774	0.00761786
1775	0.0123735
1776	0.0103554
1777	0.0126618
1778	0.00812834
1779	0.00939104
1780	0.00813009
1781	0.0546665
1782	0.00296831
1783	0.0101727
1784	0.015828
1785	0.0135928
1786	0.00956524
1787	0.0194493
1788	0.00509363
1789	0.00340393
1790	0.0109274
1791	0.0135988
1792	0.00674909
1793	0.0174502
1794	0.0194519
1795	0.00866385
1796	0.0354054
1797	0.0123832
1799	0.00759478
1800	0.0155115
1801	0.0166319
1802	0.0119072
1803	0.00260555
1804	0.00660403
1805	0.068427
1806	0.010765
1807	0.0169692
1808	0.00484397
1809	0.0146512
1810	0.00897852
1811	0.00562836
1812	0.00111901
1813	0.00238939
1814	0.0161123
1815	0.0134887
1816	0.0129723
1817	0.0087516
1818	0.00552028
1819	0.0660412
1820	0.00723489
1821	0.0124086
1822	0.00973273
1824	0.133433
1825	0.181751
1826	0.0474378
1827	0.115137
1828	0.534694
1829	0.0264067
1830	0.00972373
1831	0.0158316
1832	0.0165715
1833	0.0739352
1834	0.00407814
1835	0.021856
1836	0.00798657
1837	0.0122575
1838	0.0115948
1839	0.012094
1840	0.00827254
1841	0.00950424
1842	0.00918232
1843	0.00814494
1844	0.00304484
1845	0.0106803
1846	0.0118625
1847	0.0103592
1848	0.00974144
1849	0.0191308
1850	0.00521962
1851	0.00342795
1852	0.0108097
1853	0.0142583
1854	0.00680678
1855	0.0170812
1856	0.0128303
1857	0.00914504
1858	0.0107129
1859	0.0175883
1861	0.00673923
1862	0.00201952
1863	0.0198316
1864	0.0163626
1865	0.00269475
1866	0.00674441
1867	0.00959104
1868	0.0112949
1869	0.0171813
1870	0.00486225
1871	0.0133396
1872	0.0111546
1873	0.00649292
1874	0.00118059
1875	0.0195912
1876	0.0171447
1877	0.0132897
1878	0.012615
1879	0.00891471
1880	0.00549675
1881	0.00981482
1882	0.00802807
1883	0.012612
1884	0.00971664
1886	0.0194912
1887	0.0496722
1888	0.0344874
1889	0.0280697
1890	0.0268403
1891	0.554614
1892	0.00882919
1893	0.00266926
1894	0.0684989
1895	0.0597171
1896	0.0039737
1897	0.0187423
1898	0.00775097
1899	0.0145463
1900	0.00999894
1901	0.0258378
1902	0.00833687
1903	0.00955348
1904	0.00808029
1905	0.0216725
1906	0.0029831
1907	0.010306
1908	0.0127831
1909	0.00964738
1910	0.0127147
1911	0.0190832
1912	0.00521851
1913	0.00965351
1914	0.0158033
1915	0.0158988
1916	0.00705574
1917	0.0222258
1918	0.0148349
1919	0.00981125
1920	0.0101603
1921	0.0140436
1923	0.00568721
1924	0.00175052
1925	0.0160437
1926	0.0111764
1927	0.00321247
1928	0.00718789
1929	0.0088611
1930	0.0117037
1931	0.0164582
1932	0.0142423
1933	0.163602
1934	0.00694503
1935	0.00683921
1936	0.00110213
1937	0.00238077
1938	0.015349
1939	0.0315912
1940	0.0171863
1941	0.00877227
1942	0.0526092
1943	0.00759913
1944	0.00595881
1945	0.0139486
1946	0.0103972
1948	0.00520803
1950	0.00205417
1951	0.00788128
1952	0.0361185
1953	0.0105067
1954	0.632932
1955	0.198155
1957	0.00298707
1958	0.0631873
1959	0.0166866
1960	0.0302198
1961	0.0122185
1962	0.00975307
1963	0.0114339
1964	0.00970362
1965	0.0577593
1966	0.152343
1968	0.115348
1969	0.0157931
1970	0.0124071
1971	0.010803
1972	0.0109139
1973	0.0193359
1974	0.00584591
1975	0.00338063
1976	0.0108182
1977	0.0250904
1978	0.0155098
1979	0.0171285
1980	0.0111041
1981	0.00910125
1982	0.00965322
1983	0.0168016
1984	0.0228092
1985	0.00571747
1986	0.00174264
1987	0.0159149
1988	0.0112465
1989	0.00291094
1990	0.00699429
1991	0.00966357
1992	0.0110601
1993	0.0165766
1994	0.00523466
1995	0.0664375
1996	0.00673469
1997	0.00628967
1998	0.00111542
1999	0.002411
2000	0.0157625
2001	0.0148926
2002	0.0142912
2003	0.00902103
2004	0.00794017
2005	0.00782195
2006	0.00587455
2007	0.0141659
2008	0.0102702
2009	0.0295509
2010	0.00502008
2012	0.00212319
2013	0.00768937
2014	0.0363156
2015	0.0099222
2016	0.132266
2017	0.550616
2018	0.0109071
2019	0.00103401
2020	0.088597
2021	0.0166949
2022	0.0728218
2023	0.0121994
2024	0.0100756
2025	0.0115132
2026	0.00894036
2027	0.0108426
2028	0.0990499
2030	0.0859065
2031	0.0261017
2032	0.0114676
2033	0.00959054
2034	0.00978134
2035	0.0199469
2036	0.0176334
2037	0.00342138
2038	0.0108611
2039	0.0138948
2040	0.00742479
2041	0.0168594
2042	0.0112147
2043	0.00941566
2044	0.00937809
2045	0.0135257
2047	0.00581985
2048	0.00177874
2049	0.0163677
2050	0.0116387
2051	0.00269714
2052	0.00666496
2053	0.0084725
2054	0.0106097
2055	0.016984
2056	0.00473603
2057	0.0134536
2058	0.00677474
2059	0.00814261
2060	0.00113341
2061	0.00247738
2062	0.0163564
2063	0.0127802
2064	0.0126258
2065	0.00928777
2066	0.00549183
2067	0.00790599
2068	0.00589992
2069	0.0126456
2070	0.00964598
2071	0.0392935
2072	0.00587127
2074	0.080497
2075	0.00781162
2076	0.00509607
2077	0.0211224
2078	0.00881076
2079	0.00274452
2080	0.473084
2081	0.0029616
2082	0.00502179
2083	0.0173042
2084	0.00833519
2085	0.0130848
2086	0.00986663
2087	0.0153688
2088	0.0085937
2089	0.00927364
2090	0.0081871
2092	0.00302412
2093	0.0114873
2094	0.0118169
2095	0.00920643
2096	0.00979767
2097	0.0182366
2098	0.00548226
2099	0.00361783
2100	0.0118168
2101	0.0141477
2102	0.00706394
2103	0.0179746
2104	0.0132835
2105	0.00967344
2106	0.00941119
2107	0.0132697
2109	0.0236263
2110	0.0108752
2111	0.0163813
2112	0.0125983
2113	0.00256315
2114	0.00655938
2115	0.0120715
2116	0.0106834
2117	0.0183837
2118	0.00466574
2119	0.013495
2120	0.013243
2121	0.00539253
2122	0.00114265
2123	0.00243818
2124	0.0163376
2125	0.014024
2126	0.0133765
2127	0.0106707
2128	0.00546386
2129	0.044302
2130	0.00613517
2131	0.0122231
2132	0.00950491
2134	0.067039
2135	0.0613355
2136	0.0693728
2137	0.0101214
2138	0.0514179
2139	0.035726
2140	0.00900372
2141	0.00277363
2142	0.0314658
2143	0.500735
2144	0.00419116
2145	0.0165403
2146	0.00810136
2147	0.0122548
2148	0.0378526
2149	0.019081
2150	0.00846738
2151	0.00996559
2152	0.0085462
2154	0.00309837
2155	0.010338
2156	0.0113144
2157	0.00938962
2158	0.0100622
2159	0.0186086
2160	0.00553435
2161	0.00955751
2162	0.011177
2163	0.0135611
2164	0.00686848
2165	0.0172476
2166	0.0224293
2167	0.0114378
2168	0.0099597
2169	0.0183887
2171	0.00568346
2172	0.00173373
2173	0.0158445
2174	0.0112851
2175	0.0520163
2176	0.00705394
2177	0.00835485
2178	0.0108564
2179	0.0185279
2180	0.00479273
2181	0.0146622
2182	0.00669868
2183	0.0152444
2184	0.00110759
2185	0.00324914
2186	0.0169187
2187	0.0169086
2188	0.0136625
2189	0.0284347
2190	0.005694
2191	0.0076669
2192	0.00581971
2193	0.0753206
2194	0.0100915
2195	0.0859362
2196	0.00504727
2198	0.0190584
2199	0.00749922
2200	0.00886099
2201	0.0107398
2202	0.0440912
2203	0.133786
2204	0.109174
2205	0.0475451
2206	0.599293
2207	0.0161753
2208	0.267944
2209	0.0137553
2210	0.0242956
2211	0.0134962
2212	0.00929168
2213	0.0106881
2214	0.0823663
2216	0.133021
2217	0.131287
2218	0.0118293
2219	0.00913662
2220	0.0103783
2221	0.0194475
2222	0.140628
2223	0.0287903
2224	0.0117705
2225	0.0148121
2226	0.0174848
2227	0.0176724
2228	0.0115919
2229	0.0719246
2230	0.00930041
2231	0.045812
2233	0.0212135
2234	0.0280675
2235	0.0259145
2236	0.0178553
2237	0.00943857
2238	0.00688509
2239	0.0719517
2240	0.0112165
2241	0.0184967
2242	0.0231355
2243	0.0144238
2244	0.00843235
2245	0.00586315
2246	0.00112109
2247	0.00244074
2248	0.0176971
2249	0.0123723
2250	0.0126396
2251	0.00894771
2252	0.00559163
2253	0.0419079
2254	0.0362349
2255	0.0123004
2256	0.0102611
2258	0.103627
2259	0.0864448
2260	0.0658522
2261	0.209454
2262	0.0823161
2263	0.0388452
2264	0.00885979
2265	0.00271582
2266	0.0411013
2268	0.00393047
2269	0.682255
2270	0.00765391
2271	0.0128482
2272	0.00888059
2273	0.0129336
2274	0.00831867
2275	0.00932136
2276	0.00812867
2278	0.00297304
2279	0.0107781
2280	0.0252072
2281	0.0106227
2282	0.00955607
2283	0.0195915
2284	0.00511368
2285	0.00344611
2286	0.0113371
2287	0.0144474
2288	0.00684799
2289	0.0208941
2290	0.0214003
2291	0.00859346
2292	0.0115173
2293	0.0116694
2295	0.00568075
2296	0.00173509
2297	0.0157922
2298	0.011252
2299	0.0609765
2300	0.00710595
2301	0.00824973
2302	0.0107791
2303	0.018149
2304	0.0048891
2305	0.0146903
2306	0.00660637
2307	0.0171925
2308	0.00112138
2309	0.00839697
2310	0.0198822
2311	0.0139038
2312	0.0132109
2313	0.0181815
2314	0.00574402
2315	0.00774819
2316	0.00582262
2317	0.0835523
2318	0.0104863
2319	0.117031
2320	0.00566458
2322	0.0497396
2323	0.00758087
2324	0.00594514
2325	0.01059
2326	0.0181359
2327	0.120552
2328	0.0704687
2329	0.023217
2330	0.269842
2331	0.0163664
2332	0.611936
2333	0.0152154
2334	0.012582
2335	0.0124687
2336	0.0084908
2337	0.00968148
2338	0.0373629
2340	0.0759799
2341	0.141639
2342	0.011841
2343	0.00907075
2344	0.010101
2345	0.0197571
2346	0.0929985
2347	0.0156794
2348	0.0116823
2349	0.0132387
2350	0.00796552
2351	0.0173643
2352	0.0115041
2353	0.0598063
2354	0.00928473
2355	0.0134522
2357	0.00571137
2358	0.00177874
2359	0.016389
2360	0.0119352
2361	0.0114969
2362	0.00796084
2363	0.00796924
2364	0.0108857
2365	0.0163681
2366	0.0103123
2367	0.0132235
2368	0.00678322
2369	0.00549483
2370	0.00136118
2371	0.027022
2372	0.0229508
2373	0.0122793
2374	0.0126492
2375	0.00866318
2376	0.00557538
2377	0.00750173
2378	0.00623854
2379	0.0153419
2380	0.0109755
2381	0.00951576
2382	0.00459837
2384	0.00214775
2385	0.00751896
2386	0.00477345
2387	0.0145006
2388	0.00862442
2389	0.00265112
2390	0.00111025
2392	0.00401856
2393	0.0165414
2394	0.00824408
2395	0.59733
2396	0.00897299
2397	0.0280506
2398	0.0124549
2399	0.0100136
2400	0.00803393
2401	0.0484579
2402	0.00297782
2403	0.0123589
2404	0.0927502
2405	0.0104247
2406	0.0571361
2407	0.0231656
2408	0.00568558
2409	0.0413236
2410	0.126762
2411	0.0136569
2412	0.0438104
2413	0.0256986
2414	0.0117789
2415	0.0207577
2416	0.0113658
2417	0.0119481
2418	0.0393374
2419	0.00683454
2420	0.00184287
2421	0.0162724
2422	0.0118637
2423	0.00256873
2424	0.00654732
2425	0.00869554
2426	0.0104329
2427	0.0170262
2428	0.00464951
2429	0.0136694
2430	0.00754365
2431	0.00537805
2432	0.00112163
2433	0.00239712
2434	0.0161922
2435	0.0143631
2436	0.0129403
2437	0.00926818
2438	0.00545827
2439	0.00815684
2440	0.00593744
2441	0.0123374
2442	0.00944154
2444	0.0172782
2446	0.0158927
2447	0.00781913
2448	0.00538728
2449	0.010828
2450	0.0088509
2451	0.00273092
2452	0.00548406
2453	0.0433043
2454	0.00409231
2455	0.0162797
2456	0.0079271
2457	0.0126119
2458	0.530752
2459	0.0211138
2460	0.00890904
2461	0.0109553
2462	0.00871396
2464	0.00336171
2465	0.0107241
2466	0.0112568
2467	0.0103783
2468	0.0111845
2469	0.019898
2470	0.0204193
2471	0.027346
2472	0.0114952
2473	0.0174826
2474	0.00724062
2475	0.0175984
2476	0.0685234
2477	0.0585643
2478	0.0103994
2479	0.0592558
2480	0.0204464
2481	0.00636345
2482	0.0136757
2483	0.0168831
2484	0.0355143
2485	0.00257005
2486	0.00655929
2487	0.00844853
2488	0.010435
2489	0.0192854
2490	0.00464475
2491	0.0130988
2492	0.0126167
2493	0.00514012
2494	0.00112381
2495	0.00258613
2496	0.0192709
2497	0.0125329
2498	0.0125902
2499	0.0107084
2500	0.00543026
2501	0.0084117
2502	0.00594888
2503	0.0122391
2504	0.00942737
2505	0.00318285
2506	0.00871903
2508	0.0814035
2509	0.00778818
2510	0.00487972
2511	0.0428132
2512	0.0085501
2513	0.00264187
2514	0.0583768
2515	0.049595
2516	0.00402483
2517	0.0168935
2518	0.00774432
2519	0.0239031
2520	0.0488279
2521	0.584915
2522	0.00883343
2523	0.00942628
2524	0.00803194
2526	0.00298085
2527	0.010544
2528	0.0125723
2529	0.00943054
2530	0.0108479
2531	0.0190802
2532	0.00608133
2533	0.144761
2534	0.0412764
2535	0.0141889
2536	0.00702473
2537	0.0271985
2538	0.150411
2539	0.0316624
2540	0.0110471
2541	0.0234381
2543	0.00623353
2544	0.00182648
2545	0.0163746
2546	0.0119093
2547	0.00264624
2548	0.0108194
2549	0.00852656
2550	0.0156814
2551	0.0168731
2552	0.00506788
2553	0.0139307
2554	0.0151686
2555	0.00843775
2556	0.00126621
2557	0.0024862
2558	0.0158895
2559	0.0144972
2560	0.0441239
2561	0.0108133
2562	0.00621091
2563	0.00776612
2564	0.00634189
2565	0.0126951
2566	0.0107683
2567	0.002472
2568	0.00463222
2570	0.00207273
2571	0.00746205
2572	0.00483842
2573	0.0100861
2574	0.00922745
2575	0.00278126
2576	0.00357979
2578	0.00406231
2579	0.016288
2580	0.00772996
2581	0.0175918
2582	0.0119706
2583	0.0130827
2584	0.580924
2585	0.0462863
2586	0.00897961
2587	0.0439435
2588	0.0152658
2589	0.0113991
2590	0.0162962
2591	0.0388169
2592	0.041668
2593	0.020988
2594	0.0487041
2595	0.00973985
2596	0.0404572
2597	0.033088
2598	0.126706
2599	0.0185554
2600	0.0135361
2601	0.0113427
2602	0.0127741
2603	0.0215378
2604	0.12502
2605	0.00602316
2606	0.0558406
2607	0.0164372
2608	0.0119757
2609	0.00263139
2610	0.00704711
2611	0.00864946
2612	0.0125063
2613	0.0167823
2614	0.00554715
2615	0.0148427
2616	0.0532884
2617	0.00559555
2618	0.00120465
2619	0.00244129
2620	0.0161889
2621	0.0140959
2622	0.0191095
2623	0.00896287
2624	0.00593356
2625	0.00830867
2626	0.0074381
2627	0.0126665
2628	0.0100894
2630	0.00494329
2632	0.00209215
2633	0.00792806
2634	0.00568193
2635	0.012445
2636	0.0490009
2637	0.0259157
2638	0.0054026
2639	0.0438412
2640	0.00444983
2641	0.016715
2642	0.00811695
2643	0.0156656
2644	0.0615608
2645	0.0130424
2646	0.0889786
2647	0.628198
2648	0.0804166
2649	0.127519
2650	0.099543
2651	0.0269013
2652	0.105694
2653	0.103784
2654	0.0840518
2655	0.0247555
2656	0.00969155
2657	0.00388851
2658	0.0194833
2659	0.0349097
2660	0.13757
2661	0.0191102
2662	0.0127892
2663	0.0239883
2664	0.0784124
2665	0.0577076
2666	0.157471
2667	0.00579805
2668	0.00175072
2669	0.0159502
2670	0.011291
2671	0.00263184
2672	0.00673853
2673	0.0100035
2674	0.0112274
2675	0.0172851
2676	0.00480414
2677	0.084811
2678	0.00695327
2679	0.00582804
2680	0.00110262
2681	0.00238752
2682	0.0156989
2683	0.035039
2684	0.0282403
2685	0.0101169
2686	0.00610701
2687	0.00831519
2688	0.00589119
2689	0.0142959
2690	0.0100175
2692	0.0052498
2694	0.00207842
2695	0.0076467
2696	0.0540166
2697	0.00992896
2698	0.161339
2699	0.171739
2700	0.0021614
2701	0.0382122
2702	0.11393
2703	0.0163974
2704	0.0619545
2705	0.0122817
2706	0.045494
2707	0.011714
2708	0.0184754
2709	0.0982574
2710	0.640154
2712	0.230857
2713	0.0901254
2714	0.0118793
2715	0.0111045
2716	0.0108883
2717	0.0224871
2718	0.0696655
2719	0.00344863
2720	0.0109467
2721	0.0228728
2722	0.0178865
2723	0.0170433
2724	0.0116443
2725	0.018112
2726	0.00984821
2727	0.0514912
2728	0.0275368
2729	0.00596125
2730	0.0542431
2731	0.0165622
2732	0.0121731
2733	0.00258074
2734	0.00664371
2735	0.00831601
2736	0.0107345
2737	0.0159763
2738	0.0053558
2739	0.0135165
2740	0.0118549
2741	0.00526014
2742	0.00115099
2743	0.00239811
2744	0.0160744
2745	0.0123344
2746	0.0128937
2747	0.00840031
2748	0.00550712
2749	0.00859812
2750	0.0599073
2751	0.012164
2752	0.00998101
2754	0.0133891
2755	0.0799774
2756	0.00217613
2757	0.0135942
2758	0.00809964
2759	0.0194903
2760	0.00887381
2761	0.00268329
2764	0.00392888
2765	0.0171771
2766	0.00760239
2767	0.0210179
2768	0.00956439
2769	0.0128576
2770	0.0138254
2771	0.0406855
2772	0.00821122
2773	0.515661
2774	0.00300719
2775	0.0107712
2776	0.122473
2777	0.0835377
2778	0.0320741
2779	0.0195526
2780	0.00516171
2781	0.00347004
2782	0.0132323
2783	0.0148808
2784	0.00897346
2785	0.0178631
2786	0.0121411
2787	0.00923065
2788	0.110778
2789	0.0129067
2790	0.0436554
2791	0.00574429
2792	0.00173677
2793	0.0158971
2794	0.0112621
2795	0.0026517
2796	0.00682886
2797	0.00844174
2798	0.0112214
2799	0.0169829
2800	0.00473668
2801	0.0241096
2802	0.00676837
2803	0.00556549
2804	0.00110288
2805	0.00241159
2806	0.0155666
2807	0.0239355
2808	0.015964
2809	0.0109413
2810	0.00582436
2811	0.00773486
2812	0.00584414
2813	0.0160913
2814	0.0097809
2815	0.0198667
2816	0.00485921
2818	0.00206848
2819	0.0074791
2820	0.00538108
2821	0.00989468
2822	0.0856545
2823	0.122711
2825	0.0267876
2826	0.124543
2827	0.0160209
2828	0.0644302
2829	0.0123426
2830	0.0557187
2831	0.0118697
2832	0.0389601
2833	0.0777157
2834	0.191636
2836	0.587836
2837	0.102489
2838	0.0116439
2839	0.00979405
2840	0.0106648
2841	0.0202667
2842	0.0905602
2843	0.00359884
2844	0.0113156
2845	0.0305234
2846	0.0509861
2847	0.0173078
2848	0.0116185
2849	0.0332397
2850	0.00955362
2851	0.0663209
2852	0.0472181
2853	0.00569945
2854	0.00174382
2855	0.0159874
2856	0.0113379
2857	0.0507722
2858	0.00727429
2859	0.00824821
2860	0.0111351
2861	0.0172818
2862	0.00539874
2863	0.0149281
2864	0.00666323
2865	0.00692368
2866	0.00112115
2867	0.00659837
2868	0.0181503
2869	0.0130533
2870	0.0131766
2871	0.0100101
2872	0.00581378
2873	0.00796773
2874	0.00590289
2875	0.0541036
2876	0.0103627
2877	0.10469
2878	0.00506924
2880	0.00239407
2881	0.00759173
2882	0.00547887
2883	0.0103406
2884	0.0107679
2885	0.0660718
2886	0.0694972
2888	0.133511
2889	0.0170983
2890	0.141918
2891	0.0184189
2892	0.0124755
2893	0.0128322
2894	0.0102738
2895	0.0204574
2896	0.0617282
2898	0.112481
2899	0.619965
2900	0.0261664
2901	0.0095099
2902	0.010806
2903	0.0214865
2904	0.0513715
2905	0.00717079
2906	0.0152203
2907	0.0192523
2908	0.056682
2909	0.0181985
2910	0.0116326
2911	0.038571
2912	0.0096733
2913	0.0262403
2914	0.00531621
2915	0.00567242
2916	0.0165526
2917	0.0164698
2918	0.0118025
2919	0.00267949
2920	0.00683663
2921	0.00810809
2922	0.0107422
2923	0.0160188
2924	0.0440632
2925	0.0135931
2926	0.00719906
2927	0.00517171
2928	0.00111368
2929	0.00240049
2930	0.0160302
2931	0.012057
2932	0.0126039
2933	0.00837494
2934	0.00557167
2935	0.00769141
2936	0.0116156
2937	0.0123469
2938	0.0101419
2940	0.00578706
2941	0.0537661
2942	0.00211362
2943	0.00940083
2944	0.00503887
2945	0.0130452
2946	0.00899191
2947	0.00267679
2948	0.00109352
2950	0.00396623
2951	0.019601
2952	0.00775645
2953	0.0922834
2954	0.00868875
2955	0.0135226
2956	0.0126289
2957	0.0669792
2958	0.00820199
2959	0.169176
2960	0.00300073
2961	0.0149633
2962	0.591927
2963	0.0600856
2964	0.0116349
2965	0.0200391
2966	0.00514026
2967	0.00347773
2968	0.0241498
2969	0.016113
2970	0.0342269
2971	0.0200832
2972	0.0115406
2973	0.00890926
2974	0.119931
2975	0.0122254
2976	0.0094782
2977	0.00650468
2978	0.0725307
2979	0.0171477
2980	0.0121628
2981	0.00257577
2982	0.006673
2983	0.00887451
2984	0.0108449
2985	0.0159806
2986	0.0058622
2987	0.0148494
2988	0.0316057
2989	0.00528764
2990	0.00112627
2991	0.00237769
2992	0.0154949
2993	0.0126235
2994	0.0132908
2995	0.00840976
2996	0.00559033
2997	0.00930004
2998	0.0856886
2999	0.0120425
3000	0.00999833
3002	0.00670761
3003	0.0491953
3004	0.00207838
3005	0.011634
3006	0.0105173
3007	0.0111109
3008	0.00934639
3009	0.00272369
3012	0.00392204
3013	0.0176695
3014	0.00752809
3015	0.0149409
3016	0.0234961
3017	0.012377
3018	0.0528262
3019	0.0762333
3020	0.00861528
3021	0.142157
3022	0.00304431
3023	0.0104196
3024	0.0719634
3025	0.598784
3026	0.0493607
3027	0.0338778
3028	0.00522972
3029	0.00346995
3030	0.0118644
3031	0.0581367
3032	0.0240177
3033	0.0181091
3034	0.0153511
3035	0.00902521
3036	0.179507
3037	0.0233301
3038	0.0936794
3039	0.00616843
3040	0.00187571
3041	0.0172324
3042	0.012369
3043	0.0027004
3044	0.00743594
3045	0.00830406
3046	0.0126007
3047	0.0166271
3048	0.00529396
3049	0.0136726
3050	0.0172219
3051	0.0346943
3052	0.0673555
3053	0.0195092
3054	0.0173428
3055	0.016418
3056	0.0140928
3057	0.00911192
3058	0.00567855
3059	0.00773911
3060	0.00691103
3061	0.0133162
3062	0.0104748
3063	0.00245068
3064	0.00468298
3066	0.00211575
3067	0.00760656
3068	0.00497005
3069	0.025606
3070	0.00917581
3071	0.00270565
3074	0.00402981
3075	0.0162883
3076	0.00786147
3077	0.0571359
3078	0.0242793
3079	0.0142027
3080	0.0456375
3081	0.0462895
3082	0.00843652
3083	0.0765701
3084	0.00307908
3085	0.0109907
3086	0.0140135
3087	0.0393372
3088	0.589158
3089	0.0360314
3090	0.0181235
3091	0.0418104
3092	0.0470452
3093	0.0270438
3094	0.0625834
3095	0.0232555
3096	0.0137349
3097	0.0647686
3098	0.0145235
3099	0.0151522
3100	0.136894
3101	0.0068253
3102	0.00177778
3103	0.016839
3104	0.0118908
3105	0.00267801
3106	0.00675456
3107	0.00929087
3108	0.0110639
3109	0.0164307
3110	0.00486597
3111	0.0140753
3112	0.00669099
3113	0.0142477
3114	0.0011757
3115	0.0108187
3116	0.0168661
3117	0.0131734
3118	0.0131935
3119	0.00883193
3120	0.00558686
3121	0.0126478
3122	0.00691744
3123	0.013262
3124	0.0102135
3126	0.00507393
3127	0.00268077
3128	0.0023363
3129	0.00800353
3130	0.00536585
3131	0.0114958
3132	0.00900167
3133	0.00282032
3136	0.00402688
3137	0.0171574
3138	0.00799941
3139	0.0167607
3140	0.0144556
3141	0.0130426
3142	0.00980499
3143	0.0107202
3144	0.00861902
3146	0.00307994
3147	0.0114017
3148	0.0128009
3149	0.0215355
3150	0.0332659
3151	0.622627
3152	0.0620891
3153	0.0740886
3154	0.0145445
3155	0.0168178
3156	0.00752376
3157	0.0190452
3158	0.0150489
3159	0.0500658
3160	0.0110139
3161	0.0257332
3163	0.0059376
3164	0.00173927
3165	0.0159733
3166	0.0114637
3167	0.00265772
3168	0.00685494
3169	0.00832094
3170	0.0110535
3171	0.0185805
3172	0.00469147
3173	0.0137748
3174	0.00672654
3175	0.00784461
3176	0.00113521
3177	0.0120832
3178	0.016849
3179	0.0226219
3180	0.0146969
3181	0.0507564
3182	0.00558086
3183	0.00767703
3184	0.00583887
3185	0.016971
3186	0.00978049
3187	0.0579429
3188	0.00462161
3190	0.00216396
3191	0.00741015
3192	0.00485519
3193	0.0100313
3194	0.00914235
3195	0.0166422
3196	0.0247959
3198	0.0968009
3199	0.0158621
3200	0.0464091
3201	0.0140531
3202	0.0563225
3203	0.0146823
3204	0.037512
3205	0.010172
3206	0.0129053
3208	0.0548032
3209	0.0188651
3210	0.0111503
3211	0.00928022
3212	0.0152197
3213	0.0463971
3214	0.558299
3215	0.0914218
3216	0.0133985
3217	0.0143709
3218	0.00846281
3219	0.0178817
3220	0.0128529
3221	0.081508
3222	0.00931911
3223	0.0240348
3224	0.0353536
3225	0.00611909
3226	0.001784
3227	0.016387
3228	0.0125437
3229	0.00262042
3230	0.00663882
3231	0.00842235
3232	0.0106749
3233	0.0172918
3234	0.00467581
3235	0.0132124
3236	0.006967
3237	0.00574575
3238	0.00117378
3239	0.0237539
3240	0.0182177
3241	0.0129414
3242	0.0128231
3243	0.0108166
3244	0.00546805
3245	0.00795434
3246	0.00592348
3247	0.0126781
3248	0.00962119
3249	0.0305704
3250	0.00478373
3252	0.012846
3253	0.00753605
3254	0.00482941
3255	0.0143802
3256	0.00863251
3257	0.00267012
3258	0.0224102
3259	0.0172379
3260	0.00412649
3261	0.0163047
3262	0.00811261
3263	0.0186055
3264	0.0322306
3265	0.105607
3266	0.00931247
3267	0.00939561
3268	0.00811398
3270	0.00302251
3271	0.0108581
3272	0.0115771
3273	0.00931636
3274	0.013668
3275	0.0343923
3276	0.0560978
3277	0.518021
3278	0.0506331
3279	0.0138307
3280	0.00745802
3281	0.0211721
3282	0.0429319
3283	0.0625129
3284	0.00966939
3285	0.0171726
3287	0.00578461
3288	0.00177207
3289	0.0167895
3290	0.0132334
3291	0.00265685
3292	0.00778188
3293	0.00802523
3294	0.0118411
3295	0.016675
3296	0.00481801
3297	0.0131328
3298	0.0067832
3299	0.00703346
3300	0.0178338
3301	0.0508469
3302	0.0196765
3303	0.012306
3304	0.0127395
3305	0.00890576
3306	0.00552598
3307	0.00752519
3308	0.00624566
3309	0.0130319
3310	0.00990974
3311	0.00717593
3312	0.00456691
3314	0.002099
3315	0.00744822
3316	0.00472341
3317	0.0229412
3318	0.00856572
3319	0.00264466
3320	0.00126283
3322	0.00396596
3323	0.0163572
3324	0.00772588
3325	0.116716
3326	0.00919179
3327	0.0406346
3328	0.033061
3329	0.0105772
3330	0.00800782
3331	0.00175838
3332	0.00299111
3333	0.0115057
3334	0.0209237
3335	0.00952504
3336	0.0365979
3337	0.0217407
3338	0.00590955
3339	0.0892977
3340	0.581792
3341	0.0137353
3342	0.0713155
3343	0.0355795
3344	0.0122383
3345	0.0112519
3346	0.0102341
3347	0.0124715
3348	0.0386408
3349	0.00608933
3350	0.00180259
3351	0.0176775
3352	0.0117486
3353	0.00285246
3354	0.00682418
3355	0.00935259
3356	0.0113416
3357	0.0166786
3358	0.00511208
3359	0.0168108
3360	0.0094543
3361	0.00646828
3362	0.00111107
3363	0.00245362
3364	0.0156182
3365	0.0145691
3366	0.0130425
3367	0.00889125
3368	0.00564293
3369	0.00832345
3370	0.0064735
3371	0.0133139
3372	0.00977534
3374	0.0397835
3376	0.00212081
3377	0.00804868
3378	0.0130661
3379	0.0370332
3380	0.0128829
3381	0.00285261
3382	0.054739
3383	0.00635115
3384	0.00420771
3385	0.0176995
3386	0.00781981
3387	0.0138501
3388	0.0666247
3389	0.0147326
3390	0.0620528
3391	0.0283589
3392	0.0102614
3393	0.0329966
3394	0.0353573
3395	0.0161032
3396	0.0183228
3397	0.0769507
3398	0.0491573
3399	0.0270554
3400	0.00668931
3401	0.00891586
3402	0.0128196
3403	0.63225
3404	0.065503
3405	0.0280922
3406	0.0298425
3407	0.0172582
3408	0.0632797
3409	0.142014
3410	0.117632
3411	0.00572346
3412	0.00177084
3413	0.0161815
3414	0.0114986
3415	0.00322213
3416	0.0132812
3417	0.00814396
3418	0.0118146
3419	0.0165867
3420	0.0132568
3421	0.0140003
3422	0.00737007
3423	0.00816652
3424	0.00114247
3425	0.00250158
3426	0.0162164
3427	0.0130733
3428	0.0138144
3429	0.00898981
3430	0.00654635
3431	0.00752581
3432	0.00604353
3433	0.0137363
3434	0.0106704
3435	0.00188698
3436	0.0046459
3438	0.00206763
3439	0.00751216
3440	0.0048481
3441	0.0113209
3442	0.0107108
3443	0.00296388
3444	0.0241068
3446	0.0066328
3447	0.0163667
3448	0.0085759
3449	0.058775
3450	0.0164459
3451	0.0129081
3452	0.145493
3453	0.113613
3454	0.00956655
3455	0.0510501
3456	0.0474432
3457	0.0440129
3458	0.050325
3459	0.0281484
3460	0.0770063
3461	0.021273
3462	0.0166279
3463	0.0238577
3464	0.0980194
3465	0.0500363
3466	0.595916
3467	0.0218964
3468	0.0122753
3469	0.0316833
3470	0.0194367
3471	0.03447
3472	0.172903
3473	0.00614286
3474	0.00180065
3475	0.046614
3476	0.0297596
3477	0.0125914
3478	0.00814281
3479	0.00855144
3480	0.0121095
3481	0.0190175
3482	0.00504115
3483	0.013415
3484	0.0224311
3485	0.00541865
3486	0.00114627
3487	0.0498812
3488	0.0217486
3489	0.0130192
3490	0.0126557
3491	0.00958215
3492	0.00554688
3493	0.00762441
3494	0.00628262
3495	0.0137585
3496	0.00993931
3497	0.00562755
3498	0.00480749
3500	0.00221041
3501	0.00773722
3502	0.00483139
3503	0.100649
3504	0.00869826
3505	0.00264935
3506	0.0426659
3508	0.00401466
3509	0.0223542
3510	0.00770874
3511	0.0861583
3512	0.0104292
3513	0.104822
3514	0.0123815
3515	0.0116571
3516	0.00805887
3517	0.00133016
3518	0.00300219
3519	0.0112976
3520	0.036238
3521	0.0103678
3522	0.0773552
3523	0.02639
3524	0.00572663
3525	0.101759
3526	0.128051
3527	0.0724029
3528	0.0519758
3529	0.721696
3530	0.0491145
3531	0.0280327
3532	0.0109889
3533	0.0289488
3534	0.0618908
3535	0.0554586
3536	0.0368884
3537	0.0174581
3538	0.0195786
3539	0.00256136
3540	0.00654947
3541	0.0137499
3542	0.0104724
3543	0.0184321
3544	0.00464759
3545	0.0133702
3546	0.0295814
3547	0.00527385
3548	0.00111798
3549	0.0024142
3550	0.0169348
3551	0.0131797
3552	0.0128471
3553	0.010631
3554	0.00544302
3555	0.0273977
3556	0.00611393
3557	0.0120825
3558	0.00944499
3560	0.0786862
3561	0.0234805
3562	0.0962107
3563	0.00976959
3564	0.00566962
3565	0.0179423
3566	0.00862953
3567	0.00265845
3568	0.0440453
3569	0.0617803
3570	0.00394761
3571	0.0185348
3572	0.00765432
3573	0.0128945
3574	0.110257
3575	0.150799
3576	0.0093622
3577	0.00950897
3578	0.00814838
3580	0.00299727
3581	0.0102847
3582	0.011502
3583	0.0107644
3584	0.010896
3585	0.0215367
3586	0.00560815
3587	0.0817862
3588	0.0120543
3589	0.0173081
3590	0.0070173
3591	0.0201901
3592	0.583568
3593	0.0403413
3594	0.012466
3595	0.0262342
3597	0.00593814
3598	0.00177028
3599	0.0162041
3600	0.0117371
3601	0.00272164
3602	0.00666679
3603	0.00836652
3604	0.0107029
3605	0.0169677
3606	0.00470424
3607	0.0135226
3608	0.00681184
3609	0.0110469
3610	0.00117503
3611	0.00383237
3612	0.0190921
3613	0.0138996
3614	0.0130813
3615	0.0105988
3616	0.00550257
3617	0.00802411
3618	0.00591423
3619	0.0147124
3620	0.00975217
3621	0.0498919
3622	0.00496796
3624	0.0309064
3625	0.00757188
3626	0.00504392
3627	0.0116018
3628	0.00884456
3629	0.00273944
3630	0.0254916
3631	0.0194041
3632	0.0176705
3633	0.0161612
3634	0.0133499
3635	0.0170248
3636	0.0833771
3637	0.0229416
3638	0.00939627
3639	0.0103024
3640	0.00858549
3642	0.00334861
3643	0.0132621
3644	0.0116181
3645	0.00943807
3646	0.0374281
3647	0.032499
3648	0.0684514
3649	0.0841402
3650	0.013126
3651	0.0146607
3652	0.00874653
3653	0.0186808
3654	0.0274887
3655	0.555799
3656	0.0097569
3657	0.0352507
3659	0.00597189
3660	0.127442
3661	0.0167806
3662	0.0126358
3663	0.00255322
3664	0.00656789
3665	0.00845095
3666	0.0105521
3667	0.0159934
3668	0.00495122
3669	0.0136497
3670	0.0182928
3671	0.00508759
3672	0.00111938
3673	0.00236778
3674	0.0157725
3675	0.012165
3676	0.0127338
3677	0.00834517
3678	0.00548163
3679	0.0108225
3680	0.0793656
3681	0.0119467
3682	0.0096393
3684	0.0349441
3685	0.0730792
3686	0.00211367
3687	0.0312748
3688	0.0083268
3689	0.0118718
3690	0.0087969
3691	0.0026575
3694	0.00391089
3695	0.0178563
3696	0.00751831
3697	0.0156919
3698	0.015516
3699	0.0152352
3700	0.0124785
3701	0.0444851
3702	0.00821473
3703	0.161277
3704	0.00299153
3705	0.010321
3706	0.125419
3707	0.171211
3708	0.0162183
3709	0.0212541
3710	0.00513667
3711	0.0035102
3712	0.0126802
3713	0.0409131
3714	0.011784
3715	0.018187
3716	0.0181554
3717	0.00911356
3718	0.590532
3719	0.0163152
3720	0.0386499
3721	0.00593097
3722	0.00178651
3723	0.0165015
3724	0.0117832
3725	0.00259977
3726	0.00660246
3727	0.0098349
3728	0.0106845
3729	0.0169788
3730	0.00469048
3731	0.0139146
3732	0.00802199
3733	0.00528663
3734	0.00111253
3735	0.00243562
3736	0.0158946
3737	0.0142603
3738	0.0130884
3739	0.00912829
3740	0.00548789
3741	0.00845445
3742	0.00596475
3743	0.0131306
3744	0.00954613
3746	0.0234646
3748	0.00224644
3749	0.00780871
3750	0.0163754
3751	0.0129926
3752	0.0092812
3753	0.00280176
3754	0.0308124
3755	0.0381777
3756	0.00546458
3757	0.0163915
3758	0.00795904
3759	0.0128875
3760	0.0890251
3761	0.0186679
3762	0.01148
3763	0.013988
3764	0.00967448
3766	0.0249921
3767	0.0122866
3768	0.0118631
3769	0.0116404
3770	0.0109927
3771	0.0244658
3772	0.01205
3773	0.0220348
3774	0.0119813
3775	0.088999
3776	0.00967463
3777	0.0188053
3778	0.0200202
3779	0.0383258
3780	0.01098
3781	0.570847
3782	0.0763374
3783	0.00620827
3784	0.00638728
3785	0.0165856
3786	0.0120586
3787	0.00279182
3788	0.00768937
3789	0.0086137
3790	0.0136195
3791	0.0168722
3792	0.00623393
3793	0.0141018
3794	0.0709832
3795	0.00651703
3796	0.0124461
3797	0.00309323
3798	0.0164838
3799	0.0170592
3800	0.0162708
3801	0.00929643
3802	0.00584524
3803	0.00788492
3804	0.00730843
3805	0.0134454
3806	0.0105375
3808	0.00477027
3810	0.00209738
3811	0.00761692
3812	0.00512332
3813	0.0265161
3814	0.0111113
3815	0.00316129
3816	0.0184397
3817	0.0271556
3818	0.00445798
3819	0.0162908
3820	0.00801569
3821	0.0473857
3822	0.0803635
3823	0.0152497
3824	0.135479
3825	0.123058
3826	0.00998
3827	0.0981182
3828	0.0347116
3829	0.0130588
3830	0.0244551
3831	0.0872539
3832	0.143043
3833	0.0248954
3834	0.0590226
3835	0.059754
3836	0.0570352
3837	0.0894167
3838	0.163451
3839	0.0215812
3840	0.0143551
3841	0.037589
3842	0.0430588
3843	0.104679
3844	0.569675
