1 -0.182955 -0.0472833 
1 -0.151136 -0.0394075 
3 -0.532193 -0.390232 
3 -0.69888 -0.0128301 
2 -0.623857 0.606015 
1 -0.360288 -0.240279 
4 0.737914 -0.0704962 
2 -0.578859 0.733332 
1 -0.191285 -0.0362324 
3 -0.800829 -0.114725 
0 -0.541568 0.0731281 
4 0.75419 0.129443 
1 -0.3207 -0.197453 
2 -0.563647 0.746396 
2 -0.373258 0.747285 
0 0.336735 -0.898586 
2 -0.579708 0.890304 
3 -0.871649 -0.0816609 
2 -0.660723 0.694812 
3 -0.620882 -0.116003 
1 -0.189077 -0.322419 
4 0.754627 -0.0505773 
4 0.705169 -0.144559 
2 -0.59766 0.683728 
2 -0.546096 0.81211 
4 0.637728 0.0840558 
1 -0.282216 -0.423261 
2 -0.525929 0.715451 
2 -0.474382 0.857973 
3 -0.779617 -0.247669 
1 -0.00639953 0.0274302 
2 -0.452922 0.533393 
4 0.660508 -0.190284 
1 -0.13048 -0.146314 
3 -0.756855 -0.0600261 
1 -0.225652 -0.12149 
2 -0.403039 0.688229 
2 -0.693845 0.867037 
2 -0.686767 0.618482 
4 0.840749 -0.325951 
2 -0.478799 0.691831 
4 0.652718 -0.275863 
1 -0.25258 -0.294401 
2 -0.871576 0.651303 
1 0.0597366 -0.129903 
2 -0.667915 0.879288 
2 -0.506895 0.638172 
1 -0.137301 -0.477667 
0 0.310391 -0.47754 
3 -0.61425 0.042358 
