1 0.68421 -0.616601 0.144385 -0.484536 0.23913 0.255172 0.147679 -0.433962 0.18612 -0.255973 -0.089431 0.941392 0.122682 
1 0.142105 -0.588933 -0.165775 -0.938144 -0.347826 0.151724 0.0210971 -0.509434 -0.451104 -0.47099 -0.0731708 0.56044 0.101284 
1 0.121053 -0.359684 0.40107 -0.175258 -0.326087 0.255172 0.223629 -0.358491 0.514196 -0.249147 -0.105691 0.391941 0.293866 
1 0.757895 -0.521739 0.219251 -0.360825 -0.0652174 0.97931 0.329114 -0.584906 0.116719 0.112628 -0.382114 0.59707 0.714693 
1 0.163158 -0.268775 0.614973 0.0721649 0.0434783 0.255172 -0.00843878 -0.018868 -0.11041 -0.481229 -0.089431 0.216117 -0.348074 
1 0.668421 -0.596838 0.165775 -0.525773 -0.0869565 0.57931 0.28692 -0.207547 -0.0157728 -0.0665529 -0.0731708 0.157509 0.671897 
1 0.768421 -0.55336 0.165775 -0.587629 -0.434783 0.0482758 -0.0801688 -0.358491 -0.00946369 -0.322526 -0.121951 0.692308 0.443652 
1 0.594737 -0.442688 0.336898 -0.278351 0.108696 0.117241 -0.0843882 -0.320755 -0.470032 -0.356655 -0.0569107 0.692308 0.450785 
1 1 -0.644269 -0.13369 -0.649485 -0.413043 0.255172 0.113924 -0.396226 -0.00946369 -0.331058 -0.0243902 0.157509 0.0941512 
1 0.489474 -0.758893 -0.026738 -0.443299 -0.391304 0.37931 0.185654 -0.660377 -0.0914826 0.0136518 -0.138211 0.67033 0.0941512 
