Time Objective
0 0
0.09 69.1187
0.19 49.2894
0.31 46.0755
0.38 44.3927
0.44 42.1238
0.49 40.9214
0.54 40.3812
0.57 39.7576
0.61 39.5906
0.64 39.3966
0.67 39.2284
0.7 39.0756
0.73 39.0215
0.75 38.9362
0.78 38.9118
0.8 38.8913
0.83 38.8619
0.85 38.8525
0.88 38.8339
0.9 38.822
0.92 38.7983
0.94 38.8116
0.96 38.8027
0.99 38.7605
1.01 38.7532
1.03 38.7588
1.05 38.7624
1.07 38.7592
1.09 38.751
1.11 38.7396
1.13 38.7201
1.15 38.7212
1.16 38.7304
1.18 38.7279
1.2 38.7242
1.22 38.7815
1.24 38.7503
1.26 38.7388
1.27 38.7341
1.29 38.7383
1.3 38.6984
1.32 38.6943
1.34 38.6899
1.35 38.6839
1.37 38.6775
1.38 38.7199
1.4 38.7272
1.41 38.7009
1.42 38.6842
1.44 38.6556
1.45 38.6467
1.46 38.6431
1.47 38.6385
1.48 38.6391
1.5 38.6425
1.51 38.6442
1.53 38.6431
1.54 38.64
1.55 38.6367
1.57 38.6974
1.58 38.6592
1.59 38.6402
1.6 38.6293
1.61 38.6218
1.62 38.6199
1.64 38.6212
1.65 38.6187
1.66 38.6121
1.67 38.6102
1.69 38.6133
1.7 38.6075
1.71 38.607
1.73 38.6004
1.74 38.6005
1.75 38.6009
1.76 38.5995
1.78 38.5976
1.79 38.5955
1.81 38.5923
1.82 38.5888
1.83 38.5853
1.84 38.5819
1.85 38.5804
1.86 38.5812
1.87 38.5821
1.89 38.5823
1.9 38.5815
1.91 38.5803
1.93 38.5777
1.93 38.5746
1.95 38.5708
1.96 38.5652
1.97 38.5641
1.98 38.5634
1.99 38.5627
2 38.5615
2.01 38.5602
2.02 38.5589
2.03 38.5573
2.04 38.5558
2.05 38.5547
2.06 38.554
2.07 38.6337
2.08 38.5934
2.09 38.5729
2.09 38.5552
2.09 38.5517
2.1 38.5462
2.1 38.5446
2.11 38.5441
2.11 38.544
2.11 38.5435
2.12 38.5433
2.12 38.543
2.12 38.5428
2.13 38.5425
2.13 38.5423
2.13 38.542
2.14 38.5418
2.14 38.5416
2.15 38.5413
2.15 38.5411
2.15 38.5408
2.15 38.5406
2.16 38.5395
2.16 38.5392
2.16 38.5392
2.16 38.5392
2.17 38.5392
2.17 38.5392
2.17 38.5392
2.18 38.5392
2.18 38.5392
2.18 38.5392
2.18 38.5392
2.18 38.5392
2.18 38.5392
2.18 38.5392
2.18 38.5392
2.19 38.5392
2.19 38.5392
2.19 38.5392
2.19 38.5392
2.19 38.5392
2.19 38.5392
2.2 38.5392
2.2 38.5392
2.2 38.5392
2.2 38.5392
2.2 38.5392
2.2 38.5392
2.2 38.5392
2.2 38.5392
2.21 38.5392
2.21 38.5392
2.21 38.5392
2.21 38.5392
2.21 38.5392
2.21 38.5392
2.22 38.5392
2.22 38.5392
2.22 38.5392
2.22 38.5392
2.22 38.5392
2.22 38.5392
2.22 38.5392
2.22 38.5392
2.23 38.5392
2.23 38.5392
2.23 38.5392
2.23 38.5392
2.23 38.5392
2.23 38.5392
2.23 38.5392
2.23 38.5392
2.23 38.5392
2.24 38.5392
2.24 38.5392
2.24 38.5392
2.24 38.5392
2.24 38.5392
2.24 38.5392
2.24 38.5392
2.24 38.5392
2.25 38.5392
2.25 38.5392
2.25 38.5392
2.25 38.5392
2.25 38.5392
2.25 38.5392
2.26 38.5392
2.26 38.5392
2.26 38.5392
2.26 38.5392
2.26 38.5392
2.26 38.5392
2.26 38.5392
2.26 38.5392
2.27 38.5392
2.27 38.5392
2.27 38.5392
2.27 38.5392
2.27 38.5392
2.27 38.5392
2.28 38.5392
2.28 38.5392
2.28 38.5392
2.28 38.5392
2.28 38.5392
2.28 38.5392
2.28 38.5392
2.28 38.5392
2.29 38.5392
2.29 38.5392
2.29 38.5392
2.29 38.5392
2.29 38.5392
2.29 38.5392
2.3 38.5392
2.3 38.5392
2.3 38.5392
2.3 38.5392
2.3 38.5392
2.3 38.5392
2.3 38.5392
2.3 38.5392
2.3 38.5392
2.31 38.5392
2.31 38.5392
2.31 38.5392
2.31 38.5392
2.31 38.5392
2.31 38.5392
2.31 38.5392
2.31 38.5392
2.32 38.5392
2.32 38.5392
2.32 38.5392
2.32 38.5392
2.32 38.5392
2.32 38.5392
2.32 38.5392
2.32 38.5392
2.32 38.5392
2.33 38.5392
2.33 38.5392
2.33 38.5392
2.33 38.5392
2.33 38.5392
2.33 38.5392
2.34 38.5392
2.34 38.5392
2.34 38.5392
2.34 38.5392
2.34 38.5392
2.34 38.5392
2.34 38.5392
2.34 38.5392
2.35 38.5392
2.35 38.5392
2.35 38.5392
2.36 38.5392
2.36 38.5392
2.36 38.5392
2.36 38.5392
2.36 38.5392
2.36 38.5392
2.37 38.5392
2.37 38.5392
2.37 38.5392
2.37 38.5392
2.37 38.5392
2.37 38.5392
2.37 38.5392
2.37 38.5392
2.37 38.5392
2.37 38.5392
2.37 38.5392
2.38 38.5392
2.38 38.5392
2.38 38.5392
2.38 38.5392
2.38 38.5392
2.38 38.5392
2.39 38.5392
2.39 38.5392
2.4 38.5392
2.4 38.5392
2.4 38.5392
2.4 38.5392
2.4 38.5392
2.4 38.5392
2.4 38.5392
2.4 38.5392
2.4 38.5392
2.41 38.5392
2.41 38.5392
2.41 38.5392
2.41 38.5392
2.41 38.5392
