Time Objective
0 0
0.02 104.844
0.03 124.605
0.03 127.921
0.04 122.842
0.05 113.504
0.06 102.59
0.06 91.9726
0.07 82.7441
0.08 75.1808
0.09 69.1187
0.1 64.2774
0.11 60.4647
0.12 57.4868
0.13 55.1693
0.14 53.3811
0.15 52.0093
0.16 51.0036
0.17 50.2664
0.18 49.7148
0.2 49.2894
0.21 48.9322
0.22 48.5709
0.23 48.1961
0.24 47.8276
0.26 47.4955
0.27 47.1786
0.28 46.902
0.3 46.7673
0.3 46.4207
0.32 46.0755
0.33 45.8205
0.34 45.4537
0.34 45.3038
0.35 45.9465
0.36 45.5507
0.36 45.021
0.37 45.3863
0.38 45.2299
0.39 44.9032
0.39 44.3927
0.4 44.2091
0.4 43.7776
0.41 43.4332
0.42 43.3504
0.42 43.5037
0.43 43.1554
0.44 42.6014
0.44 42.7141
0.45 42.3004
0.45 42.1238
0.46 41.9704
0.46 41.8407
0.47 41.6691
0.47 41.5847
0.48 41.4368
0.48 41.3031
0.49 41.1849
0.49 41.0156
0.5 41.0205
0.5 40.9214
0.5 41.1085
0.51 40.8451
0.52 40.7156
0.52 40.5776
0.52 40.3768
0.53 40.2736
0.53 40.3843
0.54 40.2772
0.54 40.1758
0.54 40.3812
0.55 40.2415
0.55 40.1473
0.56 40.0664
0.56 40.0248
0.56 40.0509
0.57 39.9699
0.57 39.9042
0.57 39.8478
0.58 39.7952
0.58 39.7576
0.58 39.8352
0.59 39.7752
0.59 39.8553
0.6 39.798
0.6 39.7348
0.6 39.678
0.61 39.6353
0.61 39.6276
0.61 39.634
0.62 39.5906
0.62 39.566
0.62 39.5345
0.63 39.5134
0.63 39.6141
0.63 39.562
0.64 39.5331
0.64 39.4928
0.64 39.4477
0.65 39.4217
0.65 39.3966
0.65 39.3707
0.66 39.3513
0.66 39.3318
0.66 39.4743
0.66 39.4173
0.67 39.3763
0.67 39.3068
0.68 39.2784
0.68 39.2524
0.68 39.2284
0.68 39.2048
0.69 39.1834
0.69 39.1636
0.69 39.1437
0.7 39.1236
0.7 39.1054
0.7 39.0874
0.7 39.0768
0.71 39.0745
0.71 39.0756
0.71 39.0752
0.72 39.1014
0.72 39.0979
0.72 39.0768
0.72 39.072
0.73 39.0677
0.73 39.0626
0.73 39.0338
0.74 39.0299
0.74 39.0215
0.74 39.0142
0.74 39.0081
0.74 38.9978
0.75 38.9869
0.75 38.9752
0.75 38.9687
0.76 38.9596
0.76 38.9509
0.76 38.9431
0.76 38.9362
0.76 38.93
0.77 38.9263
0.77 38.924
0.77 38.9206
0.78 38.9178
0.78 38.9186
0.78 38.9165
0.78 38.9146
0.78 38.9134
0.79 38.9118
0.79 38.9105
0.79 38.9085
0.8 38.9075
0.8 38.9057
0.8 38.9038
0.8 38.9015
0.8 38.8999
0.81 38.8976
0.81 38.8947
0.81 38.8913
0.82 38.887
0.82 38.8831
0.82 38.879
0.82 38.8752
0.82 38.8724
0.83 38.8691
0.83 38.8661
0.83 38.8645
0.84 38.8631
0.84 38.8619
0.84 38.8603
0.84 38.8597
0.84 38.8585
0.85 38.858
0.85 38.8575
0.85 38.8573
0.86 38.8568
0.86 38.8558
0.86 38.8545
0.86 38.8525
0.86 38.8497
0.87 38.8907
0.87 38.8893
0.87 38.8808
0.88 38.8709
0.88 38.8613
0.88 38.852
0.88 38.8443
0.88 38.8392
0.89 38.8339
0.89 38.8299
0.89 38.8267
0.9 38.8243
0.9 38.8223
0.9 38.8201
0.9 38.8193
0.9 38.8182
0.91 38.8369
0.91 38.8296
0.91 38.822
0.91 38.8169
0.92 38.8125
0.92 38.8114
0.92 38.81
0.92 38.8087
0.92 38.8087
0.93 38.8075
0.93 38.8043
0.93 38.8009
0.93 38.7983
0.94 38.7977
0.94 38.7981
0.94 38.7981
0.94 38.7996
0.94 38.8013
0.94 38.8026
0.94 38.8051
0.94 38.8077
0.94 38.8093
0.95 38.8116
0.95 38.8133
0.95 38.814
0.95 38.8142
0.95 38.8138
0.95 38.813
0.96 38.8116
0.96 38.8097
0.96 38.8071
0.96 38.8053
0.96 38.8027
0.96 38.7998
0.96 38.7967
0.96 38.7931
0.96 38.7892
0.97 38.7855
0.97 38.7778
0.97 38.7735
0.97 38.7692
0.98 38.7648
0.98 38.7605
0.98 38.7561
0.98 38.7524
0.98 38.7494
0.98 38.7493
0.99 38.7496
0.99 38.7501
0.99 38.7508
1 38.7519
1 38.7528
1 38.7532
1 38.7538
1 38.7544
1 38.7551
1.01 38.7556
1.01 38.7556
1.01 38.7558
1.01 38.7562
1.02 38.7571
1.02 38.7577
1.02 38.7588
1.02 38.7591
1.02 38.7597
1.02 38.7607
1.03 38.7612
1.03 38.7617
1.03 38.7621
1.03 38.7623
1.04 38.7624
1.04 38.7623
1.04 38.7624
1.04 38.7625
1.04 38.7622
1.04 38.7619
1.05 38.7616
1.05 38.7613
1.05 38.7612
1.05 38.7607
1.06 38.7604
1.06 38.7596
1.06 38.7592
1.06 38.7583
1.06 38.7581
1.07 38.757
1.07 38.757
1.07 38.7557
1.07 38.7554
1.08 38.7541
1.08 38.7534
1.08 38.7517
1.08 38.751
1.08 38.7491
1.08 38.7477
1.09 38.7464
1.09 38.7454
1.09 38.7447
1.09 38.7444
1.1 38.7435
1.1 38.7425
1.1 38.7411
1.1 38.7396
1.28 38.7383
1.42 38.6556
1.55 38.6974
1.67 38.6133
1.79 38.5888
1.91 38.5746
2.01 38.5558
2.07 38.5441
2.1 38.5416
2.13 38.5392
2.14 38.5392
2.15 38.5392
2.16 38.5392
2.18 38.5392
2.19 38.5392
2.21 38.5392
2.22 38.5392
2.23 38.5392
2.25 38.5392
2.26 38.5392
2.27 38.5392
2.29 38.5392
2.3 38.5392
2.31 38.5392
2.32 38.5392
2.33 38.5392
2.35 38.5392
