Time Objective
0.825538 30.9309
1.70138 29.7309
2.57734 29.5724
3.44415 29.4476
4.31232 29.3851
5.04483 29.3851
5.67515 29.36
6.28902 29.33
6.90515 29.3143
7.52062 29.306
8.13635 29.2999
8.74715 29.2985
9.35089 29.2985
9.95348 29.2985
10.5548 29.2917
11.1557 29.2869
11.5812 29.2869
11.8685 29.2869
12.1535 29.2869
12.4386 29.2869
12.7256 29.2817
13.0093 29.2734
13.2927 29.27
13.5766 29.2669
13.8526 29.2669
14.0871 29.2633
14.1215 29.2599
14.1357 29.2599
14.1501 29.2599
14.1644 29.2599
14.1787 29.2599
14.193 29.2599
14.2073 29.2599
14.2217 29.2599
14.2362 29.2599
14.2505 29.2599
14.2648 29.2599
14.2792 29.2599
14.2935 29.2599
14.3078 29.2599
14.3221 29.2599
14.3364 29.2599
14.3508 29.2599
14.3651 29.2599
14.3794 29.2599
14.3937 29.2599
14.408 29.2599
14.4224 29.2599
14.4367 29.2599
14.451 29.2599
14.4657 29.2599
14.4802 29.2599
14.4946 29.2599
14.5089 29.2599
14.5234 29.2599
14.5378 29.2599
14.5522 29.2599
14.5666 29.2599
14.581 29.2599
14.5954 29.2599
14.6098 29.2599
14.6242 29.2599
14.6386 29.2599
14.653 29.2599
14.6673 29.2599
14.6816 29.2599
14.6959 29.2599
14.7102 29.2599
14.7246 29.2599
14.7389 29.2599
14.7532 29.2599
14.7675 29.2599
14.7818 29.2599
14.7961 29.2599
14.8104 29.2599
14.8247 29.2599
14.839 29.2599
14.8533 29.2599
14.8676 29.2599
14.8819 29.2599
14.8962 29.2599
14.9105 29.2599
14.9248 29.2599
14.9391 29.2599
14.9534 29.2599
14.9679 29.2599
14.9823 29.2599
14.9968 29.2599
15.0111 29.2599
15.0255 29.2599
15.0398 29.2599
15.0541 29.2599
15.0684 29.2599
15.0827 29.2599
15.0971 29.2599
15.1114 29.2599
15.1257 29.2599
15.14 29.2599
15.1543 29.2599
15.1686 29.2599
