time objective
0.00047971 80.8353
0.000814341 74.8466
0.00110612 74.8466
0.00150408 74.8466
0.00183279 74.8466
0.00209043 74.8466
0.00243446 74.8466
0.00275802 74.8466
0.00301113 74.8466
0.0033556 74.8466
0.00367123 74.8466
0.00392343 74.8466
0.00430142 73.4732
0.00452152 47.514
0.00472887 44.0355
0.0049338 44.0355
0.00535927 44.0355
0.00568454 44.0355
0.00593848 44.0355
0.0062956 44.0355
0.00661606 44.0355
0.00686656 44.0355
0.00724759 44.0355
0.00746415 44.0355
0.00767006 44.0355
0.00787443 44.0355
0.00827601 44.0355
0.00849678 44.0355
0.00870416 44.0355
0.00894369 44.0355
0.00933956 44.0355
0.00966883 44.0355
0.00991989 44.0355
0.0102692 44.0355
0.0105882 44.0355
0.0108392 44.0355
0.011209 44.0355
0.0114248 44.0355
0.0116337 44.0355
0.0118397 44.0355
0.0122192 44.0355
0.0125463 44.0355
0.0127999 44.0355
0.013173 44.0355
0.0132698 44.0355
0.0133683 44.0355
0.0134555 44.0355
0.0136243 44.0355
0.0137121 44.0355
0.0137936 44.0355
0.0138741 44.0355
0.0140304 44.0355
0.014166 44.0355
0.0142671 44.0355
0.0143994 44.0355
0.014536 44.0355
0.0146639 44.0355
0.0148609 44.0355
0.0150592 44.0355
0.0152124 44.0355
0.0154201 44.0355
0.0156208 44.0355
0.015776 44.0355
0.015975 44.0355
0.0161754 44.0355
0.0163259 44.0355
0.0165193 44.0355
0.0166714 44.0355
0.0167867 44.0355
0.0169475 44.0355
0.0171188 44.0355
0.0172327 44.0355
0.0174057 44.0355
0.0175045 44.0355
0.0175989 44.0355
0.0176907 44.0355
0.0178602 44.0355
0.0180044 44.0355
0.0181194 44.0355
0.018279 44.0355
0.0184256 44.0355
0.0185378 44.0355
0.0186938 44.0355
0.0188363 44.0355
0.018949 44.0355
0.0191037 44.0355
0.0192485 44.0355
0.0193607 44.0355
0.019539 44.0355
0.0197011 44.0355
0.0198256 44.0355
0.0200079 44.0355
0.0201731 44.0355
0.0203177 44.0355
0.0204928 44.0355
0.0206369 44.0355
0.0207494 44.0355
0.0209048 44.0355
0.0210611 44.0355
0.0211837 44.0355
0.0213183 44.0355
0.0214517 44.0355
0.021555 44.0355
0.0216976 44.0355
0.0217842 44.0355
0.0218659 44.0355
0.0219462 44.0355
0.0220939 44.0355
0.0222289 44.0355
0.0223328 44.0355
0.0224677 44.0355
0.0226029 44.0355
0.0227052 44.0355
0.0228404 44.0355
0.0229737 44.0355
0.0230766 44.0355
0.0232111 44.0355
0.0233456 44.0355
0.0234484 44.0355
0.0235823 44.0355
0.0237157 44.0355
0.0238173 44.0355
0.0239529 44.0355
0.0240852 44.0355
0.0241876 44.0355
0.0243219 44.0355
0.0244548 44.0355
0.024558 44.0355
0.0246933 44.0355
0.0248288 44.0355
0.0249307 44.0355
0.0250923 44.0355
0.0252258 44.0355
0.0253285 44.0355
0.0254638 44.0355
0.0255969 44.0355
0.0256984 44.0355
0.0258325 44.0355
0.0259644 44.0355
0.0260663 44.0355
0.026202 44.0355
0.0263347 44.0355
0.0264384 44.0355
0.0265725 44.0355
0.0267068 44.0355
0.0268115 44.0355
0.0269476 44.0355
0.0270804 44.0355
0.0271832 44.0355
0.0273271 44.0355
0.0274166 44.0355
0.0274998 44.0355
0.0276473 44.0355
0.0277831 44.0355
0.0278852 44.0355
0.0280203 44.0355
0.0281525 44.0355
0.0282569 44.0355
0.0284003 44.0355
0.0284903 44.0355
0.0285874 44.0355
0.0286819 44.0355
0.0288525 44.0355
0.0289863 44.0355
0.029112 44.0355
0.0292466 44.0355
0.0293935 44.0355
0.029504 44.0355
0.0296691 44.0355
0.0298251 44.0355
0.0299402 44.0355
0.0300974 44.0355
0.0302377 44.0355
0.0303406 44.0355
0.0304838 44.0355
0.0305766 44.0355
0.0306732 44.0355
0.0307532 44.0355
0.0309003 44.0355
0.0310339 44.0355
0.031137 44.0355
0.031273 44.0355
0.0314073 44.0355
0.0315108 44.0355
0.0316456 44.0355
0.0317813 44.0355
0.0318832 44.0355
0.0320178 44.0355
0.0321522 44.0355
0.0322553 44.0355
0.0323887 44.0355
0.032522 44.0355
0.0326238 44.0355
0.0327577 44.0355
0.0328922 44.0355
0.032994 44.0355
0.0331537 44.0355
0.0332878 44.0355
0.0333914 44.0355
0.0335342 44.0355
0.0336785 44.0355
0.033782 44.0355
0.0339168 44.0355
0.0340513 44.0355
0.0341536 44.0355
0.0342887 44.0355
0.0344231 44.0355
0.0345269 44.0355
0.0346613 44.0355
0.0347963 44.0355
0.0348989 44.0355
0.0350425 44.0355
0.0351302 44.0355
0.0352126 44.0355
0.0352929 44.0355
0.0354412 44.0355
0.0355766 44.0355
0.0356792 44.0355
0.0358323 44.0355
0.0359687 44.0355
0.0360712 44.0355
0.0362061 44.0355
0.0363401 44.0355
0.0364435 44.0355
0.0365856 44.0355
0.0366731 44.0355
0.0367555 44.0355
0.0368414 44.0355
0.0369883 44.0355
0.037151 44.0355
0.0372534 44.0355
0.0373876 44.0355
0.037522 44.0355
0.0376252 44.0355
0.0377677 44.0355
0.0378562 44.0355
0.037939 44.0355
0.0380941 44.0355
0.0381815 44.0355
0.0382626 44.0355
0.0383413 44.0355
0.0384876 44.0355
0.0386211 44.0355
0.0387228 44.0355
0.0388573 44.0355
0.038993 44.0355
0.0390967 44.0355
0.0392309 44.0355
0.0393654 44.0355
0.0394683 44.0355
0.0396033 44.0355
0.0397375 44.0355
0.0398409 44.0355
0.0399757 44.0355
0.0401095 44.0355
0.0402119 44.0355
0.0403466 44.0355
0.0404813 44.0355
0.0405835 44.0355
0.0407263 44.0355
0.0408118 44.0355
0.040893 44.0355
0.0409748 44.0355
0.0411436 44.0355
0.0412816 44.0355
0.0413845 44.0355
0.0415191 44.0355
0.0416509 44.0355
0.0417537 44.0355
0.0418878 44.0355
0.0420216 44.0355
0.0421234 44.0355
0.0422564 44.0355
0.0423887 44.0355
0.0424903 44.0355
0.0426246 44.0355
0.0427583 44.0355
0.0428615 44.0355
0.0429956 44.0355
0.0431287 44.0355
0.0432306 44.0355
0.0433726 44.0355
0.043458 44.0355
0.0435399 44.0355
0.0436202 44.0355
0.0437672 44.0355
0.0439024 44.0355
0.0440056 44.0355
0.0441422 44.0355
0.0442753 44.0355
0.0443771 44.0355
0.0445113 44.0355
0.0446436 44.0355
0.0447471 44.0355
0.0448813 44.0355
0.0450163 44.0355
0.0451401 44.0355
0.045283 44.0355
0.0453686 44.0355
0.0454507 44.0355
0.0455308 44.0355
0.0456786 44.0355
0.0458136 44.0355
0.0459165 44.0355
0.0460514 44.0355
0.0461836 44.0355
0.0462854 44.0355
0.0464211 44.0355
0.0465533 44.0355
0.046657 44.0355
0.0467912 44.0355
0.0469257 44.0355
0.0470277 44.0355
0.0471665 44.0355
0.0473644 44.0355
0.0475151 44.0355
0.04774 44.0355
0.0478757 44.0355
0.048011 44.0355
0.0481329 44.0355
0.0483778 44.0355
0.0485091 44.0355
0.0486323 44.0355
0.0487557 44.0355
0.0490065 44.0355
0.049167 44.0355
0.0492847 44.0355
0.0495086 44.0355
0.04972 44.0355
0.0498886 44.0355
0.050072 44.0355
0.0502125 44.0355
0.0503157 44.0355
0.0504518 44.0355
0.0505854 44.0355
0.0506875 44.0355
0.0508303 44.0355
0.0509712 44.0355
0.051078 44.0355
0.0512216 44.0355
0.0513559 44.0355
0.0514591 44.0355
0.0516012 44.0355
0.0516893 44.0355
0.0517712 44.0355
0.0518519 44.0355
0.0519999 44.0355
0.0521335 44.0355
0.0522353 44.0355
0.052379 44.0355
0.0524652 44.0355
0.052547 44.0355
0.0526272 44.0355
0.0527742 44.0355
0.0529097 44.0355
0.0530117 44.0355
0.053171 44.0355
0.0533062 44.0355
0.0534097 44.0355
0.0535453 44.0355
0.0536798 44.0355
0.0537823 44.0355
0.0539169 44.0355
0.0540513 44.0355
0.054154 44.0355
0.0542882 44.0355
0.054422 44.0355
0.0545264 44.0355
0.0546623 44.0355
0.0548 44.0355
0.0549023 44.0355
0.0550367 44.0355
0.0551696 44.0355
0.0552727 44.0355
0.0554064 44.0355
0.0555414 44.0355
0.0556434 44.0355
0.0557778 44.0355
0.055911 44.0355
0.0560136 44.0355
0.0561488 44.0355
0.056283 44.0355
0.0563869 44.0355
0.0565213 44.0355
0.0566557 44.0355
0.0567579 44.0355
0.0569018 44.0355
0.0569908 44.0355
0.0570953 44.0355
0.0571728 44.0355
0.0573223 44.0355
0.0574569 44.0355
0.057561 44.0355
0.0577028 44.0355
0.0577897 44.0355
0.057871 44.0355
0.0579517 44.0355
0.0580994 44.0355
0.0582328 44.0355
0.0583358 44.0355
0.0584791 44.0355
0.0585645 44.0355
0.0586455 44.0355
0.0587245 44.0355
0.0588717 44.0355
0.0590049 44.0355
0.0591069 44.0355
0.0592423 44.0355
0.0593767 44.0355
0.0594806 44.0355
0.0596231 44.0355
0.059711 44.0355
0.0597914 44.0355
0.0598705 44.0355
0.0600163 44.0355
0.060153 44.0355
0.0602553 44.0355
0.0603902 44.0355
0.0605238 44.0355
0.060627 44.0355
0.060769 44.0355
0.0608557 44.0355
0.0609375 44.0355
0.0610181 44.0355
0.0611934 44.0355
0.0613282 44.0355
0.0614304 44.0355
0.0615654 44.0355
0.0616979 44.0355
0.0618126 44.0355
0.0619643 44.0355
0.0620543 44.0355
0.0621365 44.0355
0.0622832 44.0355
0.0624177 44.0355
0.0625196 44.0355
0.0626616 44.0355
0.0627456 44.0355
0.0628277 44.0355
0.0629074 44.0355
0.0630543 44.0355
0.0631882 44.0355
0.0632912 44.0355
0.0634267 44.0355
0.0635614 44.0355
0.0636635 44.0355
0.0637973 44.0355
0.0639293 44.0355
0.0640325 44.0355
0.0641749 44.0355
0.0642585 44.0355
0.0643415 44.0355
0.0644212 44.0355
0.0645763 44.0355
0.0646614 44.0355
0.0647459 44.0355
0.0648265 44.0355
0.0649755 44.0355
0.0651142 44.0355
0.0652167 44.0355
0.065351 44.0355
0.0654842 44.0355
0.0655859 44.0355
0.0657199 44.0355
0.0658534 44.0355
0.065957 44.0355
0.0660906 44.0355
0.0662245 44.0355
0.0663264 44.0355
0.0664606 44.0355
0.0665942 44.0355
0.0666969 44.0355
0.0668306 44.0355
0.0669635 44.0355
0.0670652 44.0355
0.0672063 44.0355
0.0672919 44.0355
0.0673724 44.0355
0.0674522 44.0355
0.0675981 44.0355
0.067731 44.0355
0.0678336 44.0355
0.0679756 44.0355
0.0680595 44.0355
0.0681407 44.0355
0.0682194 44.0355
0.0683732 44.0355
0.068457 44.0355
0.0685377 44.0355
0.0686171 44.0355
0.0687728 44.0355
0.0688631 44.0355
0.0689436 44.0355
0.0691012 44.0355
0.0691854 44.0355
0.0692671 44.0355
0.0693476 44.0355
0.0695005 44.0355
0.0695864 44.0355
0.069668 44.0355
0.0697472 44.0355
0.069894 44.0355
0.0700274 44.0355
0.0701309 44.0355
0.0702723 44.0355
0.0703594 44.0355
0.0704387 44.0355
0.0705184 44.0355
0.0706643 44.0355
0.0707975 44.0355
0.0709009 44.0355
0.0710358 44.0355
0.0711701 44.0355
0.0712722 44.0355
0.0714065 44.0355
0.0715372 44.0355
0.0716401 44.0355
0.0717743 44.0355
0.0719082 44.0355
0.0720107 44.0355
0.0721525 44.0355
0.0722365 44.0355
0.0723187 44.0355
0.0723986 44.0355
0.0725429 44.0355
0.0726774 44.0355
0.0727808 44.0355
0.0729156 44.0355
0.0730477 44.0355
0.0731561 44.0355
0.073292 44.0355
0.073423 44.0355
0.0735266 44.0355
0.0736606 44.0355
0.0737928 44.0355
0.0738946 44.0355
0.0740298 44.0355
0.0741609 44.0355
0.0742625 44.0355
0.0743969 44.0355
0.0745276 44.0355
0.0746311 44.0355
0.074766 44.0355
0.0748983 44.0355
0.075 44.0355
0.0751338 44.0355
0.0752647 44.0355
0.0753662 44.0355
0.0755014 44.0355
0.0756333 44.0355
0.0757362 44.0355
0.07587 44.0355
0.0760015 44.0355
0.0761033 44.0355
0.076239 44.0355
0.0763702 44.0355
0.0764728 44.0355
0.0766159 44.0355
0.076702 44.0355
0.0767824 44.0355
0.0768618 44.0355
0.077008 44.0355
0.0771432 44.0355
0.0772449 44.0355
0.0773794 44.0355
0.0775125 44.0355
0.0776153 44.0355
0.0777492 44.0355
0.0778818 44.0355
0.0779849 44.0355
0.0781337 44.0355
0.0782597 44.0355
0.0783834 44.0355
0.0785038 44.0355
0.0787285 44.0355
0.0789294 44.0355
0.0790864 44.0355
0.0792902 44.0355
0.0794911 44.0355
0.0796492 44.0355
0.0798586 44.0355
0.080058 44.0355
0.0802134 44.0355
0.0804242 44.0355
0.0806229 44.0355
0.0807814 44.0355
0.0810059 44.0355
0.0811451 44.0355
0.0812712 44.0355
0.0815005 44.0355
0.0817046 44.0355
0.0818616 44.0355
0.0820721 44.0355
0.0822606 44.0355
0.0824079 44.0355
0.0826174 44.0355
0.0828105 44.0355
0.0829375 44.0355
0.0830801 44.0355
0.0832144 44.0355
0.0833167 44.0355
0.0834514 44.0355
0.0835859 44.0355
0.0836895 44.0355
0.0838239 44.0355
0.0839559 44.0355
0.0840588 44.0355
0.0842016 44.0355
0.0842886 44.0355
0.0843696 44.0355
0.0844499 44.0355
0.0845977 44.0355
0.0847317 44.0355
0.0848367 44.0355
0.0849717 44.0355
0.0851204 44.0355
0.085223 44.0355
0.0853577 44.0355
0.0854892 44.0355
0.0855927 44.0355
0.0857265 44.0355
0.0858603 44.0355
0.0859623 44.0355
0.0860985 44.0355
0.0862312 44.0355
0.0863338 44.0355
0.0864761 44.0355
0.0865617 44.0355
0.0866478 44.0355
0.0867245 44.0355
0.0868797 44.0355
0.0869645 44.0355
0.0870453 44.0355
0.0871254 44.0355
0.087272 44.0355
0.087408 44.0355
0.0875115 44.0355
0.0876455 44.0355
0.0877786 44.0355
0.0878809 44.0355
0.0880145 44.0355
0.0881475 44.0355
0.0882494 44.0355
0.0883913 44.0355
0.0884751 44.0355
0.0885554 44.0355
0.0886365 44.0355
0.0887812 44.0355
0.0889158 44.0355
0.0890175 44.0355
0.089159 44.0355
0.0892921 44.0355
0.0893947 44.0355
0.0895296 44.0355
0.0896641 44.0355
0.089768 44.0355
0.0899025 44.0355
0.0900357 44.0355
0.090139 44.0355
0.0902737 44.0355
0.0904075 44.0355
0.0905115 44.0355
0.0906555 44.0355
0.0907412 44.0355
0.0908243 44.0355
0.0909047 44.0355
0.0910501 44.0355
0.091184 44.0355
0.0912872 44.0355
0.0914228 44.0355
0.0915559 44.0355
0.0916599 44.0355
0.0918025 44.0355
0.0918895 44.0355
0.0919709 44.0355
0.0920515 44.0355
0.0921985 44.0355
0.0923325 44.0355
0.0924363 44.0355
0.0925699 44.0355
0.0927032 44.0355
0.0928146 44.0355
0.0929578 44.0355
0.0930947 44.0355
0.0931982 44.0355
0.0933387 44.0355
0.0934701 44.0355
0.0935742 44.0355
0.093708 44.0355
0.0938412 44.0355
0.0939433 44.0355
0.0940796 44.0355
0.0942291 44.0355
0.0943321 44.0355
0.0944738 44.0355
0.0945577 44.0355
0.094641 44.0355
0.0947204 44.0355
0.0948684 44.0355
0.0950014 44.0355
0.0951044 44.0355
0.0952481 44.0355
0.0953322 44.0355
0.095414 44.0355
0.0954935 44.0355
0.0956403 44.0355
0.0957753 44.0355
0.0958778 44.0355
0.0960124 44.0355
0.0961458 44.0355
0.0962489 44.0355
0.0963828 44.0355
0.0965148 44.0355
0.096618 44.0355
0.0967597 44.0355
0.0968453 44.0355
0.0969262 44.0355
0.0970061 44.0355
0.0971872 44.0355
0.0973214 44.0355
0.0974251 44.0355
0.0975599 44.0355
0.0976944 44.0355
0.0977966 44.0355
0.0979311 44.0355
0.0980631 44.0355
0.0981663 44.0355
0.098299 44.0355
0.0984327 44.0355
0.0985348 44.0355
0.098669 44.0355
0.0988018 44.0355
0.0989043 44.0355
0.0990392 44.0355
0.0991719 44.0355
0.0992754 44.0355
0.0994095 44.0355
0.0995426 44.0355
0.0996444 44.0355
0.0997784 44.0355
0.0999117 44.0355
0.100014 44.0355
0.100149 44.0355
0.100282 44.0355
0.100385 44.0355
0.10052 44.0355
0.100654 44.0355
0.100756 44.0355
0.10089 44.0355
0.101022 44.0355
0.10113 44.0355
0.101274 44.0355
0.101359 44.0355
0.101441 44.0355
0.10152 44.0355
0.101667 44.0355
0.1018 44.0355
0.101902 44.0355
0.102037 44.0355
0.10217 44.0355
0.102274 44.0355
0.102415 44.0355
0.102504 44.0355
0.102587 44.0355
0.10274 44.0355
0.102827 44.0355
0.102908 44.0355
0.102988 44.0355
0.103134 44.0355
0.103267 44.0355
0.103372 44.0355
0.103506 44.0355
0.10364 44.0355
0.103742 44.0355
0.103884 44.0355
0.103967 44.0355
0.104049 44.0355
0.104129 44.0355
0.104276 44.0355
0.104412 44.0355
0.104514 44.0355
0.104649 44.0355
0.104781 44.0355
0.104883 44.0355
0.105017 44.0355
0.105157 44.0355
0.105263 44.0355
0.105398 44.0355
0.105531 44.0355
0.105634 44.0355
0.105776 44.0355
0.105862 44.0355
0.105946 44.0355
0.106023 44.0355
0.10617 44.0355
0.106303 44.0355
0.106405 44.0355
0.106539 44.0355
0.106672 44.0355
0.106774 44.0355
0.106907 44.0355
0.10704 44.0355
0.107143 44.0355
0.107285 44.0355
0.107432 44.0355
0.107534 44.0355
0.107669 44.0355
0.1078 44.0355
0.107903 44.0355
0.108036 44.0355
0.108172 44.0355
0.108274 44.0355
0.108409 44.0355
0.10854 44.0355
0.108642 44.0355
0.108777 44.0355
0.10891 44.0355
0.109019 44.0355
0.109248 44.0355
0.109374 44.0355
0.109491 44.0355
0.109616 44.0355
0.109841 44.0355
0.110045 44.0355
0.110201 44.0355
0.110412 44.0355
0.110613 44.0355
0.110771 44.0355
0.110983 44.0355
0.111184 44.0355
0.11134 44.0355
0.111565 44.0355
0.111695 44.0355
0.111819 44.0355
0.111944 44.0355
0.11217 44.0355
0.112374 44.0355
0.112532 44.0355
0.112743 44.0355
0.112939 44.0355
0.11309 44.0355
0.113288 44.0355
0.113483 44.0355
0.113638 44.0355
0.113822 44.0355
0.11391 44.0355
0.113993 44.0355
0.114075 44.0355
0.114231 44.0355
0.11432 44.0355
0.114402 44.0355
0.114557 44.0355
0.114642 44.0355
0.114725 44.0355
0.114804 44.0355
0.114951 44.0355
0.115086 44.0355
0.115188 44.0355
0.115323 44.0355
0.115456 44.0355
0.115558 44.0355
0.115694 44.0355
0.115825 44.0355
0.11593 44.0355
0.116064 44.0355
0.116199 44.0355
0.116302 44.0355
0.116436 44.0355
0.116567 44.0355
0.116671 44.0355
0.116805 44.0355
0.116938 44.0355
0.11704 44.0355
0.117189 44.0355
0.117279 44.0355
0.117362 44.0355
0.117507 44.0355
0.117642 44.0355
0.117744 44.0355
0.117879 44.0355
0.118011 44.0355
0.118114 44.0355
0.118249 44.0355
0.118382 44.0355
0.118485 44.0355
0.118619 44.0355
0.11875 44.0355
0.118852 44.0355
0.118995 44.0355
0.119081 44.0355
0.119163 44.0355
0.119243 44.0355
0.11939 44.0355
0.119523 44.0355
0.119625 44.0355
0.119761 44.0355
0.119895 44.0355
0.119998 44.0355
0.120141 44.0355
0.120225 44.0355
0.120306 44.0355
0.120386 44.0355
0.120532 44.0355
0.120666 44.0355
0.120769 44.0355
0.120904 44.0355
0.121036 44.0355
0.121153 44.0355
0.121298 44.0355
0.121459 44.0355
0.121562 44.0355
0.121696 44.0355
0.121827 44.0355
0.121931 44.0355
0.122065 44.0355
0.122199 44.0355
0.122302 44.0355
0.122436 44.0355
0.122568 44.0355
0.12267 44.0355
0.122805 44.0355
0.122939 44.0355
0.123042 44.0355
0.123176 44.0355
0.123312 44.0355
0.123447 44.0355
0.123581 44.0355
0.123684 44.0355
0.123818 44.0355
0.123949 44.0355
0.124053 44.0355
0.124195 44.0355
0.124284 44.0355
0.124366 44.0355
0.124442 44.0355
0.124587 44.0355
0.12472 44.0355
0.124823 44.0355
0.124957 44.0355
0.125113 44.0355
0.125215 44.0355
0.12535 44.0355
0.12548 44.0355
0.125583 44.0355
0.125725 44.0355
0.125811 44.0355
0.125891 44.0355
0.125972 44.0355
0.126118 44.0355
0.126252 44.0355
0.126355 44.0355
0.126497 44.0355
0.126582 44.0355
0.126664 44.0355
0.126745 44.0355
0.126891 44.0355
0.127024 44.0355
0.127127 44.0355
0.127264 44.0355
0.127398 44.0355
0.127501 44.0355
0.127636 44.0355
0.127768 44.0355
0.127872 44.0355
0.128007 44.0355
0.128141 44.0355
0.128244 44.0355
0.128379 44.0355
0.128511 44.0355
0.128614 44.0355
0.128748 44.0355
0.128882 44.0355
0.128986 44.0355
0.129152 44.0355
0.129238 44.0355
0.129321 44.0355
0.129401 44.0355
0.129562 44.0355
0.129664 44.0355
0.12976 44.0355
0.129855 44.0355
0.13001 44.0355
0.130144 44.0355
0.130247 44.0355
0.130381 44.0355
0.130515 44.0355
0.130618 44.0355
0.130761 44.0355
0.130845 44.0355
0.130928 44.0355
0.131007 44.0355
0.131155 44.0355
0.131287 44.0355
0.131389 44.0355
0.131525 44.0355
0.131657 44.0355
0.131762 44.0355
0.131897 44.0355
0.132029 44.0355
0.132132 44.0355
0.132267 44.0355
0.132399 44.0355
0.132502 44.0355
0.132638 44.0355
0.13277 44.0355
0.132872 44.0355
0.133006 44.0355
0.133169 44.0355
0.133272 44.0355
0.133408 44.0355
0.13354 44.0355
0.133651 44.0355
0.133797 44.0355
0.13393 44.0355
0.134033 44.0355
0.134168 44.0355
0.134299 44.0355
0.134401 44.0355
0.134544 44.0355
0.134628 44.0355
0.134711 44.0355
0.134792 44.0355
0.134939 44.0355
0.135074 44.0355
0.135177 44.0355
0.135312 44.0355
0.135445 44.0355
0.135548 44.0355
0.135682 44.0355
0.135815 44.0355
0.135917 44.0355
0.136052 44.0355
0.136185 44.0355
0.136297 44.0355
0.136445 44.0355
0.136577 44.0355
0.136681 44.0355
0.136815 44.0355
0.136949 44.0355
0.137065 44.0355
0.13721 44.0355
0.137342 44.0355
0.137445 44.0355
0.137579 44.0355
0.137731 44.0355
0.137834 44.0355
0.137969 44.0355
0.1381 44.0355
0.138203 44.0355
0.138337 44.0355
0.138471 44.0355
0.138575 44.0355
0.13871 44.0355
0.138843 44.0355
0.138945 44.0355
0.139087 44.0355
0.139173 44.0355
0.139254 44.0355
0.139334 44.0355
0.139488 44.0355
0.139574 44.0355
0.139655 44.0355
0.139734 44.0355
0.139896 44.0355
0.140097 44.0355
0.140249 44.0355
0.140473 44.0355
0.140601 44.0355
0.140727 44.0355
0.14085 44.0355
0.141098 44.0355
0.141303 44.0355
0.141459 44.0355
0.141673 44.0355
0.141872 44.0355
0.142032 44.0355
0.142257 44.0355
0.142394 44.0355
0.142521 44.0355
0.14264 44.0355
0.142869 44.0355
0.143067 44.0355
0.143223 44.0355
0.143434 44.0355
0.143635 44.0355
0.143786 44.0355
0.143991 44.0355
0.144184 44.0355
0.144339 44.0355
0.144526 44.0355
0.144681 44.0355
0.144787 44.0355
0.144931 44.0355
0.145015 44.0355
0.145132 44.0355
0.145214 44.0355
0.145362 44.0355
0.145497 44.0355
0.1456 44.0355
0.145735 44.0355
0.145867 44.0355
0.145971 44.0355
0.146114 44.0355
0.146204 44.0355
0.146287 44.0355
0.146363 44.0355
0.14651 44.0355
0.146644 44.0355
0.146748 44.0355
0.146884 44.0355
0.147017 44.0355
0.14712 44.0355
0.147263 44.0355
0.147347 44.0355
0.147432 44.0355
0.14751 44.0355
0.147656 44.0355
0.14779 44.0355
0.147892 44.0355
0.148034 44.0355
0.14812 44.0355
0.1482 44.0355
0.148282 44.0355
0.148437 44.0355
0.148524 44.0355
0.148605 44.0355
0.148685 44.0355
0.14884 44.0355
0.148929 44.0355
0.149014 44.0355
0.149185 44.0355
0.149322 44.0355
0.149425 44.0355
0.14956 44.0355
0.149692 44.0355
0.149796 44.0355
0.14993 44.0355
0.150064 44.0355
0.150167 44.0355
0.150302 44.0355
0.150433 44.0355
0.150536 44.0355
0.15067 44.0355
0.150804 44.0355
0.150908 44.0355
0.151042 44.0355
0.151174 44.0355
0.151277 44.0355
0.151422 44.0355
0.151506 44.0355
0.151587 44.0355
0.151668 44.0355
0.151822 44.0355
0.151909 44.0355
0.151992 44.0355
0.152073 44.0355
0.15222 44.0355
0.152354 44.0355
0.152458 44.0355
0.152592 44.0355
0.152726 44.0355
0.152829 44.0355
0.152963 44.0355
0.153115 44.0355
0.153218 44.0355
0.153354 44.0355
0.153487 44.0355
0.153594 44.0355
0.153729 44.0355
0.153862 44.0355
0.153965 44.0355
0.1541 44.0355
0.154234 44.0355
0.154338 44.0355
0.154473 44.0355
0.154605 44.0355
0.154709 44.0355
0.154844 44.0355
0.154978 44.0355
0.155081 44.0355
0.155224 44.0355
0.155309 44.0355
0.15539 44.0355
0.155471 44.0355
0.155617 44.0355
0.155752 44.0355
0.155854 44.0355
0.155996 44.0355
0.156085 44.0355
0.156168 44.0355
0.156315 44.0355
0.156448 44.0355
0.156551 44.0355
0.156686 44.0355
0.156817 44.0355
0.156922 44.0355
0.157087 44.0355
0.15723 44.0355
0.157334 44.0355
0.157476 44.0355
0.15756 44.0355
0.157642 44.0355
0.157723 44.0355
0.157869 44.0355
0.158004 44.0355
0.158107 44.0355
0.158243 44.0355
0.158374 44.0355
0.158477 44.0355
0.158612 44.0355
0.158746 44.0355
0.15885 44.0355
0.158985 44.0355
0.159118 44.0355
0.159221 44.0355
0.159356 44.0355
0.159489 44.0355
0.159594 44.0355
0.159737 44.0355
0.159822 44.0355
0.159903 44.0355
0.159982 44.0355
0.16013 44.0355
0.160265 44.0355
0.160369 44.0355
0.160513 44.0355
0.160602 44.0355
0.160684 44.0355
0.160839 44.0355
0.160925 44.0355
0.161007 44.0355
0.16109 44.0355
0.161237 44.0355
0.161374 44.0355
0.161477 44.0355
0.161612 44.0355
0.161745 44.0355
0.161849 44.0355
0.161984 44.0355
0.162117 44.0355
0.162219 44.0355
0.162354 44.0355
0.162487 44.0355
0.162589 44.0355
0.162733 44.0355
0.162818 44.0355
0.162903 44.0355
0.162981 44.0355
0.163128 44.0355
0.163262 44.0355
0.163364 44.0355
0.163508 44.0355
0.163593 44.0355
0.163675 44.0355
0.163757 44.0355
0.16391 44.0355
0.163998 44.0355
0.164079 44.0355
0.164159 44.0355
0.164306 44.0355
0.164439 44.0355
0.164543 44.0355
0.164686 44.0355
0.164771 44.0355
0.164857 44.0355
0.164934 44.0355
0.165084 44.0355
0.165219 44.0355
0.165322 44.0355
0.165459 44.0355
0.165591 44.0355
0.165695 44.0355
0.165839 44.0355
0.165922 44.0355
0.166006 44.0355
0.166085 44.0355
0.16624 44.0355
0.166325 44.0355
0.166406 44.0355
0.166486 44.0355
0.166634 44.0355
0.166769 44.0355
0.166872 44.0355
0.167007 44.0355
0.167139 44.0355
0.167243 44.0355
0.167378 44.0355
0.167512 44.0355
0.167617 44.0355
0.167753 44.0355
0.167886 44.0355
0.167989 44.0355
0.168124 44.0355
0.168258 44.0355
0.168362 44.0355
0.168497 44.0355
0.168631 44.0355
0.168735 44.0355
0.16887 44.0355
0.169005 44.0355
0.169115 44.0355
0.16925 44.0355
0.169383 44.0355
0.169488 44.0355
0.169624 44.0355
0.16976 44.0355
0.169863 44.0355
0.169998 44.0355
0.170131 44.0355
0.170234 44.0355
0.170378 44.0355
0.170468 44.0355
0.170552 44.0355
0.17073 44.0355
0.170932 44.0355
0.171085 44.0355
0.171309 44.0355
0.171441 44.0355
0.171567 44.0355
0.171686 44.0355
0.171915 44.0355
0.172117 44.0355
0.172276 44.0355
0.1725 44.0355
0.172629 44.0355
0.172754 44.0355
0.172876 44.0355
0.173119 44.0355
0.17325 44.0355
0.173374 44.0355
0.173496 44.0355
0.173727 44.0355
0.17393 44.0355
0.174089 44.0355
0.1743 44.0355
0.174499 44.0355
0.174647 44.0355
0.174868 44.0355
0.174995 44.0355
0.175117 44.0355
0.175242 44.0355
0.175447 44.0355
0.175586 44.0355
0.17569 44.0355
0.175835 44.0355
0.175926 44.0355
0.17601 44.0355
0.176157 44.0355
0.17629 44.0355
0.176393 44.0355
0.176529 44.0355
0.176663 44.0355
0.176768 44.0355
0.17691 44.0355
0.176994 44.0355
0.177083 44.0355
0.177164 44.0355
0.17732 44.0355
0.177408 44.0355
0.177494 44.0355
0.177571 44.0355
0.177721 44.0355
0.177855 44.0355
0.177959 44.0355
0.178102 44.0355
0.178188 44.0355
0.17827 44.0355
0.17835 44.0355
0.178498 44.0355
0.178633 44.0355
0.178736 44.0355
0.17888 44.0355
0.178967 44.0355
0.179048 44.0355
0.179128 44.0355
0.179275 44.0355
0.179411 44.0355
0.179516 44.0355
0.179663 44.0355
0.179803 44.0355
0.179909 44.0355
0.180048 44.0355
0.180183 44.0355
0.180289 44.0355
0.180437 44.0355
0.180524 44.0355
0.180608 44.0355
0.18069 44.0355
0.180843 44.0355
0.18098 44.0355
0.1811 44.0355
0.181252 44.0355
0.181338 44.0355
0.181422 44.0355
0.181505 44.0355
0.181656 44.0355
0.181794 44.0355
0.181901 44.0355
0.182043 44.0355
0.182178 44.0355
0.182286 44.0355
0.182434 44.0355
0.18252 44.0355
0.182606 44.0355
0.182688 44.0355
0.182838 44.0355
0.182975 44.0355
0.183081 44.0355
0.18322 44.0355
0.183357 44.0355
0.183469 44.0355
0.183615 44.0355
0.183703 44.0355
0.183786 44.0355
0.18387 44.0355
0.18402 44.0355
0.184159 44.0355
0.184266 44.0355
0.184415 44.0355
0.184505 44.0355
0.18459 44.0355
0.184749 44.0355
0.184839 44.0355
0.184922 44.0355
0.185005 44.0355
0.185164 44.0355
0.185301 44.0355
0.185408 44.0355
0.185547 44.0355
0.185685 44.0355
0.185791 44.0355
0.18593 44.0355
0.186066 44.0355
0.186172 44.0355
0.186311 44.0355
0.186449 44.0355
0.186557 44.0355
0.186704 44.0355
0.186794 44.0355
0.18688 44.0355
0.187032 44.0355
0.18717 44.0355
0.187276 44.0355
0.187415 44.0355
0.187551 44.0355
0.187656 44.0355
0.187795 44.0355
0.187933 44.0355
0.18804 44.0355
0.188178 44.0355
0.188315 44.0355
0.188421 44.0355
0.18856 44.0355
0.188698 44.0355
0.188804 44.0355
0.188943 44.0355
0.189085 44.0355
0.189191 44.0355
0.18933 44.0355
0.189467 44.0355
0.189573 44.0355
0.189711 44.0355
0.189846 44.0355
0.189953 44.0355
0.19009 44.0355
0.19023 44.0355
0.190337 44.0355
0.190476 44.0355
0.190612 44.0355
0.190717 44.0355
0.190864 44.0355
0.190954 44.0355
0.191037 44.0355
0.19112 44.0355
0.191272 44.0355
0.191409 44.0355
0.191516 44.0355
0.191654 44.0355
0.191792 44.0355
0.191899 44.0355
0.192037 44.0355
0.192174 44.0355
0.192314 44.0355
0.192452 44.0355
0.192558 44.0355
0.192697 44.0355
0.192833 44.0355
0.192939 44.0355
0.193102 44.0355
0.193191 44.0355
0.193276 44.0355
0.19336 44.0355
0.193512 44.0355
0.193648 44.0355
0.193755 44.0355
0.193894 44.0355
0.194032 44.0355
0.194138 44.0355
0.194278 44.0355
0.194414 44.0355
0.194522 44.0355
0.194661 44.0355
0.194799 44.0355
0.194905 44.0355
0.195044 44.0355
0.195179 44.0355
0.195286 44.0355
0.195434 44.0355
0.195523 44.0355
0.195608 44.0355
0.195692 44.0355
0.195842 44.0355
0.195979 44.0355
0.196085 44.0355
0.196227 44.0355
0.196365 44.0355
0.196472 44.0355
0.196612 44.0355
0.196749 44.0355
0.196855 44.0355
0.196995 44.0355
0.197137 44.0355
0.197243 44.0355
0.197392 44.0355
0.19748 44.0355
0.197566 44.0355
0.19765 44.0355
0.197801 44.0355
0.197939 44.0355
0.198046 44.0355
0.198185 44.0355
0.19832 44.0355
0.198427 44.0355
0.198567 44.0355
0.198703 44.0355
0.198808 44.0355
0.198947 44.0355
0.199081 44.0355
0.199188 44.0355
0.199328 44.0355
0.199463 44.0355
0.199571 44.0355
0.199709 44.0355
0.199846 44.0355
0.199952 44.0355
0.200092 44.0355
0.200227 44.0355
0.200334 44.0355
0.200482 44.0355
0.200568 44.0355
0.200655 44.0355
0.200737 44.0355
0.200888 44.0355
0.201025 44.0355
0.201136 44.0355
0.201277 44.0355
0.201413 44.0355
0.201532 44.0355
0.201747 44.0355
0.201946 44.0355
0.202107 44.0355
0.202327 44.0355
0.202531 44.0355
0.202696 44.0355
0.202932 44.0355
0.20314 44.0355
0.203351 44.0355
0.203553 44.0355
0.20371 44.0355
0.20392 44.0355
0.20412 44.0355
0.204275 44.0355
0.204503 44.0355
0.204632 44.0355
0.204761 44.0355
0.204886 44.0355
0.205124 44.0355
0.205327 44.0355
0.205486 44.0355
0.205698 44.0355
0.205825 44.0355
0.205953 44.0355
0.206172 44.0355
0.206343 44.0355
0.20646 44.0355
0.206597 44.0355
0.206732 44.0355
0.206837 44.0355
0.206973 44.0355
0.207106 44.0355
0.207209 44.0355
0.207352 44.0355
0.207439 44.0355
0.207521 44.0355
0.207602 44.0355
0.207751 44.0355
0.207885 44.0355
0.207989 44.0355
0.208135 44.0355
0.208222 44.0355
0.208303 44.0355
0.208385 44.0355
0.208532 44.0355
0.208666 44.0355
0.208769 44.0355
0.208904 44.0355
0.209037 44.0355
0.209147 44.0355
0.209291 44.0355
0.209376 44.0355
0.209459 44.0355
0.20954 44.0355
0.209687 44.0355
0.209823 44.0355
0.209926 44.0355
0.210062 44.0355
0.210194 44.0355
0.210298 44.0355
0.210433 44.0355
0.210568 44.0355
0.210671 44.0355
0.210814 44.0355
0.2109 44.0355
0.210982 44.0355
0.211062 44.0355
0.211216 44.0355
0.211313 44.0355
0.211398 44.0355
0.211481 44.0355
0.21164 44.0355
0.211735 44.0355
0.21182 44.0355
0.211899 44.0355
0.212045 44.0355
0.212179 44.0355
0.212285 44.0355
0.212421 44.0355
0.212555 44.0355
0.21266 44.0355
0.212796 44.0355
0.212929 44.0355
0.213034 44.0355
0.213176 44.0355
0.21331 44.0355
0.213415 44.0355
0.213559 44.0355
0.213646 44.0355
0.213728 44.0355
0.21381 44.0355
0.213958 44.0355
0.214091 44.0355
0.214196 44.0355
0.214333 44.0355
0.214472 44.0355
0.214576 44.0355
0.21472 44.0355
0.214805 44.0355
0.214889 44.0355
0.214971 44.0355
0.215118 44.0355
0.215253 44.0355
0.215356 44.0355
0.215493 44.0355
0.215626 44.0355
0.21573 44.0355
0.215867 44.0355
0.215999 44.0355
0.216104 44.0355
0.216239 44.0355
0.216373 44.0355
0.216477 44.0355
0.216614 44.0355
0.216746 44.0355
0.216851 44.0355
0.216986 44.0355
0.217133 44.0355
0.217237 44.0355
0.217374 44.0355
0.217506 44.0355
0.21761 44.0355
0.217754 44.0355
0.217839 44.0355
0.217928 44.0355
0.218006 44.0355
0.218155 44.0355
0.218288 44.0355
0.218392 44.0355
0.218528 44.0355
0.21866 44.0355
0.218765 44.0355
0.2189 44.0355
0.219033 44.0355
0.219137 44.0355
0.219272 44.0355
0.219403 44.0355
0.219508 44.0355
0.219643 44.0355
0.219775 44.0355
0.219888 44.0355
0.220034 44.0355
0.220168 44.0355
0.220271 44.0355
0.220415 44.0355
0.2205 44.0355
0.220581 44.0355
0.220662 44.0355
0.22081 44.0355
0.220945 44.0355
0.221078 44.0355
0.221216 44.0355
0.221348 44.0355
0.221451 44.0355
0.221586 44.0355
0.221719 44.0355
0.221824 44.0355
0.221959 44.0355
0.222093 44.0355
0.222196 44.0355
0.222332 44.0355
0.222464 44.0355
0.222569 44.0355
0.222703 44.0355
0.222836 44.0355
0.222939 44.0355
0.223084 44.0355
0.223174 44.0355
0.223257 44.0355
0.223404 44.0355
0.223538 44.0355
0.223641 44.0355
0.223786 44.0355
0.223871 44.0355
0.223957 44.0355
0.224035 44.0355
0.224183 44.0355
0.224316 44.0355
0.224421 44.0355
0.224565 44.0355
0.224652 44.0355
0.224734 44.0355
0.224815 44.0355
0.224962 44.0355
0.2251 44.0355
0.225204 44.0355
0.225348 44.0355
0.225435 44.0355
0.225515 44.0355
0.225595 44.0355
0.225751 44.0355
0.225837 44.0355
0.225918 44.0355
0.225999 44.0355
0.226155 44.0355
0.226244 44.0355
0.226329 44.0355
0.226476 44.0355
0.226609 44.0355
0.226714 44.0355
0.226857 44.0355
0.226946 44.0355
0.22703 44.0355
0.227184 44.0355
0.227271 44.0355
0.227356 44.0355
0.227434 44.0355
0.227582 44.0355
0.227716 44.0355
0.22782 44.0355
0.227955 44.0355
0.228088 44.0355
0.228192 44.0355
0.228327 44.0355
0.228459 44.0355
0.228563 44.0355
0.228698 44.0355
0.228831 44.0355
0.228936 44.0355
0.229082 44.0355
0.229218 44.0355
0.229322 44.0355
0.229457 44.0355
0.229589 44.0355
0.229693 44.0355
0.229828 44.0355
0.229962 44.0355
0.230065 44.0355
0.2302 44.0355
0.230332 44.0355
0.230435 44.0355
0.23057 44.0355
0.230704 44.0355
0.230808 44.0355
0.230943 44.0355
0.231078 44.0355
0.231182 44.0355
0.231326 44.0355
0.231413 44.0355
0.231498 44.0355
0.231575 44.0355
0.231724 44.0355
0.231856 44.0355
0.231959 44.0355
0.232095 44.0355
0.232229 44.0355
0.232333 44.0355
0.232492 44.0355
0.232691 44.0355
0.232848 44.0355
0.233078 44.0355
0.233217 44.0355
0.233347 44.0355
0.233577 44.0355
0.233792 44.0355
0.233958 44.0355
0.234171 44.0355
0.234373 44.0355
0.234531 44.0355
0.234742 44.0355
0.234943 44.0355
0.235104 44.0355
0.235316 44.0355
0.235521 44.0355
0.235679 44.0355
0.235905 44.0355
0.236036 44.0355
0.236164 44.0355
0.236291 44.0355
0.236519 44.0355
0.236642 44.0355
0.236764 44.0355
0.236883 44.0355
0.237109 44.0355
0.237265 44.0355
0.237373 44.0355
0.237509 44.0355
0.237642 44.0355
0.237747 44.0355
0.237883 44.0355
0.238018 44.0355
0.238121 44.0355
0.238266 44.0355
0.238351 44.0355
0.238434 44.0355
0.238515 44.0355
0.238672 44.0355
0.23876 44.0355
0.238843 44.0355
0.238924 44.0355
0.239072 44.0355
0.239207 44.0355
0.239312 44.0355
0.239447 44.0355
0.239581 44.0355
0.239684 44.0355
0.23982 44.0355
0.239952 44.0355
0.240055 44.0355
0.240191 44.0355
0.240324 44.0355
0.240429 44.0355
0.240573 44.0355
0.240659 44.0355
0.240761 44.0355
0.240843 44.0355
0.240991 44.0355
0.241141 44.0355
0.241246 44.0355
0.241391 44.0355
0.241475 44.0355
0.241558 44.0355
0.241638 44.0355
0.241794 44.0355
0.24188 44.0355
0.241962 44.0355
0.242043 44.0355
0.242191 44.0355
0.242325 44.0355
0.242431 44.0355
0.242575 44.0355
0.242661 44.0355
0.242743 44.0355
0.242823 44.0355
0.242979 44.0355
0.243064 44.0355
0.243146 44.0355
0.243226 44.0355
0.243373 44.0355
0.243508 44.0355
0.243612 44.0355
0.243747 44.0355
0.243879 44.0355
0.243983 44.0355
0.244127 44.0355
0.244213 44.0355
0.2443 44.0355
0.244381 44.0355
0.244529 44.0355
0.244662 44.0355
0.244766 44.0355
0.244902 44.0355
0.245036 44.0355
0.245145 44.0355
0.245281 44.0355
0.245416 44.0355
0.24552 44.0355
0.245656 44.0355
0.245789 44.0355
0.245894 44.0355
0.24603 44.0355
0.246163 44.0355
0.246268 44.0355
0.246403 44.0355
0.246539 44.0355
0.246643 44.0355
0.24678 44.0355
0.246913 44.0355
0.247018 44.0355
0.247163 44.0355
0.247249 44.0355
0.247332 44.0355
0.247413 44.0355
0.24757 44.0355
0.247656 44.0355
0.247739 44.0355
0.247821 44.0355
0.247977 44.0355
0.248065 44.0355
0.248147 44.0355
0.248227 44.0355
0.248375 44.0355
0.248508 44.0355
0.248612 44.0355
0.248757 44.0355
0.248842 44.0355
0.248923 44.0355
0.249003 44.0355
0.249183 44.0355
0.249269 44.0355
0.249352 44.0355
0.249433 44.0355
0.249588 44.0355
0.249674 44.0355
0.249755 44.0355
0.249836 44.0355
0.249984 44.0355
0.250118 44.0355
0.250222 44.0355
0.250358 44.0355
0.25049 44.0355
0.250594 44.0355
0.25073 44.0355
0.250864 44.0355
0.250969 44.0355
0.251104 44.0355
0.251236 44.0355
0.25134 44.0355
0.251483 44.0355
0.251573 44.0355
0.251656 44.0355
0.251804 44.0355
0.251937 44.0355
0.252041 44.0355
0.252176 44.0355
0.25231 44.0355
0.252415 44.0355
0.25255 44.0355
0.252685 44.0355
0.252788 44.0355
0.252924 44.0355
0.253062 44.0355
0.253167 44.0355
0.253302 44.0355
0.253435 44.0355
0.253538 44.0355
0.253674 44.0355
0.253807 44.0355
0.253911 44.0355
0.254048 44.0355
0.25418 44.0355
0.254284 44.0355
0.25442 44.0355
0.254554 44.0355
0.254658 44.0355
0.254802 44.0355
0.254887 44.0355
0.25497 44.0355
0.255051 44.0355
0.255208 44.0355
0.255296 44.0355
0.255379 44.0355
0.255458 44.0355
0.255606 44.0355
0.25574 44.0355
0.255844 44.0355
0.255981 44.0355
0.256116 44.0355
0.25622 44.0355
0.256369 44.0355
0.256507 44.0355
0.25662 44.0355
0.256765 44.0355
0.256855 44.0355
0.25694 44.0355
0.257018 44.0355
0.257179 44.0355
0.257269 44.0355
0.257352 44.0355
0.257508 44.0355
0.257596 44.0355
0.257677 44.0355
0.257758 44.0355
0.257906 44.0355
0.258041 44.0355
0.258145 44.0355
0.258283 44.0355
0.258417 44.0355
0.258522 44.0355
0.258658 44.0355
0.258792 44.0355
0.258897 44.0355
0.259051 44.0355
0.259185 44.0355
0.259291 44.0355
0.259427 44.0355
0.259561 44.0355
0.259666 44.0355
0.259801 44.0355
0.259935 44.0355
0.26004 44.0355
0.260186 44.0355
0.260271 44.0355
0.260354 44.0355
0.260437 44.0355
0.260583 44.0355
0.260718 44.0355
0.260821 44.0355
0.260959 44.0355
0.261095 44.0355
0.2612 44.0355
0.261336 44.0355
0.26147 44.0355
0.261574 44.0355
0.26171 44.0355
0.261842 44.0355
0.261946 44.0355
0.262091 44.0355
0.262181 44.0355
0.262265 44.0355
0.262412 44.0355
0.262545 44.0355
0.26265 44.0355
0.262786 44.0355
0.262923 44.0355
0.263027 44.0355
0.263164 44.0355
0.263326 44.0355
0.263488 44.0355
0.263693 44.0355
0.263895 44.0355
0.264052 44.0355
0.264262 44.0355
0.264462 44.0355
0.264621 44.0355
0.264836 44.0355
0.265035 44.0355
0.265223 44.0355
0.26545 44.0355
0.265581 44.0355
0.265708 44.0355
0.265833 44.0355
0.266076 44.0355
0.266212 44.0355
0.266338 44.0355
0.266569 44.0355
0.266768 44.0355
0.266928 44.0355
0.267142 44.0355
0.267333 44.0355
0.267483 44.0355
0.267695 44.0355
0.267887 44.0355
0.268025 44.0355
0.268167 44.0355
0.268301 44.0355
0.268407 44.0355
0.268543 44.0355
0.268676 44.0355
0.268781 44.0355
0.268928 44.0355
0.269014 44.0355
0.269113 44.0355
0.269205 44.0355
0.269353 44.0355
0.269487 44.0355
0.269591 44.0355
0.269728 44.0355
0.269861 44.0355
0.269965 44.0355
0.270102 44.0355
0.270237 44.0355
0.270343 44.0355
0.270479 44.0355
0.270613 44.0355
0.270717 44.0355
0.270862 44.0355
0.270949 44.0355
0.271032 44.0355
0.271114 44.0355
0.271262 44.0355
0.271396 44.0355
0.271499 44.0355
0.271637 44.0355
0.27177 44.0355
0.271875 44.0355
0.272011 44.0355
0.272144 44.0355
0.27225 44.0355
0.272386 44.0355
0.272521 44.0355
0.272625 44.0355
0.272762 44.0355
0.272895 44.0355
0.273 44.0355
0.273143 44.0355
0.273279 44.0355
0.273383 44.0355
0.27352 44.0355
0.273652 44.0355
0.273757 44.0355
0.273893 44.0355
0.274027 44.0355
0.274132 44.0355
0.274269 44.0355
0.274402 44.0355
0.274506 44.0355
0.274643 44.0355
0.274777 44.0355
0.274886 44.0355
0.275022 44.0355
0.275155 44.0355
0.275259 44.0355
0.275395 44.0355
0.275528 44.0355
0.275632 44.0355
0.275769 44.0355
0.275902 44.0355
0.276008 44.0355
0.276144 44.0355
0.276281 44.0355
0.276386 44.0355
0.276523 44.0355
0.276655 44.0355
0.27676 44.0355
0.276905 44.0355
0.276992 44.0355
0.277097 44.0355
0.277188 44.0355
0.277336 44.0355
0.277469 44.0355
0.277574 44.0355
0.27772 44.0355
0.277807 44.0355
0.27789 44.0355
0.277971 44.0355
0.278128 44.0355
0.278216 44.0355
0.278299 44.0355
0.278381 44.0355
0.278538 44.0355
0.278624 44.0355
0.278706 44.0355
0.278787 44.0355
0.278934 44.0355
0.279067 44.0355
0.279171 44.0355
0.279308 44.0355
0.279441 44.0355
0.279546 44.0355
0.279682 44.0355
0.279815 44.0355
0.279921 44.0355
0.280066 44.0355
0.280153 44.0355
0.280235 44.0355
0.280317 44.0355
0.280465 44.0355
0.280598 44.0355
0.280703 44.0355
0.28084 44.0355
0.280975 44.0355
0.281084 44.0355
0.281221 44.0355
0.281354 44.0355
0.281459 44.0355
0.281595 44.0355
0.28173 44.0355
0.281836 44.0355
0.281973 44.0355
0.282108 44.0355
0.282212 44.0355
0.282349 44.0355
0.282483 44.0355
0.282589 44.0355
0.282726 44.0355
0.282859 44.0355
0.282963 44.0355
0.283098 44.0355
0.283231 44.0355
0.283336 44.0355
0.283482 44.0355
0.283568 44.0355
0.283657 44.0355
0.283736 44.0355
0.283884 44.0355
0.284021 44.0355
0.284126 44.0355
0.284262 44.0355
0.284396 44.0355
0.284501 44.0355
0.284648 44.0355
0.284737 44.0355
0.284821 44.0355
0.284969 44.0355
0.285108 44.0355
0.285213 44.0355
0.285349 44.0355
0.285483 44.0355
0.285587 44.0355
0.285732 44.0355
0.285818 44.0355
0.285901 44.0355
0.285982 44.0355
0.286131 44.0355
0.286267 44.0355
0.286371 44.0355
0.286509 44.0355
0.286641 44.0355
0.286745 44.0355
0.286892 44.0355
0.28698 44.0355
0.287064 44.0355
0.287212 44.0355
0.287347 44.0355
0.287453 44.0355
0.287589 44.0355
0.287723 44.0355
0.287826 44.0355
0.287963 44.0355
0.288095 44.0355
0.288201 44.0355
0.288336 44.0355
0.288469 44.0355
0.288574 44.0355
0.28871 44.0355
0.288841 44.0355
0.288945 44.0355
0.289092 44.0355
0.289244 44.0355
0.28935 44.0355
0.289495 44.0355
0.289584 44.0355
0.289668 44.0355
0.289745 44.0355
0.289892 44.0355
0.290026 44.0355
0.290132 44.0355
0.290269 44.0355
0.290404 44.0355
0.290507 44.0355
0.290644 44.0355
0.290776 44.0355
0.290881 44.0355
0.291026 44.0355
0.291112 44.0355
0.291194 44.0355
0.291275 44.0355
0.291423 44.0355
0.291556 44.0355
0.29166 44.0355
0.291796 44.0355
0.291929 44.0355
0.292033 44.0355
0.292169 44.0355
0.292301 44.0355
0.292405 44.0355
0.292541 44.0355
0.292674 44.0355
0.292778 44.0355
0.292914 44.0355
0.293046 44.0355
0.293158 44.0355
0.293294 44.0355
0.293429 44.0355
0.293533 44.0355
0.293669 44.0355
0.293801 44.0355
0.293906 44.0355
0.294041 44.0355
0.294234 44.0355
0.294393 44.0355
0.294611 44.0355
0.294739 44.0355
0.294866 44.0355
0.294989 44.0355
0.295218 44.0355
0.295422 44.0355
0.295582 44.0355
0.295796 44.0355
0.295997 44.0355
0.296156 44.0355
0.29637 44.0355
0.296571 44.0355
0.296729 44.0355
0.29696 44.0355
0.297094 44.0355
0.297223 44.0355
0.297348 44.0355
0.297594 44.0355
0.297732 44.0355
0.297859 44.0355
0.298078 44.0355
0.298276 44.0355
0.298437 44.0355
0.298657 44.0355
0.298774 44.0355
0.29888 44.0355
0.298964 44.0355
0.299113 44.0355
0.299249 44.0355
0.299353 44.0355
0.29949 44.0355
0.299624 44.0355
0.29973 44.0355
0.299866 44.0355
0.299999 44.0355
0.300103 44.0355
0.300239 44.0355
0.300373 44.0355
0.300477 44.0355
0.300623 44.0355
0.300708 44.0355
0.300791 44.0355
0.300873 44.0355
0.301041 44.0355
0.301192 44.0355
0.301296 44.0355
0.301434 44.0355
0.301567 44.0355
0.301672 44.0355
0.301808 44.0355
0.301943 44.0355
0.302046 44.0355
0.302182 44.0355
0.302314 44.0355
0.302435 44.0355
0.302571 44.0355
0.302705 44.0355
0.30281 44.0355
0.302947 44.0355
0.30308 44.0355
0.303184 44.0355
0.30332 44.0355
0.303452 44.0355
0.303556 44.0355
0.303702 44.0355
0.303787 44.0355
0.30387 44.0355
0.303952 44.0355
0.304099 44.0355
0.304232 44.0355
0.304336 44.0355
0.304474 44.0355
0.304605 44.0355
0.304711 44.0355
0.304847 44.0355
0.304981 44.0355
0.305091 44.0355
0.305227 44.0355
0.30536 44.0355
0.305509 44.0355
0.305595 44.0355
0.305677 44.0355
0.305758 44.0355
0.305916 44.0355
0.306005 44.0355
0.306089 44.0355
0.306236 44.0355
0.30637 44.0355
0.306476 44.0355
0.306612 44.0355
0.306745 44.0355
0.306849 44.0355
0.306986 44.0355
0.307118 44.0355
0.307222 44.0355
0.307358 44.0355
0.30749 44.0355
0.307595 44.0355
0.307731 44.0355
0.307863 44.0355
0.307968 44.0355
0.308112 44.0355
0.308198 44.0355
0.308281 44.0355
0.308362 44.0355
0.308511 44.0355
0.308643 44.0355
0.308747 44.0355
0.308883 44.0355
0.309018 44.0355
0.309131 44.0355
0.309268 44.0355
0.309402 44.0355
0.309506 44.0355
0.309643 44.0355
0.309777 44.0355
0.309882 44.0355
0.310028 44.0355
0.310114 44.0355
0.310197 44.0355
0.310278 44.0355
0.310427 44.0355
0.310561 44.0355
0.310665 44.0355
0.310812 44.0355
0.310902 44.0355
0.310986 44.0355
0.311135 44.0355
0.31127 44.0355
0.311376 44.0355
0.311522 44.0355
0.311611 44.0355
0.311694 44.0355
0.311842 44.0355
0.311977 44.0355
0.312081 44.0355
0.312218 44.0355
0.31235 44.0355
0.312454 44.0355
0.312589 44.0355
0.312724 44.0355
0.312828 44.0355
0.312964 44.0355
0.313112 44.0355
0.313218 44.0355
0.313354 44.0355
0.313488 44.0355
0.313591 44.0355
0.313736 44.0355
0.313821 44.0355
0.313903 44.0355
0.313985 44.0355
0.314133 44.0355
0.314269 44.0355
0.314375 44.0355
0.31452 44.0355
0.314604 44.0355
0.314686 44.0355
0.314767 44.0355
0.314924 44.0355
0.315015 44.0355
0.315098 44.0355
0.315247 44.0355
0.315381 44.0355
0.315488 44.0355
0.315624 44.0355
0.315758 44.0355
0.315862 44.0355
0.316007 44.0355
0.316096 44.0355
0.316179 44.0355
0.316336 44.0355
0.316423 44.0355
0.316509 44.0355
0.316586 44.0355
0.316743 44.0355
0.316831 44.0355
0.316916 44.0355
0.317067 44.0355
0.317204 44.0355
0.317309 44.0355
0.317445 44.0355
0.317576 44.0355
0.31768 44.0355
0.317816 44.0355
0.31795 44.0355
0.318056 44.0355
0.318192 44.0355
0.318326 44.0355
0.31843 44.0355
0.318566 44.0355
0.318699 44.0355
0.318804 44.0355
0.318949 44.0355
0.319034 44.0355
0.319127 44.0355
0.31922 44.0355
0.319371 44.0355
0.319507 44.0355
0.31961 44.0355
0.319752 44.0355
0.319897 44.0355
0.320009 44.0355
0.320145 44.0355
0.320279 44.0355
0.320383 44.0355
0.32052 44.0355
0.320652 44.0355
0.320757 44.0355
0.320892 44.0355
0.321027 44.0355
0.321138 44.0355
0.321274 44.0355
0.321407 44.0355
0.321512 44.0355
0.321649 44.0355
0.321781 44.0355
0.321886 44.0355
0.322022 44.0355
0.322156 44.0355
0.32226 44.0355
0.322396 44.0355
0.32253 44.0355
0.322634 44.0355
0.322771 44.0355
0.322903 44.0355
0.323009 44.0355
0.323145 44.0355
0.323281 44.0355
0.323385 44.0355
0.323522 44.0355
0.323654 44.0355
0.323759 44.0355
0.323895 44.0355
0.32403 44.0355
0.324134 44.0355
0.324271 44.0355
0.324404 44.0355
0.324508 44.0355
0.324644 44.0355
0.324778 44.0355
0.324884 44.0355
0.325098 44.0355
0.325295 44.0355
0.325451 44.0355
0.325663 44.0355
0.325863 44.0355
0.326021 44.0355
0.326231 44.0355
0.326429 44.0355
0.326589 44.0355
0.326802 44.0355
0.327004 44.0355
0.327162 44.0355
0.327374 44.0355
0.327574 44.0355
0.327735 44.0355
0.327946 44.0355
0.328149 44.0355
0.328308 44.0355
0.328522 44.0355
0.32872 44.0355
0.328867 44.0355
0.32908 44.0355
0.329282 44.0355
0.329439 44.0355
0.329623 44.0355
0.329763 44.0355
0.329868 44.0355
0.330006 44.0355
0.330138 44.0355
0.330244 44.0355
0.330382 44.0355
0.330514 44.0355
0.330619 44.0355
0.330765 44.0355
0.330854 44.0355
0.330938 44.0355
0.331086 44.0355
0.331219 44.0355
0.331323 44.0355
0.331461 44.0355
0.331593 44.0355
0.331698 44.0355
0.331834 44.0355
0.331967 44.0355
0.332073 44.0355
0.332209 44.0355
0.332343 44.0355
0.332447 44.0355
0.332584 44.0355
0.332718 44.0355
0.332822 44.0355
0.332958 44.0355
0.333097 44.0355
0.333202 44.0355
0.333348 44.0355
0.333433 44.0355
0.333517 44.0355
0.333598 44.0355
0.333746 44.0355
0.333879 44.0355
0.333993 44.0355
0.33414 44.0355
0.334274 44.0355
0.334379 44.0355
0.334524 44.0355
0.334614 44.0355
0.334697 44.0355
0.334844 44.0355
0.334978 44.0355
0.335085 44.0355
0.335221 44.0355
0.335356 44.0355
0.33546 44.0355
0.335605 44.0355
0.335691 44.0355
0.335774 44.0355
0.335856 44.0355
0.336014 44.0355
0.336101 44.0355
0.336186 44.0355
0.336268 44.0355
0.336425 44.0355
0.336514 44.0355
0.336597 44.0355
0.336679 44.0355
0.336827 44.0355
0.336961 44.0355
0.337085 44.0355
0.337224 44.0355
0.337359 44.0355
0.337464 44.0355
0.3376 44.0355
0.337732 44.0355
0.337837 44.0355
0.337974 44.0355
0.338107 44.0355
0.338213 44.0355
0.33835 44.0355
0.338484 44.0355
0.338588 44.0355
0.338724 44.0355
0.338858 44.0355
0.338963 44.0355
0.339099 44.0355
0.339232 44.0355
0.339336 44.0355
0.339473 44.0355
0.339606 44.0355
0.339711 44.0355
0.339857 44.0355
0.339943 44.0355
0.340025 44.0355
0.340108 44.0355
0.340256 44.0355
0.340392 44.0355
0.340497 44.0355
0.340635 44.0355
0.340767 44.0355
0.340872 44.0355
0.341008 44.0355
0.341148 44.0355
0.341253 44.0355
0.341398 44.0355
0.341487 44.0355
0.341573 44.0355
0.341651 44.0355
0.341798 44.0355
0.341934 44.0355
0.34204 44.0355
0.342176 44.0355
0.342309 44.0355
0.342413 44.0355
0.34255 44.0355
0.342684 44.0355
0.342789 44.0355
0.342936 44.0355
0.34302 44.0355
0.343104 44.0355
0.343185 44.0355
0.343333 44.0355
0.343466 44.0355
0.34357 44.0355
0.343708 44.0355
0.343842 44.0355
0.34395 44.0355
0.344086 44.0355
0.344223 44.0355
0.344337 44.0355
0.344478 44.0355
0.344621 44.0355
0.344728 44.0355
0.344864 44.0355
0.344999 44.0355
0.34511 44.0355
0.345248 44.0355
0.34538 44.0355
0.345485 44.0355
0.345632 44.0355
0.345729 44.0355
0.345822 44.0355
0.345906 44.0355
0.346062 44.0355
0.346149 44.0355
0.346232 44.0355
0.346313 44.0355
0.346472 44.0355
0.346559 44.0355
0.346641 44.0355
0.346723 44.0355
0.346872 44.0355
0.347007 44.0355
0.347111 44.0355
0.347247 44.0355
0.34738 44.0355
0.347484 44.0355
0.34762 44.0355
0.347754 44.0355
0.347859 44.0355
0.347996 44.0355
0.348128 44.0355
0.348232 44.0355
0.348369 44.0355
0.348503 44.0355
0.348608 44.0355
0.348744 44.0355
0.348877 44.0355
0.348982 44.0355
0.349124 44.0355
0.349258 44.0355
0.349362 44.0355
0.349498 44.0355
0.349631 44.0355
0.349737 44.0355
0.349873 44.0355
0.350009 44.0355
0.350114 44.0355
0.35025 44.0355
0.350382 44.0355
0.350487 44.0355
0.350623 44.0355
0.350758 44.0355
0.350862 44.0355
0.351006 44.0355
0.351092 44.0355
0.351174 44.0355
0.351256 44.0355
0.351404 44.0355
0.351539 44.0355
0.351644 44.0355
0.35178 44.0355
0.351914 44.0355
0.352019 44.0355
0.352156 44.0355
0.352289 44.0355
0.352393 44.0355
0.352539 44.0355
0.352624 44.0355
0.352706 44.0355
0.352787 44.0355
0.352935 44.0355
0.353072 44.0355
0.353177 44.0355
0.353314 44.0355
0.353447 44.0355
0.353554 44.0355
0.353689 44.0355
0.353825 44.0355
0.35393 44.0355
0.354067 44.0355
0.354201 44.0355
0.354307 44.0355
0.354466 44.0355
0.354621 44.0355
0.354733 44.0355
0.354894 44.0355
0.355028 44.0355
0.355133 44.0355
0.35528 44.0355
0.355366 44.0355
0.355449 44.0355
0.355532 44.0355
0.355685 44.0355
0.355889 44.0355
0.356048 44.0355
0.35626 44.0355
0.356461 44.0355
0.356619 44.0355
0.356848 44.0355
0.356983 44.0355
0.357115 44.0355
0.357346 44.0355
0.357549 44.0355
0.357709 44.0355
0.357922 44.0355
0.358124 44.0355
0.358284 44.0355
0.358499 44.0355
0.358699 44.0355
0.35886 44.0355
0.359074 44.0355
0.359277 44.0355
0.359437 44.0355
0.359646 44.0355
0.359848 44.0355
0.359994 44.0355
0.360216 44.0355
0.36034 44.0355
0.360443 44.0355
0.360535 44.0355
0.360685 44.0355
0.360822 44.0355
0.360928 44.0355
0.361096 44.0355
0.361185 44.0355
0.361273 44.0355
0.361353 44.0355
0.361502 44.0355
0.361638 44.0355
0.361744 44.0355
0.361881 44.0355
0.362014 44.0355
0.362119 44.0355
0.362256 44.0355
0.362391 44.0355
0.362496 44.0355
0.362633 44.0355
0.362765 44.0355
0.36287 44.0355
0.363007 44.0355
0.363141 44.0355
0.363246 44.0355
0.363392 44.0355
0.363481 44.0355
0.363566 44.0355
0.363713 44.0355
0.36385 44.0355
0.363956 44.0355
0.364101 44.0355
0.364188 44.0355
0.36427 44.0355
0.364353 44.0355
0.3645 44.0355
0.364636 44.0355
0.364741 44.0355
0.364879 44.0355
0.365012 44.0355
0.365122 44.0355
0.365259 44.0355
0.365392 44.0355
0.365498 44.0355
0.365643 44.0355
0.365728 44.0355
0.365812 44.0355
0.365892 44.0355
0.366039 44.0355
0.366175 44.0355
0.366281 44.0355
0.366418 44.0355
0.366551 44.0355
0.366657 44.0355
0.366801 44.0355
0.366888 44.0355
0.366972 44.0355
0.367054 44.0355
0.367202 44.0355
0.367337 44.0355
0.367445 44.0355
0.367582 44.0355
0.367716 44.0355
0.36782 44.0355
0.367965 44.0355
0.36805 44.0355
0.368134 44.0355
0.368216 44.0355
0.368373 44.0355
0.368464 44.0355
0.368548 44.0355
0.368704 44.0355
0.36879 44.0355
0.368873 44.0355
0.368954 44.0355
0.369117 44.0355
0.369208 44.0355
0.369292 44.0355
0.369448 44.0355
0.369536 44.0355
0.369618 44.0355
0.369699 44.0355
0.369847 44.0355
0.369982 44.0355
0.370085 44.0355
0.370221 44.0355
0.370355 44.0355
0.370459 44.0355
0.370595 44.0355
0.370728 44.0355
0.370835 44.0355
0.370971 44.0355
0.371107 44.0355
0.371211 44.0355
0.371348 44.0355
0.37148 44.0355
0.371585 44.0355
0.371721 44.0355
0.371856 44.0355
0.37196 44.0355
0.372096 44.0355
0.37223 44.0355
0.372336 44.0355
0.372472 44.0355
0.372605 44.0355
0.372711 44.0355
0.372847 44.0355
0.372981 44.0355
0.373098 44.0355
0.373236 44.0355
0.37337 44.0355
0.373475 44.0355
0.373612 44.0355
0.373746 44.0355
0.37385 44.0355
0.373987 44.0355
0.374122 44.0355
0.374226 44.0355
0.374362 44.0355
0.374495 44.0355
0.374601 44.0355
0.374737 44.0355
0.374872 44.0355
0.374976 44.0355
0.375112 44.0355
0.375244 44.0355
0.375348 44.0355
0.375484 44.0355
0.375618 44.0355
0.375724 44.0355
0.37586 44.0355
0.375993 44.0355
0.376097 44.0355
0.376234 44.0355
0.376368 44.0355
0.376474 44.0355
0.37661 44.0355
0.376744 44.0355
0.376848 44.0355
0.376984 44.0355
0.377122 44.0355
0.377226 44.0355
0.377362 44.0355
0.377495 44.0355
0.377601 44.0355
0.377747 44.0355
0.377837 44.0355
0.377921 44.0355
0.378069 44.0355
0.378204 44.0355
0.378308 44.0355
0.378454 44.0355
0.378541 44.0355
0.378624 44.0355
0.378706 44.0355
0.378862 44.0355
0.378949 44.0355
0.37903 44.0355
0.379112 44.0355
0.379268 44.0355
0.379355 44.0355
0.379437 44.0355
0.379518 44.0355
0.379673 44.0355
0.37976 44.0355
0.379843 44.0355
0.379926 44.0355
0.380071 44.0355
0.380206 44.0355
0.380311 44.0355
0.380447 44.0355
0.38058 44.0355
0.380717 44.0355
0.38085 44.0355
0.380956 44.0355
0.381102 44.0355
0.381237 44.0355
0.381341 44.0355
0.381477 44.0355
0.381611 44.0355
0.381716 44.0355
0.381852 44.0355
0.381986 44.0355
0.382091 44.0355
0.382228 44.0355
0.382362 44.0355
0.382467 44.0355
0.382612 44.0355
0.382697 44.0355
0.382781 44.0355
0.382863 44.0355
0.383011 44.0355
0.383147 44.0355
0.383252 44.0355
0.383399 44.0355
0.383483 44.0355
0.383566 44.0355
0.383648 44.0355
0.383804 44.0355
0.383891 44.0355
0.383974 44.0355
0.384055 44.0355
0.384209 44.0355
0.384343 44.0355
0.384447 44.0355
0.384594 44.0355
0.384678 44.0355
0.384761 44.0355
0.384843 44.0355
0.384989 44.0355
0.38514 44.0355
0.385245 44.0355
0.385383 44.0355
0.385516 44.0355
0.385621 44.0355
0.385767 44.0355
0.385852 44.0355
0.385936 44.0355
0.386017 44.0355
0.386165 44.0355
0.386299 44.0355
0.386404 44.0355
0.386553 44.0355
0.386756 44.0355
0.386913 44.0355
0.387123 44.0355
0.387325 44.0355
0.387484 44.0355
0.387712 44.0355
0.387852 44.0355
0.387981 44.0355
0.38811 44.0355
0.38836 44.0355
0.388499 44.0355
0.388627 44.0355
0.388755 44.0355
0.388989 44.0355
0.389207 44.0355
0.389369 44.0355
0.389608 44.0355
0.38974 44.0355
0.389869 44.0355
0.389997 44.0355
0.390233 44.0355
0.390441 44.0355
0.390595 44.0355
0.390826 44.0355
0.390958 44.0355
0.391082 44.0355
0.391208 44.0355
0.391408 44.0355
0.391551 44.0355
0.391659 44.0355
0.391801 44.0355
0.391939 44.0355
0.392046 44.0355
0.392196 44.0355
0.392286 44.0355
0.392371 44.0355
0.392456 44.0355
0.392608 44.0355
0.392749 44.0355
0.392857 44.0355
0.392999 44.0355
0.393143 44.0355
0.393284 44.0355
0.393421 44.0355
0.393529 44.0355
0.393669 44.0355
0.393809 44.0355
0.393917 44.0355
0.394057 44.0355
0.394195 44.0355
0.394302 44.0355
0.394442 44.0355
0.394579 44.0355
0.394688 44.0355
0.394837 44.0355
0.394926 44.0355
0.395012 44.0355
0.395095 44.0355
0.395247 44.0355
0.395387 44.0355
0.395496 44.0355
0.395636 44.0355
0.395774 44.0355
0.395882 44.0355
0.396022 44.0355
0.396162 44.0355
0.39627 44.0355
0.396411 44.0355
0.396547 44.0355
0.396656 44.0355
0.396796 44.0355
0.396934 44.0355
0.397042 44.0355
0.397207 44.0355
0.3973 44.0355
0.397392 44.0355
0.397553 44.0355
0.397643 44.0355
0.397729 44.0355
0.397813 44.0355
0.397974 44.0355
0.398065 44.0355
0.39815 44.0355
0.398233 44.0355
0.398391 44.0355
0.398483 44.0355
0.39857 44.0355
0.39865 44.0355
0.3988 44.0355
0.398938 44.0355
0.399046 44.0355
0.399185 44.0355
0.399323 44.0355
0.39943 44.0355
0.399569 44.0355
0.399705 44.0355
0.399813 44.0355
0.399953 44.0355
0.400089 44.0355
0.400195 44.0355
0.400334 44.0355
0.400469 44.0355
0.400576 44.0355
0.400715 44.0355
0.400851 44.0355
0.40096 44.0355
0.401105 44.0355
0.401243 44.0355
0.40135 44.0355
0.401492 44.0355
0.401628 44.0355
0.401736 44.0355
0.401886 44.0355
0.401973 44.0355
0.40206 44.0355
0.402143 44.0355
0.402296 44.0355
0.402432 44.0355
0.402539 44.0355
0.40269 44.0355
0.402777 44.0355
0.402863 44.0355
0.402947 44.0355
0.403098 44.0355
0.403237 44.0355
0.403344 44.0355
0.403495 44.0355
0.403585 44.0355
0.40367 44.0355
0.403754 44.0355
0.403916 44.0355
0.404009 44.0355
0.404094 44.0355
0.404247 44.0355
0.404386 44.0355
0.404492 44.0355
0.404635 44.0355
0.404771 44.0355
0.40488 44.0355
0.405021 44.0355
0.405165 44.0355
0.405274 44.0355
0.405415 44.0355
0.405553 44.0355
0.405661 44.0355
0.405811 44.0355
0.4059 44.0355
0.405986 44.0355
0.406071 44.0355
0.406224 44.0355
0.406361 44.0355
0.406468 44.0355
0.40661 44.0355
0.406748 44.0355
0.406856 44.0355
0.407007 44.0355
0.407095 44.0355
0.407181 44.0355
0.407266 44.0355
0.407418 44.0355
0.407557 44.0355
0.407664 44.0355
0.407806 44.0355
0.407945 44.0355
0.408054 44.0355
0.408195 44.0355
0.408334 44.0355
0.408442 44.0355
0.408584 44.0355
0.408721 44.0355
0.408829 44.0355
