1 0.68421 -0.616601
1 0.144385 -0.484536
2 0.23913 0.255172
1 0.147679 -0.433962
1 0.18612 -0.255973
2 0.089431 0.941392
2 0.122682 1
1 0.142105 -0.588933
1 0.165775 -0.938144
2 0.347826 0.151724
1 0.0210971 -0.509434
1 0.451104 -0.47099
2 0.0731708 0.56044
2 0.101284 1
1 0.121053 -0.359684
1 0.40107 -0.175258
2 0.326087 0.255172
1 0.223629 -0.358491
1 0.514196 -0.249147
2 0.105691 0.391941
2 0.293866 1
1 0.757895 -0.521739
1 0.219251 -0.360825
2 0.0652174 0.97931
1 0.329114 -0.584906
2 0.116719 0.112628
2 0.382114 0.59707
2 0.714693 1
1 0.163158 -0.268775
2 0.614973 0.0721649
2 0.0434783 0.255172
2 0.00843878 -0.018868
1 0.11041 -0.481229
2 0.089431 0.216117
2 0.348074 1
1 0.668421 -0.596838
1 0.165775 -0.525773
2 0.0869565 0.57931
1 0.28692 -0.207547
1 0.0157728 -0.0665529
2 0.0731708 0.157509
2 0.671897 1
1 0.768421 -0.55336
1 0.165775 -0.587629
2 0.434783 0.0482758
1 0.0801688 -0.358491
1 0.00946369 -0.322526
2 0.121951 0.692308
2 0.443652 1
1 0.594737 -0.442688
1 0.336898 -0.278351
2 0.108696 0.117241
1 0.0843882 -0.320755
1 0.470032 -0.356655
2 0.0569107 0.692308
2 0.450785 1
1 -0.644269 -0.13369
1 0.649485 -0.413043
2 0.255172 0.113924
2 0.396226 -0.00946369
2 0.331058 -0.0243902
2 0.157509 0.0941512
1 0.489474 -0.758893
1 0.026738 -0.443299
2 0.391304 0.37931
1 0.185654 -0.660377
2 0.0914826 0.0136518
2 0.138211 0.67033
2 0.0941512 1
1 0.61579 -0.438735
1 0.00534752 -0.237113
2 0.23913 0.358621
1 0.257384 -0.660377
1 0.242902 -0.237201
2 0.252032 0.391941
2 0.757489 1
1 0.626316 -0.70751
1 0.0267379 -0.360825
1 0.456522 -0.158621
1 0.118143 -0.509434
1 0.268139 -0.365188
2 0.121951 0.135531
2 0.429387 1
1 0.431579 -0.608696
1 0.122995 -0.443299
2 0.586957 0.117241
1 0.0210971 -0.396226
1 0.116719 -0.262799
2 0.0894308 0.194139
2 0.486448 1
1 0.957895 -0.608696
1 0.101604 -0.917526
2 0.543478 0.462069
2 0.413502 0.132075
1 0.514196 -0.296928
2 0.252032 0.0695971
2 0.243937 1
1 0.763158 -0.55336
1 0.0909092 -0.85567
2 0.304348 0.6
1 0.392405 -0.396226
2 0.608833 0.0614334
2 0.170732 0.267399
2 0.810271 1
1 0.368421 -0.577075
1 0.433155 -0.319588
2 0.0869565 0.289655
1 0.0843882 -0.358491
2 0.337539 0.0273038
2 0.300813 0.179487
2 0.472183 1
1 0.721053 -0.533597
2 0.454545 -0.0309279
2 0.0869565 0.255172
1 0.181435 -0.245283
1 0.0157728 -0.16041
2 0.0406503 0.0109891
2 0.429387 1
1 0.473684 -0.671937
2 0.347593 -0.0309279
2 0.0217391 0.358621
2 0.291139 0.0188679
1 0.173502 -0.0921502
2 0.0569105 -0.0476191
2 0.215407 1
1 0.663158 -0.664032
1 0.197861 -0.391753
2 0.173913 0.6
1 0.514768 -0.283019
2 0.0851735 0.266212
2 0.219512 0.135531
2 1 0.373684
2 0.0671938 0.283422
2 0.525773 0.186207
1 0.135021 -0.849057
1 0.211356 -0.348123
2 0.219512 0.531135
2 0.191155 1
1 0.594737 -0.648221
1 0.0160428 -0.443299
2 0.217391 0.393103
1 0.194093 -0.584906
1 0.066246 -0.254266
2 0.00813005 0.787546
2 0.28388 1
2 5.0967e-08 0.209486
1 0.379679 -0.175258
2 0.304348 -0.0137931
1 0.126582 -0.54717
1 0.00946369 -0.450512
2 0.105691 0.648352
2 0.298146 1
1 0.410526 -0.557312
1 0.0695186 -0.381443
2 0.326087 0.124138
1 0.07173 -0.471698
1 0.192429 -0.569966
2 0.0243902 1
2 0.0798859 1
1 0.042105 -0.660079
1 0.240642 -0.257732
2 0.456522 0.0344827
1 0.14346 -0.509434
1 0.337539 -0.547782
2 0.00813005 0.728938
2 0.0513552 1
1 0.3 -0.577075
2 0.336898 -0.0309279
2 0.434783 0.0689654
1 0.0421941 -0.433962
1 0.211356 -0.617747
2 0.0406504 0.868132
2 0.191155 1
1 0.0631581 -0.482213
2 0.989305 0.484536
2 0.173913 0.137931
2 0.0126582 0.283019
1 0.0473186 -0.607509
2 0.0569105 0.413919
2 0.212553 1
1 0.242106 -0.592885
1 0.347593 -0.43299
2 0.5 0.289655
1 0.0970465 -0.207547
1 0.343849 -0.399317
2 0.284553 0.428571
2 0.308131 1
1 0.194737 -0.612648
1 0.165775 -0.340206
2 0.478261 -0.0206896
1 0.219409 -0.471698
1 0.40694 -0.544369
2 0.121951 0.0989011
2 0.436519 1
1 0.494737 -0.541502
1 0.540107 -0.0927836
2 0.195652 0.358621
1 0.109705 -0.0943396
1 0.148265 -0.450512
2 0.252032 0.56044
2 0.0912981 1
1 0.573685 -0.628459
1 0.0909091 -0.443299
2 0.434783 0.151724
1 0.160338 -0.509434
1 0.00946369 -0.416382
2 0.089431 0.699634
2 0.0798859 1
1 0.421052 -0.699605
2 0.433155 0.226804
2 0.326087 0.393103
1 0.227848 -0.396226
1 0.242902 -0.245734
2 0.154472 0.0549451
2 0.436519 1
1 0.342105 -0.636364
1 0.0695186 -0.123711
2 0.217391 0.296552
1 0.202532 -0.660377
2 0.0283911 -0.0409556
2 0.00813005 0.179487
2 0.764622 1
1 0.394737 -0.56917
1 0.0695186 -0.319588
2 0.26087 -0.00689654
2 0.00843878 0.0943395
1 0.0157728 -0.56314
2 0.219512 0.172161
2 0.0156919 1
1 0.436842 -0.687747
1 0.433155 -0.0824742
2 0.347826 0.358621
2 0.0126582 0.396226
1 0.40694 -0.296928
2 0.252032 0.267399
2 0.365193 1
1 0.305263 -0.581028
1 0.379679 -0.134021
2 0.130435 -0.0551725
1 0.0759494 -0.396226
1 0.287066 -0.501707
2 0.0081301 0.172161
2 0.165478 1
1 0.289474 -0.577075
2 0.122995 0.0206185
2 0.347826 0.186207
1 0.113924 -0.509434
1 0.0851735 -0.348123
2 0.089431 0.611722
2 0.0841655 1
1 0.18421 -0.644269
1 0.582888 -0.494845
2 0.130435 0.117241
1 0.0126582 -0.207547
1 0.400631 -0.433447
2 0.00813005 0.106227
2 0.141227 1
1 0.0631581 -0.640316
1 0.272727 -0.237113
2 0.391304 0.0137931
1 0.118143 -0.396226
1 0.350158 -0.493174
1 0.0406504 -0.0915751
2 0.179743 1
1 0.0736841 -0.699605
1 0.208556 -0.494845
2 0.391304 -0.0206896
1 0.0295358 -0.433962
1 0.394322 -0.587031
2 0.138211 0.0402931
2 0.0584879 1
2 0.678948 0.284585
1 0.229946 -0.731959
2 0.26087 0.393103
1 0.139241 -0.735849
1 0.0536277 -0.348123
2 0.333333 0.655678
2 0.312411 1
1 0.331579 -0.616601
1 0.0160427 -0.42268
2 0.0217391 0.496552
1 0.244726 -0.207547
1 0.217666 -0.172355
2 0.235772 0.545788
2 0.262482 1
2 0.252632 0.225296
1 0.187166 -0.154639
2 0.565217 0.0137931
1 0.0126582 -0.471698
1 0.324921 -0.488055
2 0.300813 0.267399
2 0.0798859 1
1 0.5 -0.545455
1 0.315508 -0.546392
2 0.326087 0.565517
1 0.35865 -0.849057
1 0.18612 -0.291809
2 0.349594 0.677656
2 0.165478 1
2 0.163158 0.280632
1 0.00534765 -0.28866
2 0.282609 0.144828
1 0.0337552 -0.283019
1 0.211356 -0.474403
2 0.447154 0.267399
2 0.426534 1
1 0.0631581 -0.592885
1 0.208556 -0.340206
2 0.195652 0.393103
1 0.122363 -0.433962
1 0.022082 -0.358362
2 0.349594 0.523809
2 0.134094 1
2 0.673684 0.304348
1 0.15508 -0.14433
2 0.108696 0.289655
1 0.0253164 -0.358491
1 0.470032 -0.324232
2 0.365854 0.509157
2 0.14408 1
2 0.763158 0.126482
1 0.0160428 -0.443299
2 0.304348 0.565517
1 0.194093 -0.471698
1 0.123028 -0.382253
2 0.089431 0.589744
2 0.122682 1
1 0.510526 -0.628459
1 0.187166 -0.443299
2 0.326087 0.462069
1 0.28692 -0.698113
1 0.0914827 -0.177474
2 0.300813 0.509157
2 0.0085592 1
1 0.61579 -0.494071
1 0.1123 -0.154639
2 0.282609 0.22069
1 0.0886076 -0.283019
1 0.242902 -0.16041
2 0.0406503 0.0842491
2 0.115549 1
1 0.531579 -0.608696
1 0.026738 -0.298969
2 0.173913 0.310345
1 0.350211 -0.283019
2 0.0536277 0.300341
2 0.0406504 0.340659
2 0.400856 1
1 0.0631581 -0.608696
1 0.272727 -0.814433
2 0.521739 0.2
1 0.236287 -0.849057
2 0.577287 0.0102389
2 0.0406504 0.201465
2 0.243937 1
1 0.473684 -0.640316
1 0.326203 -0.319588
2 0.478261 0.0137931
1 0.118143 -0.660377
1 0.18612 -0.262799
2 0.235772 0.538461
2 0.407989 1
1 0.468421 -0.600791
1 0.13369 -0.649485
2 0.108696 1
1 0.434599 -0.283019
2 0.0788643 -0.0153583
2 0.138211 0.457875
2 0.300999 1
1 0.442106 -0.541502
1 0.411765 -0.329897
2 0.0217391 0.393103
2 0.0337553 -0.018868
1 0.198738 -0.143345
2 0.0569105 0.216117
2 0.564907 1
1 0.426316 -0.632411
1 0.0481284 -0.402062
2 0.0434783 0.117241
1 0.0801688 -0.698113
1 0.236593 -0.220137
2 0.284553 0.413919
2 0.115549 1
1 0.331579 -0.608696
2 0.176471 0.0206185
2 0.365517 0.0295359
2 0.735849 0.287066
1 0.151877 -0.186992
2 0.289377 0.201141
1 0.678948 -0.620553
1 0.00534752 -0.412371
2 0.0434783 0.531034
1 0.122363 -0.509434
1 0.022082 -0.129693
2 0.252033 0.494505
2 0.0128388 1
1 0.189474 -0.513834
1 0.411765 -0.360825
2 0.304348 0.393103
1 0.219409 -0.320755
1 0.211356 -0.194539
2 0.0406503 0.150183
2 0.415121 1
1 0.41579 -0.727273
1 0.219251 -0.371134
2 0.173913 0.668966
1 0.405063 -0.773585
2 0.0283912 -0.0580204
2 0.333333 0.172161
0 0.436519 2
1 0.294737 -0.920949
1 -1 -0.608696
1 0.310345 -0.902954
1 0.433962 -0.993691
1 0.885666 -0.0731708
1 0.59707 -0.654779
1 -0.315789 -0.857708
1 0.0160428 -0.443299
1 0.326087 -0.262069
2 0.683544 0.886792
2 -0.66041 0.252032
1 0.70696 -0.426534
1 -0.152631 -0.754941
1 0.294118 -0.360825
1 0.347826 -0.282759
2 0.548523 0.509434
1 0.867508 -0.237201
1 0.186992 -0.765568
0 0.754636 2
1 0.389474 -0.798419
1 0.40107 -0.237113
1 0.478261 -0.227586
1 0.388186 -0.283019
1 0.798107 -0.569966
1 0.219512 -0.128205
0 0.49786 2
1 0.294737 -0.84585
1 0.144385 -0.134021
2 0.630435 0.737931
1 0.164557 -0.773585
1 0.0788643 -0.459044
2 0.203252 0.172161
0 0.797432 2
1 0.4 -0.719368
1 0.251337 -0.134021
1 0.26087 -0.372414
2 0.405063 0.207547
1 0.608833 -0.715017
1 0.577236 -0.296703
0 0.890157 2
1 0.294737 -0.814229
1 0.283422 -0.226804
2 0.391304 -0.00689654
1 0.0253164 -0.0943396
1 0.0536277 -0.433447
1 0.154472 -0.245421
0 0.429387 2
1 0.0947367 -0.893281
1 0.636364 -0.546392
2 0.826087 0.37931
1 0.198312 -0.509434
1 0.179811 -0.313993
2 0.0406504 0.399267
0 0.680456 2
1 0.294737 -0.83004
1 0.40107 -0.0721649
1 0.826087 -0.22069
1 0.299578 -0.471698
1 0.602524 -0.419795
2 0.0406504 0.619048
0 0.669044 2
1 0.21579 -0.920949
1 0.0695186 -0.340206
2 0.130435 0.0689654
2 0.594937 0.584906
1 0.993691 -0.677474
1 0.121951 -0.516484
0 0.326676 2
1 0.378947 -0.822134
1 0.582888 -0.360825
1 0.76087 -0.4
1 0.603376 -0.962264
1 0.318612 -0.732082
2 0.300813 0.318681
0 0.372325 2
1 0.336842 -0.656126
2 0.0909091 0.0103092
1 0.282609 -0.917241
1 0.71308 -0.0943396
1 0.337539 -0.697952
1 0.307317 -0.59707
0 0.155492 2
1 0.489474 -0.695652
2 0.40107 0.484536
2 0.652174 0.358621
1 0.0632911 -0.698113
1 0.0788643 -0.641638
2 0.430894 0.384615
0 0.811698 2
1 0.294737 -0.636364
2 0.0588235 0.381443
1 0.630435 -0.37931
1 0.367089 -0.471698
1 0.608833 -0.580205
2 0.186992 0.106227
0 0.723252 2
1 0.0315789 -0.632411
2 0.326203 1
2 0.5 0.6
1 0.0759494 -0.698113
1 0.022082 -0.646758
2 0.349593 0.6337
0 0.0085592 2
1 0.510526 -0.86166
2 0.00534752 0.0721649
2 0.326087 0.655172
1 0.240506 -1
1 0.217666 -0.670648
2 0.170732 0.362637
0 0.132668 2
1 0.668421 -0.549407
1 0.40107 -0.443299
1 0.413043 -0.565517
1 0.481013 -0.207547
1 0.533123 -0.569966
1 0.219512 -0.362637
0 0.78602 2
1 0.0526315 -0.936759
1 0.625668 -0.443299
1 0.652174 -0.331034
1 0.28692 -0.584906
1 0.337539 -0.433447
1 0.154472 -0.113553
0 0.837375 2
1 0.573684 -0.150198
1 0.0695187 -0.237113
1 0.0869565 -0.489655
2 0.586498 0.132075
1 0.659306 -0.766212
1 0.219512 -0.0842491
0 0.68331 2
1 0.315789 -0.901186
1 0.368984 -0.56701
1 0.434783 -0.365517
1 0.362869 -0.169811
1 0.48265 -0.638225
1 0.0569107 -0.238095
0 0.326676 2
2 0.121053 0.237154
2 0.1123 0.278351
2 0.326087 0.275862
2 0.0675106 0.132075
1 0.0283911 -0.779863
2 0.154472 0.362637
0 0.736091 2
1 0.489474 -0.928854
1 0.315508 -0.134021
2 0.652174 -0.00689654
1 0.189873 -0.358491
1 0.356467 -0.791809
2 0.463415 0.355311
1 2 -0.110526
1 0.577075 -0.101604
1 0.154639 -0.652174
1 0.158621 -0.0759494
1 0.509434 -0.141956
2 0.552901 0.105691
1 0.369963 -0.378031
1 -0.447368 -0.84585
2 0.229946 0.381443
1 0.826087 -0.296552
2 0.476793 0.0188679
1 0.375394 -0.843003
2 0.349593 0.0622711
0 0.49786 2
2 0.0631581 0.233201
2 0.0267379 0.226804
1 0.673913 -0.537931
2 0.472574 0.811321
1 0.236593 -0.399317
1 0.414634 -0.457875
0 0.661912 2
1 0.573684 -0.940711
1 0.304813 -0.237113
1 0.478261 -0.158621
1 0.21097 -0.660377
1 0.223975 -0.697952
2 0.495935 0.326007
0 0.654779 2
1 0.136842 -0.905138
1 0.0588235 -0.237113
1 0.369565 -0.158621
1 0.324894 -0.358491
1 0.337539 -0.771331
2 0.219512 0.384615
0 0.754636 2
1 0.405263 -0.656126
2 0.0160427 0.257732
1 0.565217 -0.448276
2 0.43038 0.132075
1 0.274448 -0.800341
1 0.382114 -0.274725
0 0.690442 2
1 0.673684 -0.632411
2 0.347593 0.587629
1 0.608696 -0.351724
2 0.464135 0.0188679
1 0.413249 -0.774744
2 0.430894 0.421245
0 0.594864 2
1 0.678947 -0.478261
2 0.176471 0.134021
1 0.695652 -0.331034
2 0.43038 0.320755
1 0.40694 -0.740614
2 0.154472 0.0842491
0 0.426534 2
1 0.447368 -0.766798
2 0.00534752 0.340206
1 -0.158621 -0.472574
1 0.0943395 -0.388013
2 0.921502 -0.0406503
1 0.421245 -0.504993
1 -0.447368 -0.56917
1 0.0267379 -0.185567
1 0.76087 -0.572414
2 0.510549 0.471698
1 0.223975 -0.808874
1 0.0243902 -0.267399
0 0.71184 2
1 0.489474 -0.695652
2 0.13369 0.175258
1 0.652174 -0.675862
2 0.616034 0.396226
1 0.230284 -0.604096
2 0.0731708 0.0109891
0 0.754636 2
1 0.126316 -0.687747
2 0.0374332 0.0412372
1 0.782609 -0.724138
2 0.527426 0.698113
1 0.236593 -0.697952
1 0.219512 -0.421245
0 0.690442 2
1 0.336842 -0.173913
1 0.0802139 -0.237113
2 0.608696 0.0137931
1 0.194093 -0.54717
1 0.00315454 -0.851536
2 0.0894308 0.487179
0 0.982882 2
1 0.689474 -0.505929
1 0.0160428 -0.237113
2 0.391304 0.406896
1 0.189873 -0.849057
1 0.40694 -0.663823
2 0.105691 0.238095
0 0.904422 2
1 0.242105 -0.6917
1 0.101604 -0.134021
1 0.0482758 -0.185654
2 0.283019 0.810726
2 0.774744 0.105691
1 0.00366291 -0.0599144
1 -0.589473 -0.454546
2 0.475936 0.123711
1 0.391304 -0.572414
1 0.725738 -0.962264
1 0.274448 -0.791809
1 0.235772 -0.274725
0 0.504993 2
1 0.336842 -0.735178
1 0.336898 -0.443299
2 0.673913 0.0827585
1 0.0886076 -0.396226
1 0.141956 -0.723549
2 0.219512 0.0769231
0 0.78602 2
1 0.294737 -0.869565
1 0.208556 -0.185567
2 0.608696 0.751724
1 0.438819 -0.584906
1 0.0283911 -0.450512
2 0.089431 0.0989011
0 0.455064 2
2 0.336842 -0.0395257
1 0.0909091 -0.237113
2 0.608696 0.289655
2 0.118143 0.207547
1 0.514196 -0.825939
2 0.528455 0.142857
0 0.817404 2
1 0.447368 -0.470356
1 0.636364 -0.28866
1 0.413043 -0.137931
1 0.227848 -0.509434
1 0.375394 -0.65529
2 0.284553 0.238095
0 0.383738 2
1 0.173684 -0.762846
1 0.42246 -0.185567
1 0.608696 -0.675862
1 0.56962 -0.396226
1 0.40694 -0.800341
2 0.089431 0.0989011
0 0.594864 2
1 0.310526 -0.324111
2 0.176471 0.0721649
2 0.391304 0.0896551
1 0.253165 -0.207547
1 0.432177 -0.740614
2 0.479675 0.545788
0 0.771755 2
1 0.584211 -0.612648
1 0.44385 -0.0824742
2 0.652174 0.0482758
1 0.451477 -0.0943396
1 0.362776 -0.866894
1 0.252033 -0.142857
0 0.804565 2
1 0.221052 -0.608696
2 0.336898 0.0206185
1 0.673913 -0.158621
1 0.333333 -0.283019
1 0.324921 -0.716724
2 0.089431 0.684982
0 0.437946 2
1 0.268421 -0.284585
2 0.026738 0.175258
1 0.565217 -0.517241
2 0.367089 1
1 0.362776 -0.757679
2 0.382114 0.487179
0 0.947218 2
1 0.357895 -0.608696
1 0.187166 -0.134021
1 0.782609 -0.537931
1 0.28692 -0.0943396
1 0.230284 -0.638225
2 0.154472 0.391941
0 0.669044 2
1 0.110526 -0.600791
2 0.0160428 0.226804
1 0.695652 -0.724138
2 0.400844 0.320755
1 0.230284 -0.65529
1 0.349594 -0.157509
0 0.700428 2
1 0.373684 -0.782609
1 0.379679 -0.134021
2 0.521739 -0.048276
2 0.2827 -0.018868
1 0.0536277 -0.757679
2 0.382114 0.282051
0 0.951498 2
1 0.694737 -0.758893
2 0.433155 -0.0309279
2 0.478261 0.213793
1 0.0886076 -0.396226
1 0.312303 -0.766212
2 0.219512 0.457875
0 0.426534 2
2 0.773684 0.185771
1 0.508021 -0.0824742
2 0.195652 0.517241
1 0.0548523 -0.584906
1 -0.723549 -0.560976
1 0.128205 -0.594864
1 -0.215789 -0.332016
2 0.13369 0.0721649
2 0.608696 0.0827585
1 0.185654 -0.509434
1 0.488959 -0.877133
2 0.317073 0.106227
0 0.932953 2
1 0.615789 -0.233202
2 0.668449 -0.0309279
1 0.282609 -0.468966
2 0.28692 0.773585
1 0.596215 -0.569966
1 0.219512 -0.0989011
0 0.53067 2
1 0.8 -1
2 0.219251 0.0721649
2 0.608696 0.0344827
2 0.295359 0.0943395
1 0.350158 -0.692833
1 0.0081301 -0.238095
0 0.777461 2
1 0.447368 -0.743083
2 0.219251 0.226804
2 0.695652 0.0896551
2 0.177215 0.132075
1 0.602524 -0.723549
2 0.268293 0.406593
0 0.847361 2
1 -0.695652 -0.101604
1 0.123711 -0.673913
1 0.0206896 -0.227848
2 0.471698 0.00946374
2 0.894198 1
1 0.172161 -0.815977
1 -0.584211 -0.711462
2 0.326203 0.0515463
1 0.652174 -0.310345
1 0.468354 -0.358491
1 0.293375 -0.885666
2 0.235772 0.509157
0 0.690442 2
1 0.268421 -0.656126
2 0.112299 0.226804
1 0.173913 -0.296552
1 0.261603 -0.207547
1 0.242902 -0.866894
2 0.0569107 0.238095
0 0.904422 2
2 0.0842102 0.0632411
1 0.336898 -0.443299
1 0.782609 -0.551724
2 0.616034 0.132075
1 0.735016 -0.638225
1 0.642276 -0.377289
0 0.865906 2
2 0.489474 0.0632411
1 0.315508 -0.134021
1 0.630435 -0.296552
1 0.451477 -0.0943396
1 0.0788643 -1
2 0.268293 0.304029
0 0.592011 2
1 0.778947 -0.343874
2 0.13369 -0.0309279
2 0.434783 0.324138
1 0.0337553 -0.283019
1 0.104101 -0.663823
2 0.479675 0.553114
0 0.504993 2
1 0.721052 -0.482213
2 0.845361 0.0652174
2 0.517241 1
1 0.283019 -0.0788643
1 0.194539 -0.268293
1 0.772894 -0.733238
2 -0.268421 0.458498
2 0.465241 0.639175
1 0.304348 -0.158621
2 0.244726 0.132075
1 0.179811 -0.863481
2 0.284553 0.355311
0 0.875892 2
2 0.0631581 1
2 0.17647 0.123711
2 0.652174 0.131034
1 0.0253164 -0.358491
1 0.00946374 -0.774744
2 0.593496 0.340659
0 0.854494 2
2 0.557895 0.411067
2 0.101604 0.0721649
2 0.73913 0.296552
1 0.135021 -0.698113
1 0.577287 -0.740614
2 0.560976 0.736264
0 0.854494 2
1 0.452632 -0.438735
2 0.13369 0.0721649
2 0.673913 0.117241
1 0.0253164 -0.0943396
1 0.40694 -0.74744
2 0.382114 0.472527
0 0.857347 2
1 0.263158 -0.687747
2 0.00534765 0.123711
2 0.652174 0.213793
2 0.185654 -0.018868
1 0.141956 -0.546075
2 0.658537 0.150183
0 0.894437 2
1 0.6 -0.450593
2 0.518717 0.845361
1 0.521739 -0.206897
2 0.198312 0.698113
1 0.148265 -0.706485
1 0.203252 -0.142857
0 0.731812 2
1 0.294737 -0.648221
2 0.00534752 0.43299
1 0.608696 -0.144828
2 0.109705 0.0188679
1 0.0599369 -0.856655
2 0.333333 0.106227
0 0.908702 2
2 0.468421 0.407115
2 0.0909092 0.175258
1 0.782609 -0.227586
2 0.405063 0.0943395
1 0.40694 -0.774744
2 0.495935 -0.0476191
0 0.569187 3
1 0.0368422 -0.758893
1 0.0267379 -0.237113
1 0.130435 -0.634483
1 0.616034 -0.698113
1 0.665615 -0.518771
1 0.544715 -0.985348
0 0.49786 3
1 0.0263156 -0.110672
2 0.1123 -0.0309279
1 0.26087 -0.77931
1 0.628692 -0.584906
1 0.735016 -0.296928
1 0.577236 -0.89011
0 0.640514 3
1 0.0631576 -0.379447
2 0.1123 0.381443
1 0.391304 -0.882759
1 0.683544 -0.471698
1 0.735016 -0.245734
1 0.707317 -0.934066
0 0.597718 3
2 0.121053 0.110672
2 0.0695186 0.123711
1 0.217391 -0.503448
1 0.637131 -0.849057
1 0.728707 -0.365188
1 0.512195 -0.985348
0 0.540656 3
1 0.221052 -0.802372
1 0.0481284 -0.28866
1 0.673913 -0.296552
2 0.898734 0.773585
1 0.470032 -0.288396
1 0.560976 -0.824176
0 0.46933 3
1 0.173684 -0.320158
1 0.101604 -0.185567
1 0.478261 -0.558621
2 0.864979 0.886792
2 0.665615 -0.00682595
1 0.593496 -0.772894
0 0.405136 3
2 0.357895 0.573122
2 0.262032 0.0721649
1 0.586957 -0.724138
2 0.945148 0.509434
1 0.753943 -0.561433
1 0.560976 -1
0 0.369472 3
2 0.210526 0.885376
2 0.368984 0.484536
1 0.434783 -0.441379
2 0.890295 0.886792
1 0.564669 -0.365188
1 0.447154 -0.692308
0 0.661912 3
2 0.294737 0.126482
1 0.112299 -0.0824742
1 0.608696 -0.558621
2 0.940928 0.698113
1 0.70347 -0.245734
1 0.463415 -0.59707
0 0.569187 3
1 0.0473682 -0.12253
2 0.336898 0.381443
1 0.326087 -0.0758622
2 0.890295 0.509434
1 0.747634 -0.37884
1 0.333333 -0.355311
0 0.554922 3
1 5.0967e-08 -0.181818
2 0.433155 0.0721649
1 0.434783 -0.613793
2 0.932489 0.509434
1 0.785489 -0.433447
1 0.528455 -0.238095
0 0.540656 3
1 0.226316 -0.280632
2 0.0588234 -0.0309279
1 0.586957 -0.710345
1 0.932489 -0.0943396
1 0.85489 -0.262799
1 0.642276 -0.120879
0 0.28388 3
2 0.310527 -0.0395257
2 0.454545 0.329897
1 0.413043 -0.606897
2 0.924051 0.396226
1 0.911672 -0.476109
1 0.333333 -0.421245
0 0.654779 3
2 0.363158 0.664031
2 0.0588234 -0.0309279
1 0.521739 -0.296552
2 0.805907 0.283019
1 0.615142 -0.467577
1 0.300813 -0.428571
0 0.611983 3
2 0.357895 0.241107
1 0.101604 -0.185567
1 0.0869565 -0.724138
1 0.814346 -0.396226
2 0.539432 0.182594
1 0.723577 -0.465201
0 0.17689 3
2 0.121053 0.118577
2 0.15508 0.0721649
1 0.304348 -0.641379
2 0.911392 0.132075
1 0.438486 -0.535836
1 0.804878 -0.699634
0 0.212553 3
2 0.5 0.699605
2 0.0695187 -0.0309279
1 0.782609 -1
1 0.0188679 -0.829653
1 0.382253 -0.837398
1 0.956044 -0.804565
2 -0.0315789 0.529644
2 0.197861 0.123711
1 0.652174 -0.503448
2 0.869198 0.283019
2 0.716088 0.0870307
1 0.902439 -0.567766
0 0.504993 3
2 0.205263 -0.0118577
2 0.0909092 0.123711
1 0.521739 -0.344828
2 0.822785 0.207547
2 0.470032 0.21843
1 0.886179 -0.74359
0 0.46933 3
2 0.0789474 0.249012
2 0.0695186 0.123711
1 0.0652174 -0.703448
1 0.556962 -0.207547
2 0.539432 0.385665
1 0.853659 -0.956044
0 0.611983 3
1 0.3 -0.0592886
2 0.347593 0.381443
1 0.152174 -0.710345
1 0.481013 -0.660377
2 0.470032 0.249147
1 0.821138 -0.978022
0 0.68331 3
1 0.0736841 -0.237154
2 0.197861 0.175258
1 0.0869565 -0.655172
1 0.56962 -0.584906
2 0.463722 0.624573
1 -0.85348 -0.71184
1 0.0947367 -0.541502
2 0.486631 0.536082
1 0.158621 -0.603376
1 0.509434 -0.274448
1 0.00682595 -0.788618
1 0.956044 -0.7903
2 0.157895 0.0118576
1 0.0160428 -0.185567
1 0.391304 -0.434483
2 0.793249 0.811321
2 0.0788643 0.576792
1 0.869919 -0.824176
0 0.433666 3
1 0.18421 -0.782609
2 0.208556 -0.0309279
1 0.282609 -0.655172
2 0.898734 0.509434
2 0.375394 0.0784983
1 0.837398 -0.794872
0 0.483595 3
2 0.126316 0.758893
2 0.0267379 0.175258
1 0.5 -0.475862
2 0.877637 0.811321
2 0.280757 0.129693
1 0.804878 -0.846154
0 0.36234 3
2 0.478948 0.335968
1 0.0909092 -0.0824742
1 0.586957 -0.434483
2 0.793249 0.320755
2 0.274448 0.319113
1 0.853659 -0.728938
0 0.71184 3
1 0.252632 -0.0948617
2 0.368984 0.690722
1 0.413043 -0.365517
2 0.898734 0.886792
2 0.539432 0.0614334
1 0.691057 -0.663004
0 0.141227 3
1 0.742105 -0.628459
2 0.433155 0.484536
2 0.391304 0.255172
2 0.590717 0.509434
2 0.444795 1
1 0.853659 -0.494505
0 0.455064 3
1 0.289474 -0.632411
2 0.368984 0.226804
2 0.586957 0.117241
2 0.679325 0.471698
2 0.18612 0.786689
1 0.853659 -0.626374
0 0.512126 3
2 0.3 0.221344
2 0.0909092 0.0721649
1 0.608696 -0.0896552
2 0.755274 0.396226
2 0.602524 0.0870307
1 0.869919 -0.772894
0 0.654779 3
2 0.4 -0.00395261
2 0.262032 -0.0309279
1 0.195652 -0.413793
2 0.907173 0.396226
1 0.753943 -0.215017
1 0.219512 -0.59707
0 0.426534 3
2 0.042105 -4.71183e-08
2 0.304813 0.175258
1 0.217391 -0.537931
2 0.890295 0.773585
1 0.652997 -0.266212
1 0.365854 -0.384615
0 0.583452 3
2 0.0157896 0.0711462
1 0.0588234 -0.185567
1 0.217391 -0.717241
2 0.848101 0.0188679
1 0.665615 -0.317406
1 0.674797 -0.648352
0 0.433666 3
1 0.447368 -0.201581
2 0.00534752 0.175258
1 0.565217 -0.744828
2 0.85654 0.0566037
2 0.608833 0.416382
1 0.642276 -0.699634
0 0.519258 3
2 0.421052 0.43083
2 0.0374332 0.226804
1 0.608696 -0.793103
2 0.945148 0.471698
1 0.533123 -0.0887372
1 0.512195 -0.648352
0 0.654779 3
2 0.273684 0.16996
2 0.326203 0.278351
1 0.108696 -0.503448
2 0.755274 0.132075
2 0.337539 0.604096
1 0.398374 -0.787546
0 0.405136 3
2 0.0578948 0.0395256
1 0.00534752 -0.0824742
1 0.608696 -0.655172
2 0.864979 0.0188679
2 0.646688 0.532423
1 0.609756 -0.648352
0 0.419401 3
1 0.342105 -0.272727
2 0.42246 0.43299
1 0.23913 -0.606897
2 0.78903 -0.018868
2 0.287066 0.259386
1 0.577236 -0.611722
0 0.326676 3
2 0.247368 0.525692
2 0.604278 0.484536
1 0.0869565 -0.310345
1 0.738397 -0.471698
2 0.55836 0.232082
1 0.691057 -0.52381
0 0.49786 3
1 0.384211 -0.0948617
1 0.0267379 -0.134021
1 0.434783 -0.813793
2 0.936709 0.0188679
1 0.798107 -0.279863
1 0.707317 -0.589744
0 0.669044 3
1 0.0842102 -0.347826
1 0.0160428 -0.0824742
1 0.652174 -0.717241
2 0.92827 0.320755
2 0.85489 0.47099
1 0.853659 -0.736264
0 0.726106 3
1 0.647368 -0.300395
2 0.197861 -0.0309279
1 0.543478 -0.517241
2 0.848101 0.169811
2 0.476341 0.43686
1 0.772358 -0.677656
0 0.455064 3
2 0.410526 0.940711
2 0.165775 0.0206185
1 0.456522 -0.517241
2 0.886076 0.471698
2 0.589905 0.0955631
1 0.739837 -0.655678
0 0.340942 3
2 0.247368 0.252964
2 0.197861 0.278351
1 0.304348 -0.434483
2 0.827004 0.132075
2 0.369085 0.0273038
1 0.642276 -0.787546
0 0.326676 3
2 0.178948 0.39921
2 0.0374332 -0.0309279
1 0.0869565 -0.57931
2 0.852321 0.132075
2 0.40694 0.522184
1 0.821138 -0.787546
0 0.205421 3
1 0.126316 -0.268775
2 0.0802138 -0.0309279
1 0.0869565 -0.537931
2 0.85654 0.509434
2 0.337539 0.368601
1 0.804878 -0.74359
0 0.198288 3
2 0.631579 0.328063
2 0.475936 0.43299
1 0.434783 -0.262069
2 0.822785 0.622641
2 0.40694 0.351536
1 0.788618 -0.758242
