Time Objective
0.000580281 0
1.85604 212.831
4.45585 195.422
7.12562 166.647
9.86716 154.716
12.4558 146.918
14.6193 146.011
15.7281 145.292
16.4278 143.989
17.0405 142.034
17.5315 139.47
18.0258 139.47
18.5164 139.47
18.9942 137.682
19.4531 137.499
19.8218 137.449
20.0691 137.448
20.1715 137.434
20.2536 137.42
20.3332 137.415
20.4113 137.412
20.4745 137.41
20.5356 137.408
20.5962 137.406
20.6477 137.404
20.6921 137.404
20.736 137.403
20.7797 137.402
20.826 137.402
20.8701 137.401
20.9093 137.4
20.9482 137.4
20.9846 137.399
21.011 137.399
21.0335 137.399
21.0554 137.399
21.0773 137.399
21.0992 137.399
21.1205 137.399
21.1427 137.399
21.1648 137.399
21.1868 137.399
21.209 137.399
21.2305 137.399
21.252 137.399
21.2738 137.399
21.295 137.399
21.3164 137.399
21.3378 137.399
21.359 137.399
21.381 137.399
21.4037 137.399
21.4257 137.399
21.4478 137.399
21.4694 137.399
21.4913 137.399
21.5133 137.399
21.5347 137.399
21.5564 137.399
21.5784 137.399
21.6013 137.399
21.6244 137.399
21.6463 137.399
21.6683 137.399
21.6901 137.399
21.7115 137.399
21.7334 137.399
21.755 137.399
21.7764 137.399
21.7979 137.399
21.8197 137.399
21.8414 137.399
21.8638 137.399
21.8857 137.399
21.9075 137.399
21.9297 137.399
21.9517 137.399
21.9736 137.399
21.9956 137.399
22.0175 137.399
22.0402 137.399
22.0623 137.399
22.0842 137.399
22.1062 137.399
22.128 137.399
22.1495 137.399
22.1711 137.399
22.1926 137.399
22.2145 137.399
22.2367 137.399
22.259 137.399
22.2815 137.399
22.3032 137.399
22.325 137.399
22.3472 137.399
22.3688 137.399
22.3906 137.399
22.4127 137.399
22.4343 137.399
22.456 137.399
22.4787 137.399
22.5006 137.399
22.5221 137.399
22.5444 137.399
22.5663 137.399
22.5875 137.399
22.6092 137.399
22.6311 137.399
22.6532 137.399
22.6761 137.399
22.6983 137.399
22.7205 137.399
22.7424 137.399
22.7643 137.399
22.7862 137.399
22.8081 137.399
22.8295 137.399
22.8515 137.399
22.8736 137.399
22.897 137.399
22.9189 137.399
22.9404 137.399
22.9617 137.399
22.983 137.399
23.0046 137.399
23.0258 137.399
23.0477 137.399
23.0697 137.399
23.0911 137.399
23.113 137.399
23.1347 137.399
23.1566 137.399
23.1786 137.399
23.2003 137.399
23.222 137.399
23.2435 137.399
23.2654 137.399
23.2869 137.399
23.3086 137.399
23.3297 137.399
23.3524 137.399
23.3748 137.399
23.3967 137.399
23.4188 137.399
23.4405 137.399
23.4624 137.399
23.4845 137.399
23.5061 137.399
23.5282 137.399
23.5511 137.399
23.5737 137.399
23.5965 137.399
23.6177 137.399
23.6392 137.399
23.6609 137.399
23.6825 137.399
23.7039 137.399
23.7257 137.399
23.747 137.399
23.7685 137.399
23.7909 137.399
23.8124 137.399
23.8342 137.399
23.8554 137.399
23.8767 137.399
23.8983 137.399
23.9196 137.399
23.9411 137.399
23.9628 137.399
23.9847 137.399
24.0065 137.399
24.0294 137.399
24.0517 137.399
24.0741 137.399
24.0958 137.399
24.1177 137.399
24.1403 137.399
24.1619 137.399
24.1832 137.399
24.2051 137.399
24.2265 137.399
24.2498 137.399
24.2716 137.399
24.2931 137.399
24.3147 137.399
24.3358 137.399
24.3573 137.399
24.3794 137.399
24.4016 137.399
24.4244 137.399
24.4466 137.399
24.4695 137.399
24.4908 137.399
24.5119 137.399
24.5338 137.399
24.5549 137.399
24.5763 137.399
24.5987 137.399
24.62 137.399
24.6414 137.399
24.6629 137.399
