d = 0
  id=0, 99(0.0171166), 938(0.041332), 1224(0.93766), 
  id=1, 99(0.0171165), 938(0.041332), 1224(0.93766), 
  id=2, 99(0.0171166), 938(0.041332), 1224(0.93766), 
  id=3, 99(0.0171166), 938(0.0413319), 1224(0.93766), 
  id=4, 99(0.0171168), 938(0.0413323), 1224(0.93766), 
  id=5, 99(0.0171166), 938(0.041332), 1224(0.93766), 
  id=6, 99(0.0171165), 938(0.041332), 1224(0.93766), 
  id=7, 99(0.0171167), 938(0.0413321), 1224(0.93766), 
  id=8, 99(0.0171167), 938(0.041332), 1224(0.93766), 
  id=9, 99(0.0171165), 938(0.041332), 1224(0.93766), 
  id=10, 99(0.0171167), 938(0.0413321), 1224(0.93766), 
  id=11, 99(0.0171165), 938(0.041332), 1224(0.93766), 
  id=12, 99(0.0171167), 938(0.0413321), 1224(0.93766), 
  id=13, 99(0.0171165), 938(0.041332), 1224(0.93766), 
  id=14, 99(0.0171165), 938(0.041332), 1224(0.93766), 
  id=15, 99(0.0171165), 938(0.041332), 1224(0.93766), 
  id=16, 99(0.0171167), 938(0.0413321), 1224(0.93766), 
  id=17, 99(0.0171167), 938(0.0413321), 1224(0.93766), 
  id=18, 99(0.0171167), 938(0.041332), 1224(0.93766), 
  id=19, 99(0.0171166), 938(0.041332), 1224(0.93766), 
  id=20, 99(0.0171166), 938(0.041332), 1224(0.93766), 
  id=21, 99(0.0171165), 938(0.041332), 1224(0.93766), 
  id=22, 99(0.0171166), 938(0.041332), 1224(0.93766), 
  id=23, 99(0.0171165), 938(0.041332), 1224(0.93766), 
  id=24, 99(0.0171167), 938(0.0413321), 1224(0.93766), 
d = 1
  id=25, 59(0.0169177), 99(0.010308), 1224(0.962722), 
  id=26, 99(0.0118498), 1098(0.0128749), 1224(0.963755), 
  id=27, 99(0.0118493), 1098(0.0128745), 1224(0.963755), 
  id=28, 59(0.017216), 1098(0.012875), 1224(0.963755), 
  id=29, 59(0.0190075), 99(0.0118568), 1224(0.956234), 
  id=30, 59(0.0157765), 99(0.0118498), 1224(0.963755), 
  id=31, 59(0.0157742), 99(0.0118498), 1224(0.963755), 
  id=32, 59(0.0190011), 99(0.0118498), 1224(0.960531), 
  id=33, 59(0.0157768), 99(0.0118498), 1224(0.963755), 
  id=34, 59(0.0190011), 99(0.0118498), 1224(0.960531), 
  id=35, 59(0.0118928), 99(0.0101032), 1098(0.0123917), 1224(0.95322), 
  id=36, 59(0.0124477), 99(0.0102922), 1224(0.963749), 
  id=37, 59(0.012689), 99(0.010363), 1224(0.963777), 
  id=38, 59(0.01199), 99(0.0101374), 1224(0.960277), 
  id=39, 59(0.0124648), 99(0.0103018), 1224(0.963746), 
  id=40, 59(0.0189947), 99(0.0118434), 1224(0.963749), 
  id=41, 59(0.0190011), 99(0.0118499), 1224(0.963755), 
  id=42, 59(0.0190011), 99(0.0118498), 1224(0.963755), 
  id=43, 59(0.0190011), 99(0.0118498), 1224(0.963755), 
  id=44, 59(0.0190011), 99(0.0118498), 1224(0.963755), 
  id=45, 59(0.0190011), 99(0.0118498), 1098(0.012875), 1224(0.946579), 
  id=46, 59(0.0167351), 99(0.0101616), 1224(0.962625), 
  id=47, 59(0.0136736), 1098(0.012875), 1224(0.963755), 
  id=48, 59(0.0172141), 1098(0.012875), 1224(0.963755), 
  id=49, 59(0.0168534), 99(0.0102941), 1224(0.962766), 
d = 2
  id=50, 357(0.0112894), 1098(0.0128748), 1220(0.0115614), 1224(0.964254), 
  id=51, 357(0.0112895), 1098(0.0128749), 1220(0.0115616), 1224(0.964254), 
  id=52, 357(0.0112894), 1098(0.0128749), 1220(0.0115615), 1224(0.964254), 
  id=53, 357(0.0112893), 1098(0.0128748), 1220(0.0115614), 1224(0.964254), 
  id=54, 357(0.0112894), 1098(0.0128748), 1220(0.0115615), 1224(0.964254), 
  id=55, 357(0.0112894), 1098(0.0128749), 1220(0.0115615), 1224(0.964254), 
  id=56, 357(0.0112895), 1098(0.0128749), 1220(0.0115615), 1224(0.964254), 
  id=57, 357(0.0112895), 1098(0.0128749), 1220(0.0115615), 1224(0.964254), 
  id=58, 357(0.0112894), 1098(0.0128748), 1220(0.0115615), 1224(0.964254), 
  id=59, 357(0.0112897), 1098(0.0128728), 1220(0.0115617), 1224(0.964254), 
  id=60, 357(0.0112894), 1098(0.0128748), 1220(0.0115615), 1224(0.964254), 
  id=61, 357(0.0112894), 1098(0.0128748), 1220(0.0115615), 1224(0.964254), 
  id=62, 357(0.0112894), 1098(0.0128749), 1220(0.0115615), 1224(0.964254), 
  id=63, 357(0.0112895), 1098(0.0128749), 1220(0.0115616), 1224(0.964254), 
  id=64, 357(0.0112894), 1098(0.0128749), 1220(0.0115615), 1224(0.964254), 
  id=65, 357(0.0112896), 1098(0.0128749), 1220(0.0115616), 1224(0.964254), 
  id=66, 357(0.0112895), 1098(0.0128748), 1220(0.0115615), 1224(0.964254), 
  id=67, 357(0.0112893), 1098(0.0128748), 1220(0.0115614), 1224(0.964254), 
  id=68, 357(0.0112896), 1098(0.0128749), 1220(0.0115615), 1224(0.964254), 
  id=69, 357(0.0112894), 1098(0.0128748), 1220(0.0115614), 1224(0.964254), 
  id=70, 357(0.0112894), 1098(0.0128748), 1220(0.0115614), 1224(0.964254), 
  id=71, 357(0.0112895), 1098(0.0128749), 1220(0.0115615), 1224(0.964254), 
  id=72, 357(0.0112895), 1098(0.0128749), 1220(0.0115615), 1224(0.964254), 
  id=73, 357(0.0112895), 1098(0.0128749), 1220(0.0115615), 1224(0.964254), 
  id=74, 357(0.0112895), 1098(0.012875), 1220(0.0115616), 1224(0.964254), 
d = 3
  id=75, 99(0.0171167), 938(0.041332), 1224(0.93766), 
  id=76, 99(0.0171166), 938(0.041332), 1224(0.937659), 
  id=77, 99(0.0171166), 938(0.041332), 1224(0.937659), 
  id=78, 99(0.0171165), 938(0.041332), 1224(0.937659), 
  id=79, 99(0.0171165), 938(0.041332), 1224(0.937659), 
  id=80, 99(0.0171165), 938(0.041332), 1224(0.937659), 
  id=81, 99(0.0171166), 938(0.041332), 1224(0.937659), 
  id=82, 99(0.0171165), 938(0.041332), 1224(0.937659), 
  id=83, 99(0.0171168), 938(0.0413321), 1224(0.937659), 
  id=84, 99(0.0171165), 938(0.041332), 1224(0.937659), 
  id=85, 99(0.0171165), 938(0.041332), 1224(0.937659), 
  id=86, 99(0.0171166), 938(0.041332), 1224(0.937659), 
  id=87, 99(0.0171167), 938(0.0413321), 1224(0.937659), 
  id=88, 99(0.0171167), 938(0.0413321), 1224(0.93766), 
  id=89, 99(0.0171166), 938(0.041332), 1224(0.937659), 
  id=90, 99(0.0171167), 938(0.0413321), 1224(0.937659), 
  id=91, 99(0.0171167), 938(0.041332), 1224(0.93766), 
  id=92, 99(0.0171165), 938(0.041332), 1224(0.937659), 
  id=93, 99(0.0171167), 938(0.041332), 1224(0.93766), 
  id=94, 99(0.0171167), 938(0.041332), 1224(0.93766), 
  id=95, 99(0.0171166), 938(0.041332), 1224(0.937659), 
  id=96, 99(0.0171166), 938(0.041332), 1224(0.937659), 
  id=97, 99(0.0171165), 938(0.041332), 1224(0.937659), 
  id=98, 99(0.0171167), 938(0.0413321), 1224(0.937659), 
  id=99, 99(0.0171166), 938(0.041332), 1224(0.937659), 
d = 4
  id=100, 99(0.0103131), 1224(0.963774), 
  id=101, 99(0.0103131), 1224(0.963774), 
  id=102, 99(0.0103131), 1224(0.963774), 
  id=103, 99(0.0103131), 1224(0.963774), 
  id=104, 99(0.0103131), 1224(0.963774), 
  id=105, 99(0.0102991), 1224(0.96377), 
  id=106, 99(0.0103129), 1224(0.963759), 
  id=107, 99(0.0103271), 1224(0.963778), 
  id=108, 99(0.0102485), 1224(0.963697), 
  id=109, 99(0.0101683), 1224(0.96363), 
  id=110, 99(0.0101589), 1224(0.963614), 
  id=111, 99(0.0101689), 1224(0.963628), 
  id=112, 99(0.0101576), 1224(0.96361), 
  id=113, 99(0.0101709), 1224(0.963629), 
  id=114, 99(0.0101677), 1224(0.963626), 
  id=115, 99(0.0103131), 1224(0.963774), 
  id=116, 99(0.0103132), 1224(0.963774), 
  id=117, 99(0.0103131), 1224(0.963774), 
  id=118, 99(0.0103131), 1224(0.963774), 
  id=119, 99(0.0103131), 1224(0.963774), 
  id=120, 99(0.0103131), 1224(0.963774), 
  id=121, 99(0.0103131), 1224(0.963774), 
  id=122, 99(0.0103131), 1224(0.963774), 
  id=123, 99(0.0103131), 1224(0.963774), 
  id=124, 99(0.0103131), 1224(0.963774), 
d = 5
  id=125, 59(0.0221511), 1224(0.973426), 
  id=126, 59(0.0221509), 1224(0.973425), 
  id=127, 59(0.0221509), 1224(0.973425), 
  id=128, 59(0.0221508), 1224(0.973425), 
  id=129, 59(0.0221509), 1224(0.973425), 
  id=130, 59(0.0221509), 1224(0.973425), 
  id=131, 59(0.0221512), 1224(0.973426), 
  id=132, 59(0.0221509), 1224(0.973425), 
  id=133, 59(0.0221509), 1224(0.973425), 
  id=134, 59(0.0221509), 1224(0.973425), 
  id=135, 59(0.0221509), 1224(0.973425), 
  id=136, 59(0.022151), 1224(0.973425), 
  id=137, 59(0.0221511), 1224(0.973426), 
  id=138, 59(0.0221509), 1224(0.973425), 
  id=139, 59(0.0221509), 1224(0.973425), 
  id=140, 59(0.022151), 1224(0.973426), 
  id=141, 59(0.0221509), 1224(0.973425), 
  id=142, 59(0.0221509), 1224(0.973425), 
  id=143, 59(0.0221511), 1224(0.973426), 
  id=144, 59(0.0221508), 1224(0.973425), 
  id=145, 59(0.0221508), 1224(0.973425), 
  id=146, 59(0.0221512), 1224(0.973426), 
  id=147, 59(0.0221509), 1224(0.973425), 
  id=148, 59(0.0221509), 1224(0.973425), 
  id=149, 59(0.022151), 1224(0.973425), 
d = 6
  id=150, 99(0.0171166), 1224(0.973425), 
  id=151, 99(0.0171166), 1224(0.973425), 
  id=152, 99(0.0171166), 1224(0.973425), 
  id=153, 99(0.0171166), 1224(0.973425), 
  id=154, 99(0.0171166), 1224(0.973425), 
  id=155, 99(0.0171166), 1224(0.973425), 
  id=156, 99(0.0171165), 1224(0.973425), 
  id=157, 99(0.0171165), 1224(0.973425), 
  id=158, 99(0.0171165), 1224(0.973425), 
  id=159, 99(0.0171165), 1224(0.973425), 
  id=160, 99(0.0171166), 1224(0.973425), 
  id=161, 99(0.0171166), 1224(0.973425), 
  id=162, 99(0.0171166), 1224(0.973425), 
  id=163, 99(0.0171166), 1224(0.973425), 
  id=164, 99(0.0171165), 1224(0.973425), 
  id=165, 99(0.0171166), 1224(0.973425), 
  id=166, 99(0.0171166), 1224(0.973425), 
  id=167, 99(0.0171166), 1224(0.973425), 
  id=168, 99(0.0171165), 1224(0.973425), 
  id=169, 99(0.0171165), 1224(0.973425), 
  id=170, 99(0.0171166), 1224(0.973425), 
  id=171, 99(0.0171165), 1224(0.973425), 
  id=172, 99(0.0171166), 1224(0.973425), 
  id=173, 99(0.0171166), 1224(0.973425), 
  id=174, 99(0.0171165), 1224(0.973425), 
d = 7
  id=175, 59(0.0221501), 99(0.0171163), 1224(0.956567), 
  id=176, 59(0.0221497), 99(0.0171162), 1224(0.956566), 
  id=177, 59(0.0221673), 99(0.0171453), 1224(0.956584), 
  id=178, 59(0.0221497), 99(0.0171161), 1224(0.956566), 
  id=179, 59(0.0221496), 99(0.0171161), 1224(0.956566), 
  id=180, 59(0.0221495), 99(0.0171159), 1224(0.956566), 
  id=181, 59(0.0221496), 99(0.0171161), 1224(0.956566), 
  id=182, 59(0.0221497), 99(0.0171182), 1224(0.956565), 
  id=183, 59(0.0221495), 99(0.0171159), 1224(0.956566), 
  id=184, 59(0.0221497), 99(0.0171162), 1224(0.956567), 
  id=185, 59(0.0221483), 99(0.0171144), 1224(0.956565), 
  id=186, 59(0.0221499), 99(0.0171161), 1224(0.956566), 
  id=187, 59(0.0221501), 99(0.0171162), 1224(0.956567), 
  id=188, 59(0.0221483), 99(0.0171143), 1224(0.956565), 
  id=189, 59(0.0221503), 99(0.0171165), 1224(0.956566), 
  id=190, 59(0.0221497), 99(0.0171159), 1224(0.956566), 
  id=191, 59(0.0221497), 99(0.017116), 1224(0.956566), 
  id=192, 59(0.0221498), 99(0.017116), 1224(0.956566), 
  id=193, 59(0.0221498), 99(0.0171161), 1224(0.956566), 
  id=194, 59(0.0221496), 99(0.017116), 1224(0.956566), 
  id=195, 59(0.0221496), 99(0.017116), 1224(0.956566), 
  id=196, 59(0.0221498), 99(0.017116), 1224(0.956566), 
  id=197, 59(0.0221494), 99(0.0171159), 1224(0.956566), 
  id=198, 59(0.0221498), 99(0.0171161), 1224(0.956566), 
  id=199, 59(0.0221497), 99(0.017116), 1224(0.956566), 
d = 8
  id=200, 59(0.0184937), 99(0.0102556), 1224(0.966248), 
  id=201, 59(0.0184937), 1224(0.966248), 
  id=202, 59(0.0184937), 99(0.0102555), 1224(0.966248), 
  id=203, 59(0.0184937), 99(0.0102555), 1224(0.966248), 
  id=204, 59(0.0184937), 99(0.0102555), 1224(0.966248), 
  id=205, 59(0.0184937), 1224(0.966248), 
  id=206, 59(0.0184937), 1224(0.966248), 
  id=207, 59(0.0184937), 1224(0.966248), 
  id=208, 59(0.0167614), 99(0.0102908), 1224(0.956243), 
  id=209, 59(0.0184937), 1224(0.966248), 
  id=210, 59(0.0184937), 99(0.0102555), 1224(0.966248), 
  id=211, 59(0.0184937), 99(0.0102555), 1224(0.966248), 
  id=212, 59(0.0184937), 99(0.0102555), 1224(0.966248), 
  id=213, 59(0.0184937), 99(0.0102555), 1224(0.966248), 
  id=214, 59(0.0184937), 99(0.0102555), 1224(0.966248), 
  id=215, 59(0.0184937), 99(0.0102555), 1224(0.966248), 
  id=216, 59(0.0184937), 99(0.0102555), 1224(0.966248), 
  id=217, 99(0.0102555), 1224(0.966248), 
  id=218, 59(0.018562), 99(0.0100296), 1224(0.966248), 
  id=219, 59(0.0184254), 99(0.0102203), 1224(0.961817), 
  id=220, 59(0.0184937), 99(0.0102555), 1224(0.966248), 
  id=221, 59(0.0184937), 99(0.0102555), 1224(0.966248), 
  id=222, 59(0.0184937), 99(0.0102555), 1224(0.966248), 
  id=223, 59(0.0184937), 99(0.0102555), 1224(0.966248), 
  id=224, 59(0.0184937), 99(0.0102555), 1224(0.966248), 
d = 9
  id=225, 59(0.0221506), 357(0.0112895), 1098(0.012875), 1220(0.0115615), 1224(0.942122), 
  id=226, 59(0.0221506), 357(0.0112895), 1098(0.012875), 1220(0.0115615), 1224(0.942122), 
  id=227, 59(0.0221506), 357(0.0112894), 1098(0.012875), 1220(0.0115615), 1224(0.942122), 
  id=228, 59(0.0221506), 357(0.0112895), 1098(0.012875), 1220(0.0115615), 1224(0.942122), 
  id=229, 59(0.0221506), 357(0.0112895), 1098(0.012875), 1220(0.0115615), 1224(0.942122), 
  id=230, 59(0.0221506), 357(0.0112895), 1098(0.012875), 1220(0.0115616), 1224(0.942122), 
  id=231, 59(0.0221506), 357(0.0112895), 1098(0.012875), 1220(0.0115615), 1224(0.942122), 
  id=232, 59(0.0221506), 357(0.0112894), 1098(0.012875), 1220(0.0115616), 1224(0.942122), 
  id=233, 59(0.0221506), 357(0.0112894), 1098(0.012875), 1220(0.0115616), 1224(0.942122), 
  id=234, 59(0.0221506), 357(0.0112895), 1098(0.012875), 1220(0.0115615), 1224(0.942122), 
  id=235, 59(0.0221506), 357(0.0112895), 1098(0.012875), 1220(0.0115615), 1224(0.942122), 
  id=236, 59(0.0221506), 357(0.0112895), 1098(0.012875), 1220(0.0115616), 1224(0.942122), 
  id=237, 59(0.0221506), 357(0.0112895), 1098(0.012875), 1220(0.0115615), 1224(0.942122), 
  id=238, 59(0.0221506), 357(0.0112895), 1098(0.012875), 1220(0.0115616), 1224(0.942122), 
  id=239, 59(0.0221506), 357(0.0112895), 1098(0.012875), 1220(0.0115616), 1224(0.942122), 
  id=240, 59(0.0221506), 357(0.0112895), 1098(0.012875), 1220(0.0115615), 1224(0.942122), 
  id=241, 59(0.0221506), 357(0.0112895), 1098(0.012875), 1220(0.0115616), 1224(0.942122), 
  id=242, 59(0.0221506), 357(0.0112894), 1098(0.012875), 1220(0.0115615), 1224(0.942122), 
  id=243, 59(0.0221506), 357(0.0112895), 1098(0.012875), 1220(0.0115615), 1224(0.942122), 
  id=244, 59(0.0221506), 357(0.0112895), 1098(0.012875), 1220(0.0115616), 1224(0.942122), 
  id=245, 59(0.0221506), 357(0.0112895), 1098(0.012875), 1220(0.0115615), 1224(0.942122), 
  id=246, 59(0.0221506), 357(0.0112895), 1098(0.012875), 1220(0.0115615), 1224(0.942122), 
  id=247, 59(0.0221506), 357(0.0112894), 1098(0.012875), 1220(0.0115615), 1224(0.942122), 
  id=248, 59(0.0221506), 357(0.0112895), 1098(0.012875), 1220(0.0115615), 1224(0.942122), 
  id=249, 59(0.0221506), 357(0.0112895), 1098(0.012875), 1220(0.0115615), 1224(0.942122), 
d = 10
  id=250, 357(0.0112894), 1098(0.0128748), 1220(0.0115615), 1224(0.964272), 
  id=251, 357(0.0112894), 1098(0.0128748), 1220(0.0115615), 1224(0.964272), 
  id=252, 357(0.0112895), 1098(0.0128749), 1220(0.0115615), 1224(0.964272), 
  id=253, 357(0.0112896), 1098(0.0128749), 1220(0.0115615), 1224(0.964272), 
  id=254, 357(0.0112895), 1098(0.0128749), 1220(0.0115615), 1224(0.964272), 
  id=255, 357(0.0112895), 1098(0.0128749), 1220(0.0115615), 1224(0.964272), 
  id=256, 357(0.0112895), 1098(0.0128749), 1220(0.0115616), 1224(0.964272), 
  id=257, 357(0.0112894), 1098(0.0128748), 1220(0.0115615), 1224(0.964272), 
  id=258, 357(0.0112895), 1098(0.0128749), 1220(0.0115615), 1224(0.964272), 
  id=259, 357(0.0112895), 1098(0.0128749), 1220(0.0115615), 1224(0.964272), 
  id=260, 357(0.0112895), 1098(0.0128749), 1220(0.0115616), 1224(0.964272), 
  id=261, 357(0.0112895), 1098(0.0128748), 1220(0.0115615), 1224(0.964272), 
  id=262, 357(0.0112894), 1098(0.0128749), 1220(0.0115615), 1224(0.964272), 
  id=263, 357(0.0112894), 1098(0.0128749), 1220(0.0115615), 1224(0.964272), 
  id=264, 357(0.0112895), 1098(0.0128749), 1220(0.0115615), 1224(0.964272), 
  id=265, 357(0.0112894), 1098(0.0128748), 1220(0.0115615), 1224(0.964272), 
  id=266, 357(0.0112895), 1098(0.0128749), 1220(0.0115615), 1224(0.964272), 
  id=267, 357(0.0112895), 1098(0.0128748), 1220(0.0115615), 1224(0.964272), 
  id=268, 357(0.0112895), 1098(0.0128749), 1220(0.0115615), 1224(0.964272), 
  id=269, 357(0.0112894), 1098(0.0128749), 1220(0.0115615), 1224(0.964272), 
  id=270, 357(0.0112894), 1098(0.0128748), 1220(0.0115615), 1224(0.964272), 
  id=271, 357(0.0112895), 1098(0.0128749), 1220(0.0115615), 1224(0.964272), 
  id=272, 357(0.0112895), 1098(0.0128749), 1220(0.0115615), 1224(0.964272), 
  id=273, 357(0.0112895), 1098(0.0128749), 1220(0.0115615), 1224(0.964272), 
  id=274, 357(0.0112894), 1098(0.0128748), 1220(0.0115615), 1224(0.964272), 
d = 11
  id=275, 59(0.022151), 1224(0.973425), 
  id=276, 59(0.022151), 1224(0.973426), 
  id=277, 59(0.022151), 1224(0.973425), 
  id=278, 59(0.022151), 1224(0.973425), 
  id=279, 59(0.022151), 1224(0.973426), 
  id=280, 59(0.022151), 1224(0.973425), 
  id=281, 59(0.0221509), 1224(0.973425), 
  id=282, 59(0.0221511), 1224(0.973426), 
  id=283, 59(0.0221509), 1224(0.973425), 
  id=284, 59(0.022151), 1224(0.973426), 
  id=285, 59(0.0221511), 1224(0.973426), 
  id=286, 59(0.0221511), 1224(0.973426), 
  id=287, 59(0.0221511), 1224(0.973426), 
  id=288, 59(0.0221511), 1224(0.973426), 
  id=289, 59(0.0221509), 1224(0.973425), 
  id=290, 59(0.0221509), 1224(0.973425), 
  id=291, 59(0.022151), 1224(0.973426), 
  id=292, 59(0.0221511), 1224(0.973426), 
  id=293, 59(0.0221511), 1224(0.973426), 
  id=294, 59(0.0221512), 1224(0.973426), 
  id=295, 59(0.022151), 1224(0.973425), 
  id=296, 59(0.0221511), 1224(0.973426), 
  id=297, 59(0.0221509), 1224(0.973425), 
  id=298, 59(0.0221512), 1224(0.973426), 
  id=299, 59(0.0221509), 1224(0.973425), 
d = 12
  id=300, 59(0.0144579), 99(0.0126852), 1224(0.962723), 
  id=301, 59(0.0221509), 99(0.0126855), 1224(0.962724), 
  id=302, 59(0.0221508), 99(0.0126853), 1224(0.9596), 
  id=303, 59(0.0190312), 99(0.0126851), 1224(0.962723), 
  id=304, 59(0.02215), 99(0.0126845), 1224(0.962723), 
  id=305, 59(0.0190324), 99(0.0126852), 1224(0.962723), 
  id=306, 59(0.0221507), 99(0.0126853), 1224(0.959604), 
  id=307, 59(0.0190323), 99(0.0126852), 1224(0.962723), 
  id=308, 59(0.0190325), 99(0.0126852), 1224(0.962723), 
  id=309, 59(0.0190322), 99(0.0126852), 1224(0.962723), 
  id=310, 59(0.0221509), 1224(0.962723), 
  id=311, 59(0.0129763), 99(0.012685), 1224(0.962723), 
  id=312, 59(0.0209814), 1224(0.962723), 
  id=313, 59(0.0219741), 99(0.0126866), 1224(0.944584), 
  id=314, 59(0.016913), 99(0.0102908), 1224(0.962725), 
  id=315, 59(0.0221507), 1224(0.962723), 
  id=316, 59(0.0221508), 1224(0.962724), 
  id=317, 59(0.0221508), 1224(0.962723), 
  id=318, 59(0.0221507), 1224(0.962723), 
  id=319, 59(0.0221508), 1224(0.962723), 
  id=320, 59(0.0221507), 1224(0.962723), 
  id=321, 59(0.0221508), 1224(0.962723), 
  id=322, 59(0.0221509), 1224(0.962723), 
  id=323, 59(0.0221507), 1224(0.962724), 
  id=324, 59(0.0221509), 1224(0.962723), 
d = 13
  id=325, 99(0.0101884), 938(0.0413324), 1224(0.944945), 
  id=326, 99(0.0101882), 938(0.0413322), 1224(0.945311), 
  id=327, 99(0.0101884), 938(0.0413324), 1224(0.944945), 
  id=328, 99(0.0101884), 938(0.0413324), 1224(0.944944), 
  id=329, 99(0.0101884), 938(0.0413324), 1224(0.945257), 
  id=330, 99(0.0101884), 938(0.0413324), 1224(0.944945), 
  id=331, 99(0.0101884), 938(0.0413324), 1224(0.944946), 
  id=332, 99(0.0101884), 938(0.0413324), 1224(0.944945), 
  id=333, 99(0.0101884), 938(0.0413324), 1224(0.944945), 
  id=334, 99(0.0101884), 938(0.0413324), 1224(0.945343), 
  id=335, 99(0.0101883), 938(0.0413323), 1098(0.012875), 1220(0.0115616), 1224(0.920913), 
  id=336, 99(0.0101884), 938(0.0413323), 1098(0.012875), 1220(0.0115617), 1224(0.920912), 
  id=337, 99(0.0100856), 938(0.0212229), 1224(0.950633), 
  id=338, 99(0.0101781), 938(0.022702), 1224(0.952426), 
  id=339, 99(0.0101997), 938(0.0216765), 1224(0.949488), 
  id=340, 99(0.010188), 1098(0.0128747), 1220(0.0115613), 1224(0.952424), 
  id=341, 99(0.010188), 1098(0.0128747), 1220(0.0115613), 1224(0.952424), 
  id=342, 99(0.010188), 1098(0.0128747), 1220(0.0115613), 1224(0.952424), 
  id=343, 99(0.010188), 1098(0.0128747), 1220(0.0115613), 1224(0.952424), 
  id=344, 99(0.010188), 1098(0.0128747), 1220(0.0115613), 1224(0.952424), 
  id=345, 99(0.0101884), 938(0.0413324), 1224(0.944946), 
  id=346, 99(0.0101884), 938(0.0413324), 1224(0.944945), 
  id=347, 99(0.0101884), 938(0.0413324), 1224(0.944946), 
  id=348, 99(0.0101884), 938(0.0413324), 1224(0.945338), 
  id=349, 99(0.0101884), 938(0.0413323), 1224(0.944945), 
d = 14
  id=350, 357(0.0112895), 1098(0.0128749), 1220(0.0115615), 1224(0.964252), 
  id=351, 357(0.0112895), 1098(0.0128749), 1220(0.0115615), 1224(0.964253), 
  id=352, 357(0.0112895), 1098(0.0128749), 1220(0.0115615), 1224(0.964253), 
  id=353, 357(0.0112894), 1098(0.0128748), 1220(0.0115615), 1224(0.964252), 
  id=354, 357(0.0112895), 1098(0.0128749), 1220(0.0115615), 1224(0.964253), 
  id=355, 357(0.0112895), 1098(0.0128749), 1220(0.0115615), 1224(0.964253), 
  id=356, 357(0.0112894), 1098(0.0128748), 1220(0.0115615), 1224(0.964252), 
  id=357, 357(0.0112894), 1098(0.0128748), 1220(0.0115615), 1224(0.964252), 
  id=358, 357(0.0112894), 1098(0.0128748), 1220(0.0115615), 1224(0.964252), 
  id=359, 357(0.0112895), 1098(0.0128749), 1220(0.0115615), 1224(0.964253), 
  id=360, 357(0.0112895), 1098(0.0128749), 1220(0.0115616), 1224(0.964253), 
  id=361, 357(0.0112896), 1098(0.012875), 1220(0.0115616), 1224(0.964253), 
  id=362, 357(0.0112896), 1098(0.0128751), 1220(0.0115616), 1224(0.964253), 
  id=363, 357(0.0112894), 1098(0.0128748), 1220(0.0115615), 1224(0.964252), 
  id=364, 357(0.0112895), 1098(0.0128749), 1220(0.0115615), 1224(0.964253), 
  id=365, 357(0.0112894), 1098(0.0128748), 1220(0.0115614), 1224(0.964252), 
  id=366, 357(0.0112894), 1098(0.0128747), 1220(0.0115616), 1224(0.964253), 
  id=367, 357(0.0112895), 1098(0.0128749), 1220(0.0115615), 1224(0.964253), 
  id=368, 357(0.0112894), 1098(0.0128748), 1220(0.0115615), 1224(0.964252), 
  id=369, 357(0.0112894), 1098(0.0128748), 1220(0.0115615), 1224(0.964253), 
  id=370, 357(0.0112894), 1098(0.0128748), 1220(0.0115615), 1224(0.964252), 
  id=371, 357(0.0112894), 1098(0.0128748), 1220(0.0115615), 1224(0.964252), 
  id=372, 357(0.0112895), 1098(0.0128749), 1220(0.0115615), 1224(0.964253), 
  id=373, 357(0.0112895), 1098(0.0128749), 1220(0.0115615), 1224(0.964253), 
  id=374, 357(0.0112895), 1098(0.012875), 1220(0.0115616), 1224(0.964253), 
d = 15
  id=375, 59(0.0113826), 99(0.0104704), 1224(0.9643), 
  id=376, 59(0.0113826), 99(0.0104704), 1224(0.9643), 
  id=377, 59(0.0113826), 99(0.0104704), 1224(0.9643), 
  id=378, 59(0.0113826), 99(0.0104704), 1224(0.9643), 
  id=379, 59(0.0113826), 99(0.0104704), 1224(0.9643), 
  id=380, 59(0.0113822), 99(0.01047), 938(0.0127254), 1224(0.964299), 
  id=381, 59(0.0113821), 99(0.0104699), 938(0.0127253), 1224(0.964299), 
  id=382, 59(0.0113825), 99(0.0104703), 938(0.0127257), 1224(0.9643), 
  id=383, 99(0.0104704), 938(0.0127258), 1224(0.9643), 
  id=384, 59(0.0113825), 99(0.0104703), 938(0.0127257), 1224(0.9643), 
  id=385, 59(0.0113819), 99(0.0104697), 938(0.0127251), 1224(0.964299), 
  id=386, 59(0.0113828), 99(0.0104707), 938(0.0127261), 1224(0.9643), 
  id=387, 59(0.0113835), 99(0.0104713), 938(0.0127267), 1224(0.964301), 
  id=388, 59(0.0113826), 99(0.0104704), 938(0.0127258), 1224(0.9643), 
  id=389, 59(0.0113829), 99(0.0104707), 938(0.0127261), 1224(0.9643), 
  id=390, 59(0.0113826), 99(0.0104704), 1224(0.9643), 
  id=391, 59(0.0113826), 99(0.0104704), 1224(0.9643), 
  id=392, 59(0.011379), 99(0.0104707), 1224(0.964302), 
  id=393, 59(0.0113856), 99(0.0104696), 1224(0.964296), 
  id=394, 59(0.0113826), 99(0.0104704), 1224(0.9643), 
  id=395, 59(0.0113826), 99(0.0104704), 1224(0.9643), 
  id=396, 59(0.0113826), 99(0.0104704), 1224(0.9643), 
  id=397, 59(0.0113826), 99(0.0104704), 1224(0.9643), 
  id=398, 59(0.0113826), 99(0.0104704), 1224(0.9643), 
  id=399, 59(0.0113826), 99(0.0104704), 1224(0.9643), 
d = 16
  id=400, 59(0.0221507), 357(0.0112897), 1224(0.966551), 
  id=401, 59(0.0221507), 357(0.0112897), 1224(0.966551), 
  id=402, 59(0.0221509), 357(0.0112898), 1224(0.966552), 
  id=403, 59(0.0221504), 357(0.0112893), 1224(0.966551), 
  id=404, 59(0.0221504), 357(0.0112894), 1224(0.966551), 
  id=405, 59(0.0221506), 357(0.0112896), 1224(0.966551), 
  id=406, 59(0.0221508), 357(0.0112898), 1224(0.966551), 
  id=407, 59(0.0221507), 357(0.0112897), 1224(0.966551), 
  id=408, 59(0.0221505), 357(0.0112895), 1224(0.966551), 
  id=409, 59(0.022151), 357(0.0112899), 1224(0.966551), 
  id=410, 59(0.0221506), 357(0.0112896), 1224(0.966551), 
  id=411, 59(0.0221509), 357(0.0112898), 1224(0.966551), 
  id=412, 59(0.0221505), 357(0.0112895), 1224(0.966551), 
  id=413, 59(0.0221508), 357(0.0112898), 1224(0.966552), 
  id=414, 59(0.0221505), 357(0.0112895), 1224(0.966551), 
  id=415, 59(0.0221509), 357(0.0112898), 1224(0.966552), 
  id=416, 59(0.0221506), 357(0.0112895), 1224(0.966551), 
  id=417, 59(0.0221508), 357(0.0112897), 1224(0.966552), 
  id=418, 59(0.0221507), 357(0.0112896), 1224(0.966551), 
  id=419, 59(0.0221508), 357(0.0112897), 1224(0.966551), 
  id=420, 59(0.0221506), 357(0.0112896), 1224(0.966551), 
  id=421, 59(0.0221509), 357(0.0112899), 1224(0.966552), 
  id=422, 59(0.0221506), 357(0.0112896), 1224(0.966551), 
  id=423, 59(0.0221502), 357(0.0112892), 1224(0.966551), 
  id=424, 59(0.0221504), 357(0.0112893), 1224(0.966551), 
d = 17
  id=425, 99(0.0103672), 1224(0.9667), 
  id=426, 99(0.0103672), 1224(0.9667), 
  id=427, 99(0.0103672), 1224(0.9667), 
  id=428, 99(0.010367), 1224(0.9667), 
  id=429, 99(0.0103672), 1224(0.9667), 
  id=430, 99(0.0100671), 1224(0.96351), 
  id=431, 99(0.0103672), 1224(0.962802), 
  id=432, 99(0.0100589), 1224(0.963498), 
  id=433, 99(0.0100605), 1224(0.963497), 
  id=434, 99(0.0101657), 1224(0.96363), 
  id=435, 99(0.0100699), 1224(0.963497), 
  id=436, 99(0.0102242), 1224(0.963669), 
  id=437, 99(0.0100567), 1224(0.963484), 
  id=438, 99(0.0102525), 1224(0.963733), 
  id=439, 99(0.0100575), 1224(0.963512), 
  id=440, 99(0.0103673), 1224(0.9667), 
  id=441, 99(0.0103673), 1224(0.9667), 
  id=442, 99(0.0103673), 1224(0.9667), 
  id=443, 99(0.0103673), 1224(0.9667), 
  id=444, 99(0.0103673), 1224(0.9667), 
  id=445, 99(0.0100287), 1224(0.963484), 
  id=446, 99(0.0102283), 1224(0.963673), 
  id=447, 99(0.0100574), 1224(0.963498), 
  id=448, 99(0.0102695), 1224(0.963718), 
  id=449, 99(0.0102024), 1224(0.963668), 
d = 18
  id=450, 99(0.0100254), 938(0.0164663), 1224(0.955604), 
  id=451, 99(0.0172503), 938(0.0241521), 1224(0.948207), 
  id=452, 99(0.0171165), 938(0.0413321), 1224(0.927151), 
  id=453, 938(0.0190382), 1224(0.948713), 
  id=454, 938(0.0188988), 1224(0.956301), 
  id=455, 99(0.0171167), 938(0.041332), 1224(0.93852), 
  id=456, 59(0.0155173), 99(0.0171165), 938(0.041332), 1224(0.923005), 
  id=457, 99(0.0171167), 938(0.0413321), 1224(0.938501), 
  id=458, 59(0.0155173), 99(0.0171165), 938(0.041332), 1224(0.923005), 
  id=459, 59(0.0155173), 99(0.0171165), 938(0.041332), 1224(0.923005), 
  id=460, 59(0.0155173), 99(0.0171165), 938(0.041332), 1224(0.923005), 
  id=461, 59(0.0155173), 99(0.0171165), 938(0.041332), 1224(0.923005), 
  id=462, 59(0.0155173), 99(0.0171165), 938(0.041332), 1224(0.923005), 
  id=463, 59(0.0155173), 99(0.0171165), 938(0.041332), 1224(0.923005), 
  id=464, 59(0.0155173), 99(0.0171165), 938(0.041332), 1224(0.923005), 
  id=465, 59(0.0140587), 99(0.0100294), 1224(0.956835), 
  id=466, 99(0.0100619), 938(0.0165279), 1224(0.957122), 
  id=467, 59(0.0155189), 99(0.0100449), 1224(0.959281), 
  id=468, 59(0.0138883), 99(0.0100948), 1224(0.954747), 
  id=469, 59(0.0146164), 99(0.0100565), 1224(0.958389), 
  id=470, 59(0.0155175), 1224(0.959281), 
  id=471, 59(0.0155176), 1224(0.959281), 
  id=472, 59(0.0155177), 1224(0.959282), 
  id=473, 59(0.0155176), 1224(0.959281), 
  id=474, 59(0.0155175), 1224(0.959281), 
d = 19
  id=475, 59(0.0189832), 1224(0.963771), 
  id=476, 59(0.0189832), 1224(0.956264), 
  id=477, 59(0.0189831), 1224(0.963771), 
  id=478, 59(0.0189831), 1224(0.963771), 
  id=479, 59(0.0189832), 1224(0.963134), 
  id=480, 59(0.0189831), 1224(0.963771), 
  id=481, 59(0.0189831), 1224(0.963771), 
  id=482, 59(0.0189831), 1224(0.963771), 
  id=483, 59(0.0189831), 1224(0.963771), 
  id=484, 59(0.0189831), 1224(0.963771), 
  id=485, 59(0.0189832), 1224(0.963771), 
  id=486, 59(0.0189832), 1224(0.963133), 
  id=487, 59(0.0189832), 1224(0.963771), 
  id=488, 59(0.0170639), 1224(0.958936), 
  id=489, 59(0.0189832), 1224(0.963771), 
  id=490, 59(0.0116023), 1224(0.963768), 
  id=491, 59(0.0115609), 1224(0.963772), 
  id=492, 59(0.0115622), 1224(0.963771), 
  id=493, 59(0.0115605), 1224(0.963772), 
  id=494, 59(0.0115345), 1224(0.963774), 
  id=495, 59(0.0189832), 1224(0.963771), 
  id=496, 59(0.0189831), 1224(0.963771), 
  id=497, 59(0.0189831), 1224(0.963771), 
  id=498, 59(0.0189831), 1224(0.963771), 
  id=499, 59(0.0189831), 1224(0.963771), 
d = 20
  id=500, 357(0.0112894), 1098(0.0128748), 1220(0.0115615), 1224(0.960383), 
  id=501, 357(0.0112894), 1098(0.0128748), 1220(0.0115615), 1224(0.960383), 
  id=502, 357(0.0112894), 1098(0.0128748), 1220(0.0115615), 1224(0.960383), 
  id=503, 357(0.0112894), 1098(0.0128748), 1220(0.0115615), 1224(0.960383), 
  id=504, 357(0.0112894), 1098(0.0128748), 1220(0.0115615), 1224(0.960383), 
  id=505, 357(0.0112894), 1098(0.0128748), 1220(0.0115615), 1224(0.960383), 
  id=506, 357(0.0112895), 1098(0.0128749), 1220(0.0115615), 1224(0.960383), 
  id=507, 357(0.0112894), 1098(0.0128748), 1220(0.0115615), 1224(0.960383), 
  id=508, 357(0.0112894), 1098(0.0128748), 1220(0.0115614), 1224(0.960383), 
  id=509, 357(0.0112894), 1098(0.0128748), 1220(0.0115615), 1224(0.960383), 
  id=510, 357(0.0112894), 1098(0.0128748), 1220(0.0115615), 1224(0.960383), 
  id=511, 357(0.0112894), 1098(0.0128748), 1220(0.0115615), 1224(0.960383), 
  id=512, 357(0.0112894), 1098(0.0128748), 1220(0.0115615), 1224(0.960383), 
  id=513, 357(0.0112895), 1098(0.0128748), 1220(0.0115614), 1224(0.960383), 
  id=514, 357(0.0112894), 1098(0.0128748), 1220(0.0115615), 1224(0.960383), 
  id=515, 357(0.0112894), 1098(0.0128748), 1220(0.0115615), 1224(0.960383), 
  id=516, 357(0.0112894), 1098(0.0128748), 1220(0.0115615), 1224(0.960383), 
  id=517, 357(0.0112895), 1098(0.0128749), 1220(0.0115615), 1224(0.960383), 
  id=518, 357(0.0112894), 1098(0.0128748), 1220(0.0115615), 1224(0.960383), 
  id=519, 357(0.0112894), 1098(0.0128748), 1220(0.0115615), 1224(0.960383), 
  id=520, 357(0.0112894), 1098(0.0128748), 1220(0.0115615), 1224(0.960383), 
  id=521, 357(0.0112894), 1098(0.0128748), 1220(0.0115615), 1224(0.960383), 
  id=522, 357(0.0112894), 1098(0.0128748), 1220(0.0115615), 1224(0.960383), 
  id=523, 357(0.0112894), 1098(0.0128748), 1220(0.0115615), 1224(0.960383), 
  id=524, 357(0.0112894), 1098(0.0128748), 1220(0.0115615), 1224(0.960383), 
d = 21
  id=525, 357(0.0112895), 1098(0.0128749), 1220(0.0115616), 1224(0.964243), 
  id=526, 357(0.0112895), 1098(0.0128749), 1220(0.0115615), 1224(0.964243), 
  id=527, 357(0.0112895), 1098(0.0128749), 1220(0.0115615), 1224(0.964243), 
  id=528, 357(0.0112895), 1098(0.012875), 1220(0.0115616), 1224(0.964243), 
  id=529, 357(0.0112895), 1098(0.0128749), 1220(0.0115615), 1224(0.964243), 
  id=530, 357(0.0112894), 1098(0.0128748), 1220(0.0115614), 1224(0.964243), 
  id=531, 357(0.0112895), 1098(0.0128749), 1220(0.0115616), 1224(0.964243), 
  id=532, 357(0.0112894), 1098(0.0128748), 1220(0.0115615), 1224(0.964243), 
  id=533, 357(0.0112895), 1098(0.0128749), 1220(0.0115616), 1224(0.964243), 
  id=534, 357(0.0112895), 1098(0.0128749), 1220(0.0115615), 1224(0.964243), 
  id=535, 357(0.0112895), 1098(0.0128749), 1220(0.0115616), 1224(0.964243), 
  id=536, 357(0.0112894), 1098(0.0128748), 1220(0.0115615), 1224(0.964243), 
  id=537, 357(0.0112895), 1098(0.0128749), 1220(0.0115615), 1224(0.964243), 
  id=538, 357(0.0112896), 1098(0.0128749), 1220(0.0115616), 1224(0.964243), 
  id=539, 357(0.0112895), 1098(0.0128748), 1220(0.0115616), 1224(0.964243), 
  id=540, 357(0.0112895), 1098(0.0128749), 1220(0.0115616), 1224(0.964243), 
  id=541, 357(0.0112893), 1098(0.0128748), 1220(0.0115614), 1224(0.964243), 
  id=542, 357(0.0112894), 1098(0.0128748), 1220(0.0115615), 1224(0.964243), 
  id=543, 357(0.0112895), 1098(0.0128749), 1220(0.0115615), 1224(0.964243), 
  id=544, 357(0.0112895), 1098(0.0128749), 1220(0.0115615), 1224(0.964243), 
  id=545, 357(0.0112895), 1098(0.0128749), 1220(0.0115615), 1224(0.964243), 
  id=546, 357(0.0112894), 1098(0.0128748), 1220(0.0115614), 1224(0.964243), 
  id=547, 357(0.0112894), 1098(0.0128748), 1220(0.0115615), 1224(0.964243), 
  id=548, 357(0.0112894), 1098(0.0128748), 1220(0.0115615), 1224(0.964243), 
  id=549, 357(0.0112894), 1098(0.0128748), 1220(0.0115614), 1224(0.964243), 
d = 22
  id=550, 59(0.0221511), 1224(0.973426), 
  id=551, 59(0.0221509), 1224(0.973425), 
  id=552, 59(0.0221508), 1224(0.973425), 
  id=553, 59(0.0221507), 1224(0.973425), 
  id=554, 59(0.0221508), 1224(0.973425), 
  id=555, 59(0.0221508), 1224(0.973425), 
  id=556, 59(0.0221509), 1224(0.973425), 
  id=557, 59(0.0221508), 1224(0.973425), 
  id=558, 59(0.0221508), 1224(0.973425), 
  id=559, 59(0.0221508), 1224(0.973425), 
  id=560, 59(0.0221509), 1224(0.973425), 
  id=561, 59(0.0221508), 1224(0.973425), 
  id=562, 59(0.0221509), 1224(0.973425), 
  id=563, 59(0.0221509), 1224(0.973425), 
  id=564, 59(0.0221509), 1224(0.973425), 
  id=565, 59(0.0221508), 1224(0.973425), 
  id=566, 59(0.022151), 1224(0.973426), 
  id=567, 59(0.0221509), 1224(0.973425), 
  id=568, 59(0.0221509), 1224(0.973425), 
  id=569, 59(0.0221509), 1224(0.973425), 
  id=570, 59(0.0221509), 1224(0.973425), 
  id=571, 59(0.0221508), 1224(0.973425), 
  id=572, 59(0.022151), 1224(0.973425), 
  id=573, 59(0.022151), 1224(0.973425), 
  id=574, 59(0.022151), 1224(0.973426), 
d = 23
  id=575, 99(0.0171167), 938(0.041332), 1224(0.937659), 
  id=576, 99(0.0171167), 938(0.0413321), 1224(0.937659), 
  id=577, 99(0.0171167), 938(0.041332), 1224(0.937659), 
  id=578, 99(0.0171165), 938(0.041332), 1224(0.937659), 
  id=579, 99(0.0171165), 938(0.041332), 1224(0.937659), 
  id=580, 99(0.0171166), 938(0.041332), 1224(0.937659), 
  id=581, 99(0.0171167), 938(0.041332), 1224(0.937659), 
  id=582, 99(0.0171167), 938(0.041332), 1224(0.937659), 
  id=583, 99(0.0171167), 938(0.0413321), 1224(0.937659), 
  id=584, 99(0.0171165), 938(0.041332), 1224(0.937659), 
  id=585, 99(0.0171167), 938(0.0413321), 1224(0.937659), 
  id=586, 99(0.0171165), 938(0.041332), 1224(0.937659), 
  id=587, 99(0.0171165), 938(0.041332), 1224(0.937659), 
  id=588, 99(0.0171166), 938(0.041332), 1224(0.937659), 
  id=589, 99(0.0171166), 938(0.0413319), 1224(0.937659), 
  id=590, 99(0.0171167), 938(0.0413321), 1224(0.937659), 
  id=591, 99(0.0171166), 938(0.041332), 1224(0.937659), 
  id=592, 99(0.0171166), 938(0.041332), 1224(0.937659), 
  id=593, 99(0.0171167), 938(0.041332), 1224(0.937659), 
  id=594, 99(0.0171165), 938(0.041332), 1224(0.937659), 
  id=595, 99(0.0171167), 938(0.0413321), 1224(0.937659), 
  id=596, 99(0.0171167), 938(0.041332), 1224(0.937659), 
  id=597, 99(0.0171167), 938(0.0413321), 1224(0.937659), 
  id=598, 99(0.0171166), 938(0.041332), 1224(0.937659), 
  id=599, 99(0.0171165), 938(0.041332), 1224(0.937659), 
d = 24
  id=600, 59(0.0221506), 1224(0.973425), 
  id=601, 59(0.0221506), 1224(0.973425), 
  id=602, 59(0.0221507), 1224(0.973425), 
  id=603, 59(0.0221506), 1224(0.973425), 
  id=604, 59(0.0221504), 1224(0.973425), 
  id=605, 59(0.0221507), 1224(0.973425), 
  id=606, 59(0.0221506), 1224(0.973425), 
  id=607, 59(0.0221507), 1224(0.973425), 
  id=608, 59(0.0221505), 1224(0.973425), 
  id=609, 59(0.0221506), 1224(0.973425), 
  id=610, 59(0.0221505), 1224(0.973425), 
  id=611, 59(0.0221507), 1224(0.973425), 
  id=612, 59(0.0221506), 1224(0.973425), 
  id=613, 59(0.0221506), 1224(0.973425), 
  id=614, 59(0.0221506), 1224(0.973425), 
  id=615, 59(0.0221506), 1224(0.973425), 
  id=616, 59(0.0221508), 1224(0.973425), 
  id=617, 59(0.0221506), 1224(0.973425), 
  id=618, 59(0.0221506), 1224(0.973425), 
  id=619, 59(0.0221506), 1224(0.973425), 
  id=620, 59(0.0221507), 1224(0.973425), 
  id=621, 59(0.0221507), 1224(0.973425), 
  id=622, 59(0.0221506), 1224(0.973425), 
  id=623, 59(0.0221504), 1224(0.973425), 
  id=624, 59(0.0221506), 1224(0.973425), 
d = 25
  id=625, 59(0.0187274), 1224(0.963194), 
  id=626, 59(0.0187274), 1224(0.963194), 
  id=627, 59(0.0187275), 1098(0.012875), 1224(0.963194), 
  id=628, 59(0.0187274), 1224(0.963194), 
  id=629, 59(0.0187275), 1224(0.963194), 
  id=630, 938(0.0213945), 1098(0.0107756), 1224(0.947997), 
  id=631, 59(0.0109062), 938(0.0109274), 1224(0.95833), 
  id=632, 59(0.0169517), 1224(0.954755), 
  id=633, 938(0.0215813), 1224(0.953346), 
  id=634, 938(0.0213204), 1098(0.0134144), 1224(0.94485), 
  id=635, 938(0.0215815), 1224(0.963194), 
  id=636, 938(0.0215815), 1224(0.963194), 
  id=637, 938(0.0215817), 1224(0.963195), 
  id=638, 938(0.0215814), 1224(0.963194), 
  id=639, 59(0.0187276), 1224(0.963194), 
  id=640, 59(0.0187274), 938(0.0215814), 1224(0.946798), 
  id=641, 59(0.0187275), 938(0.0215815), 1224(0.946798), 
  id=642, 59(0.0187275), 938(0.0215815), 1224(0.946798), 
  id=643, 59(0.0187274), 938(0.0215815), 1224(0.946798), 
  id=644, 59(0.0187275), 938(0.0215815), 1224(0.946798), 
  id=645, 938(0.0215815), 1224(0.963194), 
  id=646, 59(0.0187275), 938(0.0215815), 1224(0.946798), 
  id=647, 938(0.0215815), 1224(0.963194), 
  id=648, 59(0.0187275), 938(0.0215815), 1224(0.946798), 
  id=649, 938(0.0215815), 1224(0.963194), 
d = 26
  id=650, 99(0.017117), 1224(0.973425), 
  id=651, 99(0.0171167), 1224(0.973425), 
  id=652, 99(0.0171167), 1224(0.973425), 
  id=653, 99(0.0171166), 1224(0.973425), 
  id=654, 99(0.0171168), 1224(0.973425), 
  id=655, 99(0.0171166), 1224(0.973425), 
  id=656, 99(0.0171173), 1224(0.973426), 
  id=657, 99(0.0171166), 1224(0.973425), 
  id=658, 99(0.0171168), 1224(0.973425), 
  id=659, 99(0.0171165), 1224(0.973425), 
  id=660, 99(0.0171169), 1224(0.973425), 
  id=661, 99(0.0171166), 1224(0.973425), 
  id=662, 99(0.0171167), 1224(0.973425), 
  id=663, 99(0.0171169), 1224(0.973425), 
  id=664, 99(0.0171157), 1224(0.973424), 
  id=665, 99(0.0171166), 1224(0.973425), 
  id=666, 99(0.0171152), 1224(0.973424), 
  id=667, 99(0.0171187), 1224(0.973423), 
  id=668, 99(0.0171168), 1224(0.973425), 
  id=669, 99(0.0171167), 1224(0.973425), 
  id=670, 99(0.0171163), 1224(0.973425), 
  id=671, 99(0.017117), 1224(0.973425), 
  id=672, 99(0.0171167), 1224(0.973425), 
  id=673, 99(0.0171169), 1224(0.973425), 
  id=674, 99(0.0171167), 1224(0.973425), 
d = 27
  id=675, 59(0.0221507), 1224(0.973425), 
  id=676, 59(0.0221508), 1224(0.973425), 
  id=677, 59(0.0221509), 1224(0.973425), 
  id=678, 59(0.0221507), 1224(0.973425), 
  id=679, 59(0.022151), 1224(0.973426), 
  id=680, 59(0.0221509), 1224(0.973425), 
  id=681, 59(0.0221508), 1224(0.973425), 
  id=682, 59(0.0221506), 1224(0.973425), 
  id=683, 59(0.0221508), 1224(0.973425), 
  id=684, 59(0.0221509), 1224(0.973425), 
  id=685, 59(0.0221506), 1224(0.973425), 
  id=686, 59(0.0221509), 1224(0.973425), 
  id=687, 59(0.022151), 1224(0.973425), 
  id=688, 59(0.0221508), 1224(0.973425), 
  id=689, 59(0.0221507), 1224(0.973425), 
  id=690, 59(0.022151), 1224(0.973426), 
  id=691, 59(0.022151), 1224(0.973425), 
  id=692, 59(0.0221507), 1224(0.973425), 
  id=693, 59(0.0221506), 1224(0.973425), 
  id=694, 59(0.0221507), 1224(0.973425), 
  id=695, 59(0.022151), 1224(0.973426), 
  id=696, 59(0.0221508), 1224(0.973425), 
  id=697, 59(0.0221508), 1224(0.973425), 
  id=698, 59(0.0221509), 1224(0.973425), 
  id=699, 59(0.0221507), 1224(0.973425), 
d = 28
  id=700, 59(0.0221506), 357(0.0112895), 1098(0.012875), 1220(0.0115616), 1224(0.942123), 
  id=701, 59(0.0221506), 357(0.0112895), 1098(0.012875), 1220(0.0115615), 1224(0.942123), 
  id=702, 59(0.0221506), 357(0.0112895), 1098(0.012875), 1220(0.0115616), 1224(0.942123), 
  id=703, 59(0.0221506), 357(0.0112895), 1098(0.012875), 1220(0.0115615), 1224(0.942123), 
  id=704, 59(0.0221506), 357(0.0112895), 1098(0.012875), 1220(0.0115615), 1224(0.942123), 
  id=705, 59(0.0221506), 357(0.0112895), 1098(0.012875), 1220(0.0115615), 1224(0.942123), 
  id=706, 59(0.0221506), 357(0.0112895), 1098(0.012875), 1220(0.0115615), 1224(0.942123), 
  id=707, 59(0.0221506), 357(0.0112894), 1098(0.012875), 1220(0.0115615), 1224(0.942123), 
  id=708, 59(0.0221506), 357(0.0112894), 1098(0.012875), 1220(0.0115616), 1224(0.942123), 
  id=709, 59(0.0221506), 357(0.0112894), 1098(0.012875), 1220(0.0115615), 1224(0.942123), 
  id=710, 59(0.0221506), 357(0.0112894), 1098(0.012875), 1220(0.0115615), 1224(0.942123), 
  id=711, 59(0.0221506), 357(0.0112895), 1098(0.012875), 1220(0.0115615), 1224(0.942123), 
  id=712, 59(0.0221506), 357(0.0112894), 1098(0.012875), 1220(0.0115615), 1224(0.942123), 
  id=713, 59(0.0221506), 357(0.0112894), 1098(0.012875), 1220(0.0115615), 1224(0.942123), 
  id=714, 59(0.0221506), 357(0.0112894), 1098(0.012875), 1220(0.0115616), 1224(0.942123), 
  id=715, 59(0.0221506), 357(0.0112895), 1098(0.012875), 1220(0.0115615), 1224(0.942123), 
  id=716, 59(0.0221506), 357(0.0112895), 1098(0.012875), 1220(0.0115615), 1224(0.942123), 
  id=717, 59(0.0221506), 357(0.0112895), 1098(0.012875), 1220(0.0115615), 1224(0.942123), 
  id=718, 59(0.0221506), 357(0.0112895), 1098(0.012875), 1220(0.0115615), 1224(0.942123), 
  id=719, 59(0.0221506), 357(0.0112895), 1098(0.012875), 1220(0.0115615), 1224(0.942123), 
  id=720, 59(0.0221506), 357(0.0112894), 1098(0.012875), 1220(0.0115615), 1224(0.942123), 
  id=721, 59(0.0221506), 357(0.0112895), 1098(0.012875), 1220(0.0115615), 1224(0.942123), 
  id=722, 59(0.0221506), 357(0.0112894), 1098(0.012875), 1220(0.0115615), 1224(0.942123), 
  id=723, 59(0.0221506), 357(0.0112895), 1098(0.012875), 1220(0.0115615), 1224(0.942123), 
  id=724, 59(0.0221506), 357(0.0112895), 1098(0.012875), 1220(0.0115615), 1224(0.942123), 
d = 29
  id=725, 357(0.0112895), 1220(0.0115615), 1224(0.97125), 
  id=726, 357(0.0112896), 1220(0.0115616), 1224(0.971249), 
  id=727, 357(0.0112896), 1220(0.0115617), 1224(0.971249), 
  id=728, 59(0.0221507), 357(0.0112896), 1220(0.0115617), 1224(0.949098), 
  id=729, 59(0.0221507), 357(0.0112896), 1220(0.0115617), 1224(0.949098), 
  id=730, 59(0.0190288), 1224(0.956346), 
  id=731, 59(0.0178899), 1224(0.960114), 
  id=732, 59(0.0222889), 357(0.0113879), 1224(0.941814), 
  id=733, 59(0.0180746), 1224(0.964181), 
  id=734, 59(0.0178576), 1224(0.958554), 
  id=735, 357(0.0112896), 1224(0.973425), 
  id=736, 59(0.0221507), 357(0.0112895), 1220(0.0115617), 1224(0.945774), 
  id=737, 59(0.0221507), 1224(0.970033), 
  id=738, 59(0.0193405), 1224(0.973425), 
  id=739, 357(0.0112896), 1224(0.973425), 
  id=740, 59(0.0221507), 357(0.0112895), 1220(0.0115617), 1224(0.949099), 
  id=741, 59(0.0221507), 357(0.0112895), 1220(0.0115617), 1224(0.949099), 
  id=742, 59(0.0221507), 357(0.0112896), 1220(0.0115616), 1224(0.949098), 
  id=743, 59(0.0221507), 357(0.0112896), 1220(0.0115617), 1224(0.949098), 
  id=744, 59(0.0221507), 357(0.0112895), 1220(0.0115617), 1224(0.949099), 
  id=745, 59(0.0134018), 1224(0.972595), 
  id=746, 59(0.0176619), 1224(0.964572), 
  id=747, 59(0.0135657), 1224(0.973786), 
  id=748, 59(0.0177106), 1224(0.962257), 
  id=749, 59(0.0108815), 1220(0.0116263), 1224(0.970816), 
d = 30
  id=750, 357(0.0112894), 1098(0.0128749), 1220(0.0115615), 1224(0.964272), 
  id=751, 357(0.0112895), 1098(0.0128749), 1220(0.0115616), 1224(0.964272), 
  id=752, 357(0.0112895), 1098(0.0128748), 1220(0.0115615), 1224(0.964272), 
  id=753, 357(0.0112895), 1098(0.0128749), 1220(0.0115615), 1224(0.964272), 
  id=754, 357(0.0112894), 1098(0.0128748), 1220(0.0115615), 1224(0.964272), 
  id=755, 357(0.0112894), 1098(0.0128748), 1220(0.0115615), 1224(0.964272), 
  id=756, 357(0.0112895), 1098(0.0128748), 1220(0.0115615), 1224(0.964272), 
  id=757, 357(0.0112895), 1098(0.0128749), 1220(0.0115615), 1224(0.964272), 
  id=758, 357(0.0112895), 1098(0.0128749), 1220(0.0115615), 1224(0.964272), 
  id=759, 357(0.0112895), 1098(0.0128749), 1220(0.0115615), 1224(0.964272), 
  id=760, 357(0.0112895), 1098(0.0128749), 1220(0.0115615), 1224(0.964272), 
  id=761, 357(0.0112895), 1098(0.0128749), 1220(0.0115615), 1224(0.964272), 
  id=762, 357(0.0112894), 1098(0.0128749), 1220(0.0115615), 1224(0.964272), 
  id=763, 357(0.0112895), 1098(0.012875), 1220(0.0115615), 1224(0.964272), 
  id=764, 357(0.0112895), 1098(0.0128749), 1220(0.0115615), 1224(0.964272), 
  id=765, 357(0.0112895), 1098(0.0128749), 1220(0.0115615), 1224(0.964272), 
  id=766, 357(0.0112895), 1098(0.0128749), 1220(0.0115616), 1224(0.964272), 
  id=767, 357(0.0112895), 1098(0.0128749), 1220(0.0115615), 1224(0.964272), 
  id=768, 357(0.0112894), 1098(0.0128748), 1220(0.0115615), 1224(0.964272), 
  id=769, 357(0.0112895), 1098(0.0128749), 1220(0.0115615), 1224(0.964272), 
  id=770, 357(0.0112895), 1098(0.0128748), 1220(0.0115615), 1224(0.964272), 
  id=771, 357(0.0112895), 1098(0.0128749), 1220(0.0115615), 1224(0.964272), 
  id=772, 357(0.0112895), 1098(0.0128749), 1220(0.0115615), 1224(0.964272), 
  id=773, 357(0.0112895), 1098(0.0128749), 1220(0.0115615), 1224(0.964272), 
  id=774, 357(0.0112895), 1098(0.0128749), 1220(0.0115615), 1224(0.964272), 
d = 31
  id=775, 59(0.0221506), 357(0.0112895), 1098(0.012875), 1224(0.953683), 
  id=776, 59(0.0221507), 357(0.0112896), 1098(0.012875), 1224(0.953683), 
  id=777, 59(0.0221507), 357(0.0112896), 1098(0.012875), 1224(0.953683), 
  id=778, 59(0.0221506), 357(0.0112895), 1098(0.012875), 1224(0.953683), 
  id=779, 59(0.0221506), 357(0.0112895), 1098(0.012875), 1224(0.953683), 
  id=780, 59(0.0221506), 357(0.0112896), 1098(0.012875), 1224(0.953683), 
  id=781, 59(0.0221506), 357(0.0112895), 1098(0.012875), 1224(0.953683), 
  id=782, 59(0.0221507), 357(0.0112896), 1098(0.012875), 1224(0.953683), 
  id=783, 59(0.0221506), 357(0.0112895), 1098(0.012875), 1224(0.953683), 
  id=784, 59(0.0221507), 357(0.0112896), 1098(0.012875), 1224(0.953683), 
  id=785, 59(0.0221506), 357(0.0112895), 1098(0.012875), 1224(0.953683), 
  id=786, 59(0.0221506), 357(0.0112896), 1098(0.012875), 1224(0.953683), 
  id=787, 59(0.0221507), 357(0.0112896), 1098(0.012875), 1224(0.953683), 
  id=788, 59(0.0221506), 357(0.0112895), 1098(0.012875), 1224(0.953683), 
  id=789, 59(0.0221506), 357(0.0112895), 1098(0.012875), 1224(0.953683), 
  id=790, 59(0.0221506), 357(0.0112896), 1098(0.012875), 1224(0.953683), 
  id=791, 59(0.0221506), 357(0.0112896), 1098(0.012875), 1224(0.953683), 
  id=792, 59(0.0221506), 357(0.0112896), 1098(0.012875), 1224(0.953683), 
  id=793, 59(0.0221506), 357(0.0112895), 1098(0.012875), 1224(0.953683), 
  id=794, 59(0.0221507), 357(0.0112896), 1098(0.012875), 1224(0.953683), 
  id=795, 59(0.0221506), 357(0.0112896), 1098(0.0128749), 1224(0.953683), 
  id=796, 59(0.0221506), 357(0.0112896), 1098(0.012875), 1224(0.953683), 
  id=797, 59(0.0221506), 357(0.0112895), 1098(0.012875), 1224(0.953683), 
  id=798, 59(0.0221507), 357(0.0112896), 1098(0.012875), 1224(0.953683), 
  id=799, 59(0.0221506), 357(0.0112895), 1098(0.012875), 1224(0.953683), 
d = 32
  id=800, 59(0.0221504), 99(0.0171167), 1224(0.956842), 
  id=801, 59(0.0221505), 99(0.0171168), 1224(0.956841), 
  id=802, 59(0.0221504), 99(0.0171167), 1224(0.956841), 
  id=803, 59(0.0221503), 99(0.0171165), 1224(0.956841), 
  id=804, 59(0.0221504), 99(0.0171167), 1224(0.956841), 
  id=805, 59(0.0221505), 99(0.0171167), 1224(0.956841), 
  id=806, 59(0.0221503), 99(0.0171165), 1224(0.956841), 
  id=807, 59(0.0221504), 99(0.0171166), 1224(0.956841), 
  id=808, 59(0.0221504), 99(0.0171165), 1224(0.956841), 
  id=809, 59(0.0221504), 99(0.0171167), 1224(0.956841), 
  id=810, 59(0.0221504), 99(0.0171166), 1224(0.956841), 
  id=811, 59(0.0221504), 99(0.0171167), 1224(0.956841), 
  id=812, 59(0.0221505), 99(0.0171168), 1224(0.956841), 
  id=813, 59(0.0221504), 99(0.0171166), 1224(0.956841), 
  id=814, 59(0.0221503), 99(0.0171166), 1224(0.956841), 
  id=815, 59(0.0221505), 99(0.0171168), 1224(0.956841), 
  id=816, 59(0.0221505), 99(0.0171167), 1224(0.956842), 
  id=817, 59(0.0221504), 99(0.0171167), 1224(0.956842), 
  id=818, 59(0.0221505), 99(0.0171167), 1224(0.956842), 
  id=819, 59(0.0221505), 99(0.0171167), 1224(0.956842), 
  id=820, 59(0.0221505), 99(0.0171168), 1224(0.956841), 
  id=821, 59(0.0221504), 99(0.0171166), 1224(0.956841), 
  id=822, 59(0.0221503), 99(0.0171166), 1224(0.956841), 
  id=823, 59(0.0221504), 99(0.0171166), 1224(0.956842), 
  id=824, 59(0.0221503), 99(0.0171165), 1224(0.956841), 
d = 33
  id=825, 99(0.0171168), 1224(0.973425), 
  id=826, 99(0.0171166), 1224(0.973425), 
  id=827, 99(0.0171166), 1224(0.973425), 
  id=828, 99(0.0171168), 1224(0.973425), 
  id=829, 99(0.0171166), 1224(0.973425), 
  id=830, 99(0.0171166), 1224(0.973425), 
  id=831, 99(0.0171166), 1224(0.973425), 
  id=832, 99(0.0171165), 1224(0.973425), 
  id=833, 99(0.0171167), 1224(0.973425), 
  id=834, 99(0.0171167), 1224(0.973425), 
  id=835, 99(0.0171166), 1224(0.973425), 
  id=836, 99(0.0171165), 1224(0.973425), 
  id=837, 99(0.0171167), 1224(0.973425), 
  id=838, 99(0.0171166), 1224(0.973425), 
  id=839, 99(0.0171169), 1224(0.973425), 
  id=840, 99(0.0171167), 1224(0.973425), 
  id=841, 99(0.0171166), 1224(0.973425), 
  id=842, 99(0.0171166), 1224(0.973425), 
  id=843, 99(0.0171166), 1224(0.973425), 
  id=844, 99(0.0171168), 1224(0.973425), 
  id=845, 99(0.0171166), 1224(0.973425), 
  id=846, 99(0.0171167), 1224(0.973425), 
  id=847, 99(0.0171167), 1224(0.973425), 
  id=848, 99(0.0171168), 1224(0.973425), 
  id=849, 99(0.0171166), 1224(0.973425), 
d = 34
  id=850, 357(0.0112893), 1220(0.0115613), 1224(0.973425), 
  id=851, 357(0.0112893), 1220(0.0115613), 1224(0.973425), 
  id=852, 357(0.0112893), 1220(0.0115613), 1224(0.973425), 
  id=853, 357(0.0112892), 1220(0.0115614), 1224(0.973425), 
  id=854, 357(0.0112893), 1220(0.0115613), 1224(0.973425), 
  id=855, 357(0.0112893), 1220(0.0115614), 1224(0.973425), 
  id=856, 357(0.0112893), 1220(0.0115613), 1224(0.973425), 
  id=857, 357(0.0112893), 1220(0.0115613), 1224(0.973425), 
  id=858, 357(0.0112892), 1220(0.0115614), 1224(0.973425), 
  id=859, 357(0.0112894), 1220(0.0115616), 1224(0.973425), 
  id=860, 357(0.0112893), 1220(0.0115614), 1224(0.973425), 
  id=861, 357(0.0112893), 1220(0.0115614), 1224(0.973425), 
  id=862, 357(0.0112893), 1220(0.0115613), 1224(0.973425), 
  id=863, 357(0.0112893), 1220(0.0115613), 1224(0.973425), 
  id=864, 357(0.0112893), 1220(0.0115613), 1224(0.973425), 
  id=865, 357(0.0112893), 1220(0.0115613), 1224(0.973425), 
  id=866, 357(0.0112892), 1220(0.0115614), 1224(0.973425), 
  id=867, 357(0.0112893), 1220(0.0115613), 1224(0.973425), 
  id=868, 357(0.0112893), 1220(0.0115613), 1224(0.973425), 
  id=869, 357(0.0112893), 1220(0.0115614), 1224(0.973425), 
  id=870, 357(0.0112893), 1220(0.0115614), 1224(0.973425), 
  id=871, 357(0.0112892), 1220(0.0115614), 1224(0.973425), 
  id=872, 357(0.0112893), 1220(0.0115614), 1224(0.973425), 
  id=873, 357(0.0112893), 1220(0.0115614), 1224(0.973425), 
  id=874, 357(0.0112892), 1220(0.0115614), 1224(0.973425), 
d = 35
  id=875, 1224(0.973425), 
  id=876, 1224(0.973425), 
  id=877, 1224(0.973425), 
  id=878, 1224(0.973425), 
  id=879, 1224(0.973425), 
  id=880, 99(0.0102777), 1224(0.973425), 
  id=881, 99(0.0102776), 1224(0.973425), 
  id=882, 99(0.0102777), 1224(0.973425), 
  id=883, 99(0.0102777), 1224(0.973425), 
  id=884, 99(0.0102777), 1224(0.973425), 
  id=885, 99(0.0102527), 1224(0.963676), 
  id=886, 1224(0.973901), 
  id=887, 99(0.0102996), 1224(0.963759), 
  id=888, 99(0.0102567), 1224(0.963686), 
  id=889, 99(0.0103013), 1224(0.963766), 
  id=890, 99(0.0102776), 1224(0.973425), 
  id=891, 1224(0.973425), 
  id=892, 99(0.0102778), 1224(0.971248), 
  id=893, 1224(0.973425), 
  id=894, 99(0.0102776), 1224(0.965097), 
  id=895, 99(0.0102777), 1224(0.968291), 
  id=896, 99(0.0102778), 1224(0.965097), 
  id=897, 1224(0.973425), 
  id=898, 1224(0.973426), 
  id=899, 1224(0.973425), 
d = 36
  id=900, 357(0.0112895), 1098(0.0128749), 1220(0.0115615), 1224(0.964255), 
  id=901, 357(0.0112894), 1098(0.0128748), 1220(0.0115614), 1224(0.964255), 
  id=902, 357(0.0112894), 1098(0.0128749), 1220(0.0115615), 1224(0.964255), 
  id=903, 357(0.0112894), 1098(0.0128748), 1220(0.0115614), 1224(0.964255), 
  id=904, 357(0.0112894), 1098(0.0128748), 1220(0.0115614), 1224(0.964255), 
  id=905, 357(0.0112894), 1098(0.0128748), 1220(0.0115615), 1224(0.964255), 
  id=906, 357(0.0112894), 1098(0.0128748), 1220(0.0115615), 1224(0.964255), 
  id=907, 357(0.0112895), 1098(0.0128749), 1220(0.0115616), 1224(0.964255), 
  id=908, 357(0.0112896), 1098(0.012875), 1220(0.0115616), 1224(0.964255), 
  id=909, 357(0.0112895), 1098(0.0128749), 1220(0.0115616), 1224(0.964255), 
  id=910, 357(0.0112894), 1098(0.0128749), 1220(0.0115615), 1224(0.964255), 
  id=911, 357(0.0112895), 1098(0.0128749), 1220(0.0115616), 1224(0.964255), 
  id=912, 357(0.0112895), 1098(0.0128749), 1220(0.0115615), 1224(0.964255), 
  id=913, 357(0.0112894), 1098(0.0128748), 1220(0.0115615), 1224(0.964255), 
  id=914, 357(0.0112894), 1098(0.0128748), 1220(0.0115615), 1224(0.964255), 
  id=915, 357(0.0112895), 1098(0.0128749), 1220(0.0115615), 1224(0.964255), 
  id=916, 357(0.0112896), 1098(0.012875), 1220(0.0115616), 1224(0.964255), 
  id=917, 357(0.0112894), 1098(0.0128748), 1220(0.0115615), 1224(0.964255), 
  id=918, 357(0.0112895), 1098(0.0128749), 1220(0.0115615), 1224(0.964255), 
  id=919, 357(0.0112895), 1098(0.0128749), 1220(0.0115615), 1224(0.964255), 
  id=920, 357(0.0112894), 1098(0.0128748), 1220(0.0115615), 1224(0.964255), 
  id=921, 357(0.0112896), 1098(0.012875), 1220(0.0115616), 1224(0.964255), 
  id=922, 357(0.0112894), 1098(0.0128748), 1220(0.0115615), 1224(0.964255), 
  id=923, 357(0.0112896), 1098(0.012875), 1220(0.0115616), 1224(0.964255), 
  id=924, 357(0.0112896), 1098(0.012875), 1220(0.0115616), 1224(0.964255), 
d = 37
  id=925, 59(0.0221506), 357(0.0112896), 1224(0.966558), 
  id=926, 59(0.0221506), 357(0.0112896), 1224(0.966558), 
  id=927, 59(0.0221507), 357(0.0112896), 1224(0.966558), 
  id=928, 59(0.0221508), 357(0.0112897), 1224(0.966558), 
  id=929, 59(0.0221506), 357(0.0112896), 1224(0.966558), 
  id=930, 59(0.0221506), 357(0.0112896), 1224(0.966558), 
  id=931, 59(0.0221506), 357(0.0112895), 1224(0.966558), 
  id=932, 59(0.0221506), 357(0.0112896), 1224(0.966558), 
  id=933, 59(0.0221506), 357(0.0112896), 1224(0.966558), 
  id=934, 59(0.0221509), 357(0.0112898), 1224(0.966558), 
  id=935, 59(0.0221507), 357(0.0112877), 1224(0.966558), 
  id=936, 59(0.0221507), 357(0.0112866), 1224(0.966558), 
  id=937, 59(0.0221506), 357(0.0112896), 1224(0.966558), 
  id=938, 59(0.0221506), 357(0.0112896), 1224(0.966558), 
  id=939, 59(0.0221508), 357(0.0112897), 1224(0.966558), 
  id=940, 59(0.0221507), 357(0.0112896), 1224(0.966558), 
  id=941, 59(0.0221506), 357(0.0112897), 1224(0.966558), 
  id=942, 59(0.0221507), 357(0.0112896), 1224(0.966558), 
  id=943, 59(0.0221508), 357(0.0112878), 1224(0.966558), 
  id=944, 59(0.0221507), 357(0.0112896), 1224(0.966558), 
  id=945, 59(0.0221506), 357(0.0112895), 1224(0.966558), 
  id=946, 59(0.0221506), 357(0.0112896), 1224(0.966558), 
  id=947, 59(0.0221506), 357(0.0112895), 1224(0.966558), 
  id=948, 59(0.0221508), 357(0.0112897), 1224(0.966558), 
  id=949, 59(0.0221507), 357(0.0112896), 1224(0.966558), 
d = 38
  id=950, 99(0.0101786), 1224(0.963631), 
  id=951, 99(0.0101785), 1224(0.96363), 
  id=952, 99(0.010176), 1224(0.963633), 
  id=953, 99(0.0101763), 1224(0.963632), 
  id=954, 99(0.0101764), 1224(0.963631), 
  id=955, 99(0.0101768), 1224(0.963631), 
  id=956, 99(0.0101769), 1224(0.963631), 
  id=957, 99(0.0101785), 1224(0.963631), 
  id=958, 99(0.0101758), 1224(0.963634), 
  id=959, 99(0.010176), 1224(0.963633), 
  id=960, 99(0.0101767), 1224(0.963631), 
  id=961, 99(0.0101786), 1224(0.96363), 
  id=962, 99(0.0101758), 1224(0.963633), 
  id=963, 99(0.0101786), 1224(0.96363), 
  id=964, 99(0.0101759), 1224(0.963632), 
  id=965, 99(0.0101766), 1224(0.963632), 
  id=966, 99(0.0101748), 1224(0.963632), 
  id=967, 99(0.010176), 1224(0.963634), 
  id=968, 99(0.0101758), 1224(0.963633), 
  id=969, 99(0.0101759), 1224(0.963634), 
  id=970, 99(0.0101777), 1224(0.963632), 
  id=971, 99(0.0101761), 1224(0.963633), 
  id=972, 99(0.0101776), 1224(0.963632), 
  id=973, 99(0.0101776), 1224(0.96363), 
  id=974, 99(0.0101758), 1224(0.963633), 
d = 39
  id=975, 59(0.022151), 1224(0.973425), 
  id=976, 59(0.0221509), 1224(0.973425), 
  id=977, 59(0.0221509), 1224(0.973425), 
  id=978, 59(0.0221509), 1224(0.973425), 
  id=979, 59(0.022151), 1224(0.973425), 
  id=980, 59(0.0221509), 1224(0.973425), 
  id=981, 59(0.0221509), 1224(0.973425), 
  id=982, 59(0.0221509), 1224(0.973425), 
  id=983, 59(0.0221509), 1224(0.973425), 
  id=984, 59(0.0221511), 1224(0.973426), 
  id=985, 59(0.0221508), 1224(0.973425), 
  id=986, 59(0.0221508), 1224(0.973425), 
  id=987, 59(0.0221509), 1224(0.973425), 
  id=988, 59(0.022151), 1224(0.973426), 
  id=989, 59(0.0221509), 1224(0.973425), 
  id=990, 59(0.0221508), 1224(0.973425), 
  id=991, 59(0.022151), 1224(0.973425), 
  id=992, 59(0.0221508), 1224(0.973425), 
  id=993, 59(0.022151), 1224(0.973426), 
  id=994, 59(0.022151), 1224(0.973425), 
  id=995, 59(0.022151), 1224(0.973426), 
  id=996, 59(0.0221508), 1224(0.973425), 
  id=997, 59(0.0221509), 1224(0.973425), 
  id=998, 59(0.0221508), 1224(0.973425), 
  id=999, 59(0.0221509), 1224(0.973425), 
d = 40
  id=1000, 59(0.0221506), 357(0.0112896), 1224(0.966558), 
  id=1001, 59(0.0221507), 357(0.0112897), 1224(0.966558), 
  id=1002, 59(0.0221506), 357(0.0112896), 1224(0.966557), 
  id=1003, 59(0.0221506), 357(0.0112896), 1224(0.966557), 
  id=1004, 59(0.0221507), 357(0.0112897), 1224(0.966558), 
  id=1005, 59(0.0221508), 357(0.0112897), 1224(0.966558), 
  id=1006, 59(0.0221507), 357(0.0112896), 1224(0.966558), 
  id=1007, 59(0.0221506), 357(0.0112896), 1224(0.966557), 
  id=1008, 59(0.0221507), 357(0.0112896), 1224(0.966558), 
  id=1009, 59(0.0221506), 357(0.0112896), 1224(0.966558), 
  id=1010, 59(0.0221506), 357(0.0112896), 1224(0.966558), 
  id=1011, 59(0.0221506), 357(0.0112896), 1224(0.966558), 
  id=1012, 59(0.0221501), 357(0.0112895), 1224(0.966557), 
  id=1013, 59(0.0221506), 357(0.0112896), 1224(0.966558), 
  id=1014, 59(0.0221507), 357(0.0112897), 1224(0.966558), 
  id=1015, 59(0.0221506), 357(0.0112896), 1224(0.966558), 
  id=1016, 59(0.0221508), 357(0.0112897), 1224(0.966558), 
  id=1017, 59(0.0221507), 357(0.0112897), 1224(0.966558), 
  id=1018, 59(0.022149), 357(0.0112895), 1224(0.966557), 
  id=1019, 59(0.0221507), 357(0.0112896), 1224(0.966558), 
  id=1020, 59(0.0221507), 357(0.0112897), 1224(0.966558), 
  id=1021, 59(0.0221487), 357(0.0112896), 1224(0.966557), 
  id=1022, 59(0.0221506), 357(0.0112895), 1224(0.966557), 
  id=1023, 59(0.0221507), 357(0.0112897), 1224(0.966557), 
  id=1024, 59(0.0221507), 357(0.0112896), 1224(0.966557), 
d = 41
  id=1025, 99(0.0171165), 1224(0.973425), 
  id=1026, 99(0.0171165), 1224(0.973425), 
  id=1027, 99(0.0171166), 1224(0.973425), 
  id=1028, 99(0.0171167), 1224(0.973425), 
  id=1029, 99(0.0171166), 1224(0.973425), 
  id=1030, 99(0.0171167), 1224(0.973425), 
  id=1031, 99(0.0171165), 1224(0.973425), 
  id=1032, 99(0.0171165), 1224(0.973425), 
  id=1033, 99(0.0171165), 1224(0.973425), 
  id=1034, 99(0.0171166), 1224(0.973425), 
  id=1035, 99(0.0171165), 1224(0.973425), 
  id=1036, 99(0.0171165), 1224(0.973425), 
  id=1037, 99(0.0171166), 1224(0.973425), 
  id=1038, 99(0.0171166), 1224(0.973425), 
  id=1039, 99(0.0171165), 1224(0.973425), 
  id=1040, 99(0.0171166), 1224(0.973425), 
  id=1041, 99(0.0171166), 1224(0.973425), 
  id=1042, 99(0.0171166), 1224(0.973425), 
  id=1043, 99(0.0171166), 1224(0.973425), 
  id=1044, 99(0.0171166), 1224(0.973425), 
  id=1045, 99(0.0171165), 1224(0.973425), 
  id=1046, 99(0.0171166), 1224(0.973425), 
  id=1047, 99(0.0171165), 1224(0.973425), 
  id=1048, 99(0.0171166), 1224(0.973425), 
  id=1049, 99(0.0171166), 1224(0.973425), 
d = 42
  id=1050, 59(0.0221506), 357(0.0112894), 1098(0.012875), 1220(0.0115615), 1224(0.942123), 
  id=1051, 59(0.0221506), 357(0.0112895), 1098(0.012875), 1220(0.0115615), 1224(0.942123), 
  id=1052, 59(0.0221506), 357(0.0112895), 1098(0.012875), 1220(0.0115615), 1224(0.942123), 
  id=1053, 59(0.0221506), 357(0.0112895), 1098(0.012875), 1220(0.0115615), 1224(0.942123), 
  id=1054, 59(0.0221506), 357(0.0112895), 1098(0.012875), 1220(0.0115615), 1224(0.942123), 
  id=1055, 59(0.0221506), 357(0.0112894), 1098(0.012875), 1220(0.0115615), 1224(0.942123), 
  id=1056, 59(0.0221506), 357(0.0112895), 1098(0.012875), 1220(0.0115615), 1224(0.942123), 
  id=1057, 59(0.0221506), 357(0.0112895), 1098(0.012875), 1220(0.0115615), 1224(0.942123), 
  id=1058, 59(0.0221506), 357(0.0112895), 1098(0.012875), 1220(0.0115616), 1224(0.942123), 
  id=1059, 59(0.0221506), 357(0.0112895), 1098(0.012875), 1220(0.0115615), 1224(0.942123), 
  id=1060, 59(0.0221506), 357(0.0112895), 1098(0.012875), 1220(0.0115615), 1224(0.942123), 
  id=1061, 59(0.0221506), 357(0.0112895), 1098(0.012875), 1220(0.0115615), 1224(0.942123), 
  id=1062, 59(0.0221506), 357(0.0112895), 1098(0.012875), 1220(0.0115615), 1224(0.942123), 
  id=1063, 59(0.0221506), 357(0.0112895), 1098(0.012875), 1220(0.0115615), 1224(0.942123), 
  id=1064, 59(0.0221506), 357(0.0112895), 1098(0.012875), 1220(0.0115615), 1224(0.942123), 
  id=1065, 59(0.0221506), 357(0.0112895), 1098(0.012875), 1220(0.0115615), 1224(0.942123), 
  id=1066, 59(0.0221506), 357(0.0112895), 1098(0.012875), 1220(0.0115615), 1224(0.942123), 
  id=1067, 59(0.0221506), 357(0.0112895), 1098(0.012875), 1220(0.0115615), 1224(0.942123), 
  id=1068, 59(0.0221506), 357(0.0112894), 1098(0.012875), 1220(0.0115615), 1224(0.942123), 
  id=1069, 59(0.0221506), 357(0.0112895), 1098(0.012875), 1220(0.0115615), 1224(0.942123), 
  id=1070, 59(0.0221506), 357(0.0112895), 1098(0.012875), 1220(0.0115615), 1224(0.942123), 
  id=1071, 59(0.0221506), 357(0.0112895), 1098(0.012875), 1220(0.0115616), 1224(0.942123), 
  id=1072, 59(0.0221506), 357(0.0112895), 1098(0.012875), 1220(0.0115615), 1224(0.942123), 
  id=1073, 59(0.0221506), 357(0.0112895), 1098(0.012875), 1220(0.0115615), 1224(0.942123), 
  id=1074, 59(0.0221506), 357(0.0112895), 1098(0.012875), 1220(0.0115615), 1224(0.942123), 
d = 43
  id=1075, 59(0.0191897), 99(0.012054), 1224(0.962477), 
  id=1076, 59(0.0191896), 99(0.012054), 1224(0.962477), 
  id=1077, 59(0.0180839), 99(0.012054), 1224(0.963583), 
  id=1078, 59(0.0180827), 99(0.0120539), 1224(0.963584), 
  id=1079, 59(0.0191896), 99(0.012054), 1224(0.962477), 
  id=1080, 59(0.0170165), 99(0.0101745), 1224(0.961997), 
  id=1081, 59(0.017118), 99(0.0102234), 1224(0.961611), 
  id=1082, 59(0.0146547), 99(0.0102886), 1224(0.96364), 
  id=1083, 59(0.0169143), 99(0.0100583), 1224(0.963544), 
  id=1084, 59(0.0169093), 99(0.0100237), 1224(0.963567), 
  id=1085, 59(0.0180826), 99(0.0120539), 1224(0.963583), 
  id=1086, 59(0.0180805), 99(0.012054), 1224(0.963583), 
  id=1087, 59(0.0191897), 99(0.0108851), 1224(0.963583), 
  id=1088, 59(0.0180832), 99(0.012054), 1224(0.963583), 
  id=1089, 59(0.0191896), 99(0.0120538), 1224(0.962476), 
  id=1090, 59(0.0191897), 1224(0.963583), 
  id=1091, 59(0.0191898), 1224(0.963583), 
  id=1092, 59(0.0191896), 1224(0.963584), 
  id=1093, 59(0.0191897), 1224(0.963583), 
  id=1094, 59(0.0191897), 1224(0.963583), 
  id=1095, 59(0.0191898), 99(0.0120541), 1224(0.956467), 
  id=1096, 59(0.0151811), 99(0.012054), 1224(0.963583), 
  id=1097, 59(0.0191897), 1224(0.963583), 
  id=1098, 59(0.0191897), 99(0.012054), 1224(0.962074), 
  id=1099, 59(0.0191897), 99(0.012054), 1224(0.960476), 
d = 44
  id=1100, 357(0.0112895), 1098(0.0128749), 1220(0.0115615), 1224(0.964223), 
  id=1101, 357(0.0112894), 1098(0.0128749), 1220(0.0115615), 1224(0.964223), 
  id=1102, 357(0.0112895), 1098(0.0128749), 1220(0.0115616), 1224(0.964223), 
  id=1103, 357(0.0112895), 1098(0.0128749), 1220(0.0115616), 1224(0.964223), 
  id=1104, 357(0.0112895), 1098(0.012875), 1220(0.0115616), 1224(0.964223), 
  id=1105, 357(0.0112894), 1098(0.0128748), 1220(0.0115615), 1224(0.964223), 
  id=1106, 357(0.0112894), 1098(0.0128749), 1220(0.0115615), 1224(0.964223), 
  id=1107, 357(0.0112895), 1098(0.0128749), 1220(0.0115615), 1224(0.964223), 
  id=1108, 357(0.0112894), 1098(0.0128749), 1220(0.0115615), 1224(0.964223), 
  id=1109, 357(0.0112894), 1098(0.0128748), 1220(0.0115615), 1224(0.964223), 
  id=1110, 357(0.0112896), 1098(0.012875), 1220(0.0115616), 1224(0.964223), 
  id=1111, 357(0.0112894), 1098(0.0128748), 1220(0.0115615), 1224(0.964223), 
  id=1112, 357(0.0112894), 1098(0.0128748), 1220(0.0115615), 1224(0.964223), 
  id=1113, 357(0.0112895), 1098(0.0128749), 1220(0.0115615), 1224(0.964223), 
  id=1114, 357(0.0112895), 1098(0.0128749), 1220(0.0115615), 1224(0.964223), 
  id=1115, 357(0.0112895), 1098(0.0128749), 1220(0.0115615), 1224(0.964223), 
  id=1116, 357(0.0112895), 1098(0.0128749), 1220(0.0115615), 1224(0.964223), 
  id=1117, 357(0.0112894), 1098(0.0128748), 1220(0.0115614), 1224(0.964223), 
  id=1118, 357(0.0112895), 1098(0.0128749), 1220(0.0115615), 1224(0.964223), 
  id=1119, 357(0.0112894), 1098(0.0128748), 1220(0.0115615), 1224(0.964223), 
  id=1120, 357(0.0112894), 1098(0.0128748), 1220(0.0115614), 1224(0.964223), 
  id=1121, 357(0.0112895), 1098(0.0128749), 1220(0.0115615), 1224(0.964223), 
  id=1122, 357(0.0112894), 1098(0.0128748), 1220(0.0115614), 1224(0.964223), 
  id=1123, 357(0.0112895), 1098(0.0128748), 1220(0.0115615), 1224(0.964223), 
  id=1124, 357(0.0112894), 1098(0.0128748), 1220(0.0115615), 1224(0.964223), 
d = 45
  id=1125, 59(0.0221506), 357(0.0112894), 1098(0.0128749), 1220(0.0115616), 1224(0.942123), 
  id=1126, 59(0.0221506), 357(0.0112895), 1098(0.012875), 1220(0.0115615), 1224(0.942123), 
  id=1127, 59(0.0221506), 357(0.0112895), 1098(0.012875), 1220(0.0115615), 1224(0.942123), 
  id=1128, 59(0.0221506), 357(0.0112895), 1098(0.012875), 1220(0.0115615), 1224(0.942123), 
  id=1129, 59(0.0221506), 357(0.0112895), 1098(0.0128749), 1220(0.0115615), 1224(0.942123), 
  id=1130, 59(0.0221506), 357(0.0112895), 1098(0.012875), 1220(0.0115615), 1224(0.942123), 
  id=1131, 59(0.0221506), 357(0.0112894), 1098(0.0128749), 1220(0.0115616), 1224(0.942123), 
  id=1132, 59(0.0221506), 357(0.0112894), 1098(0.012875), 1220(0.0115615), 1224(0.942123), 
  id=1133, 59(0.0221506), 357(0.0112895), 1098(0.012875), 1220(0.0115615), 1224(0.942123), 
  id=1134, 59(0.0221501), 357(0.0112895), 1098(0.012875), 1220(0.0115616), 1224(0.942123), 
  id=1135, 59(0.0221506), 357(0.0112894), 1098(0.0128749), 1220(0.0115616), 1224(0.942123), 
  id=1136, 59(0.0221506), 357(0.0112894), 1098(0.0128749), 1220(0.0115616), 1224(0.942123), 
  id=1137, 59(0.0221506), 357(0.0112895), 1098(0.0128749), 1220(0.0115616), 1224(0.942123), 
  id=1138, 59(0.0221506), 357(0.0112895), 1098(0.0128749), 1220(0.0115616), 1224(0.942123), 
  id=1139, 59(0.0221506), 357(0.0112894), 1098(0.0128749), 1220(0.0115616), 1224(0.942123), 
  id=1140, 59(0.0221506), 357(0.0112895), 1098(0.0128749), 1220(0.0115616), 1224(0.942123), 
  id=1141, 59(0.0221501), 357(0.0112895), 1098(0.012875), 1220(0.0115616), 1224(0.942123), 
  id=1142, 59(0.0221506), 357(0.0112895), 1098(0.0128749), 1220(0.0115616), 1224(0.942123), 
  id=1143, 59(0.0221506), 357(0.0112894), 1098(0.012875), 1220(0.0115615), 1224(0.942123), 
  id=1144, 59(0.0221506), 357(0.0112894), 1098(0.0128749), 1220(0.0115616), 1224(0.942123), 
  id=1145, 59(0.0221506), 357(0.0112894), 1098(0.012875), 1220(0.0115616), 1224(0.942123), 
  id=1146, 59(0.0221506), 357(0.0112895), 1098(0.012875), 1220(0.0115615), 1224(0.942123), 
  id=1147, 59(0.0221506), 357(0.0112894), 1098(0.0128749), 1220(0.0115616), 1224(0.942123), 
  id=1148, 59(0.0221506), 357(0.0112895), 1098(0.0128749), 1220(0.0115616), 1224(0.942123), 
  id=1149, 59(0.0221506), 357(0.0112895), 1098(0.012875), 1220(0.0115615), 1224(0.942123), 
d = 46
  id=1150, 59(0.01841), 1224(0.954668), 
  id=1151, 59(0.0186381), 938(0.0129816), 1224(0.946298), 
  id=1152, 59(0.0186094), 1224(0.954806), 
  id=1153, 59(0.0185346), 1224(0.961164), 
  id=1154, 59(0.018618), 1224(0.962907), 
  id=1155, 59(0.0186211), 1224(0.962912), 
  id=1156, 59(0.0109024), 1224(0.962911), 
  id=1157, 59(0.0186215), 1224(0.962912), 
  id=1158, 59(0.0186204), 1224(0.962911), 
  id=1159, 59(0.0186205), 1224(0.962911), 
  id=1160, 59(0.0177916), 938(0.0413455), 1224(0.921632), 
  id=1161, 59(0.0186123), 938(0.0219859), 1224(0.936361), 
  id=1162, 59(0.0170084), 1224(0.956854), 
  id=1163, 59(0.0186205), 1224(0.959506), 
  id=1164, 59(0.0175729), 938(0.0107718), 1224(0.95267), 
  id=1165, 59(0.0186206), 1224(0.95951), 
  id=1166, 59(0.0186207), 1224(0.962911), 
  id=1167, 59(0.0186205), 1224(0.962911), 
  id=1168, 59(0.0185197), 1224(0.961413), 
  id=1169, 59(0.0186206), 1224(0.962911), 
  id=1170, 59(0.0186213), 1224(0.962912), 
  id=1171, 59(0.018621), 1224(0.962912), 
  id=1172, 59(0.0186212), 1224(0.962912), 
  id=1173, 59(0.0186214), 1224(0.962912), 
  id=1174, 59(0.0186208), 1224(0.962911), 
d = 47
  id=1175, 59(0.0181344), 99(0.010451), 1224(0.958675), 
  id=1176, 59(0.0181344), 99(0.0104511), 1224(0.958674), 
  id=1177, 59(0.0125763), 99(0.0104511), 1224(0.964232), 
  id=1178, 59(0.0181344), 99(0.0104511), 1224(0.958675), 
  id=1179, 59(0.0181344), 99(0.0104511), 1224(0.958674), 
  id=1180, 59(0.0176327), 99(0.0100539), 1224(0.958112), 
  id=1181, 59(0.0175583), 99(0.0103333), 1224(0.952329), 
  id=1182, 59(0.0126757), 1224(0.964462), 
  id=1183, 99(0.010224), 1224(0.95761), 
  id=1184, 99(0.0101566), 1224(0.95912), 
  id=1185, 59(0.0181344), 99(0.0104511), 1224(0.958674), 
  id=1186, 59(0.0125769), 99(0.0104511), 1224(0.964232), 
  id=1187, 59(0.0125769), 99(0.0104511), 1224(0.964232), 
  id=1188, 59(0.0125768), 99(0.0104511), 1224(0.964232), 
  id=1189, 59(0.0125771), 99(0.0104511), 1224(0.964232), 
  id=1190, 59(0.0181361), 99(0.0104519), 1224(0.964233), 
  id=1191, 59(0.0176247), 99(0.0104366), 1224(0.963657), 
  id=1192, 59(0.0181272), 99(0.0104587), 1224(0.963996), 
  id=1193, 59(0.0181406), 99(0.010457), 1224(0.964239), 
  id=1194, 59(0.0181342), 99(0.0104512), 1224(0.964233), 
  id=1195, 59(0.0125763), 99(0.0104511), 1224(0.964232), 
  id=1196, 59(0.0125767), 99(0.0104511), 1224(0.964232), 
  id=1197, 59(0.0181345), 99(0.0104511), 1224(0.955445), 
  id=1198, 59(0.0181344), 99(0.0104511), 1224(0.958674), 
  id=1199, 59(0.0181345), 99(0.0104511), 1224(0.958674), 
d = 48
  id=1200, 59(0.0221509), 1224(0.973425), 
  id=1201, 59(0.022151), 1224(0.973425), 
  id=1202, 59(0.0221508), 1224(0.973425), 
  id=1203, 59(0.0221508), 1224(0.973425), 
  id=1204, 59(0.0221507), 1224(0.973425), 
  id=1205, 59(0.0221507), 1224(0.973425), 
  id=1206, 59(0.0221508), 1224(0.973425), 
  id=1207, 59(0.0221508), 1224(0.973425), 
  id=1208, 59(0.0221508), 1224(0.973425), 
  id=1209, 59(0.0221509), 1224(0.973425), 
  id=1210, 59(0.0221508), 1224(0.973425), 
  id=1211, 59(0.0221509), 1224(0.973425), 
  id=1212, 59(0.0221509), 1224(0.973425), 
  id=1213, 59(0.0221508), 1224(0.973425), 
  id=1214, 59(0.0221509), 1224(0.973425), 
  id=1215, 59(0.0221509), 1224(0.973425), 
  id=1216, 59(0.0221508), 1224(0.973425), 
  id=1217, 59(0.0221509), 1224(0.973425), 
  id=1218, 59(0.0221506), 1224(0.973425), 
  id=1219, 59(0.0221511), 1224(0.973426), 
  id=1220, 59(0.0221508), 1224(0.973425), 
  id=1221, 59(0.0221508), 1224(0.973425), 
  id=1222, 59(0.0221509), 1224(0.973425), 
  id=1223, 59(0.0221508), 1224(0.973425), 
  id=1224, 59(0.0221509), 1224(0.973425), 
d = 49
  id=1225, 59(0.0169188), 99(0.0102373), 1224(0.963687), 
  id=1226, 59(0.0169188), 99(0.0102373), 1224(0.963687), 
  id=1227, 59(0.0169188), 99(0.0102373), 1224(0.963687), 
  id=1228, 59(0.0169188), 99(0.0102373), 1224(0.963687), 
  id=1229, 59(0.0169188), 99(0.0102373), 1224(0.963687), 
  id=1230, 59(0.0169188), 99(0.0102373), 1224(0.963687), 
  id=1231, 59(0.0169188), 99(0.0102373), 1224(0.963687), 
  id=1232, 59(0.0169182), 99(0.0102367), 1224(0.963687), 
  id=1233, 59(0.0169188), 99(0.0102373), 1224(0.963687), 
  id=1234, 59(0.0169188), 99(0.0102373), 1224(0.963687), 
  id=1235, 59(0.0169177), 99(0.0102362), 1224(0.963686), 
  id=1236, 59(0.0169177), 99(0.0102362), 1224(0.963686), 
  id=1237, 59(0.0169177), 99(0.0102362), 1224(0.963686), 
  id=1238, 59(0.0169177), 99(0.0102362), 1224(0.963686), 
  id=1239, 59(0.0169177), 99(0.0102362), 1224(0.963686), 
  id=1240, 59(0.011964), 99(0.0102287), 1224(0.963673), 
  id=1241, 59(0.0119364), 99(0.0102375), 1224(0.963666), 
  id=1242, 59(0.0167734), 99(0.0101649), 1224(0.959071), 
  id=1243, 59(0.0119306), 99(0.010232), 1224(0.963687), 
  id=1244, 59(0.0119331), 99(0.0102359), 1224(0.963676), 
  id=1245, 59(0.0169104), 99(0.0102367), 1224(0.963687), 
  id=1246, 59(0.0169177), 99(0.0102362), 1224(0.963686), 
  id=1247, 59(0.0169177), 99(0.0102362), 1224(0.963686), 
  id=1248, 59(0.0169177), 99(0.0102362), 1224(0.963686), 
  id=1249, 59(0.0169177), 99(0.0102362), 1224(0.963686), 
