d = 0
  id=0, 329(1), 
  id=1, 329(1), 
  id=2, 329(1), 
  id=3, 329(1), 
  id=4, 329(1), 
  id=5, 329(1), 
  id=6, 329(1), 
  id=7, 329(1), 
  id=8, 329(1), 
  id=9, 329(1), 
  id=10, 329(1), 
  id=11, 329(1), 
  id=12, 329(1), 
  id=13, 329(1), 
  id=14, 329(1), 
  id=15, 329(1), 
  id=16, 329(1), 
  id=17, 329(1), 
  id=18, 329(1), 
  id=19, 329(1), 
  id=20, 329(1), 
  id=21, 329(1), 
  id=22, 329(1), 
  id=23, 329(1), 
  id=24, 329(1), 
  id=25, 329(1), 
  id=26, 329(1), 
  id=27, 329(1), 
  id=28, 329(1), 
  id=29, 329(1), 
  id=30, 329(1), 
  id=31, 329(1), 
  id=32, 329(1), 
  id=33, 329(1), 
  id=34, 329(1), 
  id=35, 329(1), 
  id=36, 329(1), 
  id=37, 329(1), 
  id=38, 329(1), 
  id=39, 329(1), 
  id=40, 329(1), 
  id=41, 329(1), 
  id=42, 329(1), 
  id=43, 329(1), 
  id=44, 329(1), 
  id=45, 329(1), 
  id=46, 329(1), 
  id=47, 329(1), 
  id=48, 329(1), 
  id=49, 329(1), 
  id=50, 329(1), 
  id=51, 329(1), 
  id=52, 329(1), 
  id=53, 329(1), 
  id=54, 329(1), 
  id=55, 329(1), 
  id=56, 329(1), 
  id=57, 329(1), 
  id=58, 329(1), 
  id=59, 329(1), 
  id=60, 329(1), 
  id=61, 329(1), 
  id=62, 329(1), 
  id=63, 329(1), 
  id=64, 329(1), 
  id=65, 329(1), 
  id=66, 329(1), 
  id=67, 329(1), 
  id=68, 329(1), 
  id=69, 329(1), 
  id=70, 329(1), 
  id=71, 329(1), 
  id=72, 329(1), 
  id=73, 329(1), 
  id=74, 329(1), 
  id=75, 329(1), 
  id=76, 329(1), 
  id=77, 329(1), 
  id=78, 329(1), 
  id=79, 329(1), 
  id=80, 329(1), 
  id=81, 329(1), 
  id=82, 329(1), 
  id=83, 329(1), 
  id=84, 329(1), 
  id=85, 329(1), 
  id=86, 329(1), 
  id=87, 329(1), 
  id=88, 329(1), 
  id=89, 329(1), 
  id=90, 329(1), 
  id=91, 329(1), 
  id=92, 329(1), 
  id=93, 329(1), 
  id=94, 329(1), 
  id=95, 329(1), 
  id=96, 329(1), 
  id=97, 329(1), 
  id=98, 329(1), 
  id=99, 329(1), 
  id=100, 329(1), 
  id=101, 329(1), 
  id=102, 329(1), 
  id=103, 329(1), 
  id=104, 329(1), 
d = 1
  id=105, 329(1), 
  id=106, 329(1), 
  id=107, 329(1), 
  id=108, 329(1), 
  id=109, 329(1), 
  id=110, 329(1), 
  id=111, 329(1), 
  id=112, 329(1), 
  id=113, 196(0.0322784), 329(0.967722), 
  id=114, 329(1), 
  id=115, 329(1), 
  id=116, 329(1), 
  id=117, 329(1), 
  id=118, 329(1), 
  id=119, 329(1), 
  id=120, 329(1), 
  id=121, 329(1), 
  id=122, 329(1), 
  id=123, 329(1), 
  id=124, 329(1), 
  id=125, 196(0.0322784), 224(0.0477509), 228(0.120656), 427(0.799314), 
  id=126, 329(1), 
  id=127, 329(1), 
  id=128, 329(1), 
  id=129, 329(1), 
  id=130, 329(1), 
  id=131, 329(1), 
  id=132, 196(0.0322784), 224(0.0477509), 228(0.120649), 427(0.799314), 
  id=133, 329(1), 
  id=134, 329(1), 
  id=135, 196(0.0322784), 329(0.967722), 
  id=136, 329(1), 
  id=137, 196(0.0322784), 329(0.168408), 427(0.799314), 
  id=138, 196(0.0322784), 224(0.0477509), 228(0.120657), 427(0.799314), 
  id=139, 329(1), 
  id=140, 329(1), 
  id=141, 329(1), 
  id=142, 329(1), 
  id=143, 196(0.0322784), 224(0.0477509), 228(0.120656), 427(0.799314), 
  id=144, 329(1), 
  id=145, 196(0.0322784), 329(0.159337), 427(0.799314), 
  id=146, 196(0.0322784), 224(0.0301597), 228(0.138248), 427(0.799314), 
  id=147, 329(1), 
  id=148, 196(0.0322784), 224(0.0477509), 228(0.120657), 427(0.799314), 
  id=149, 329(1), 
  id=150, 196(0.0322784), 224(0.0477509), 228(0.120656), 427(0.799314), 
  id=151, 329(1), 
  id=152, 329(1), 
  id=153, 329(0.191615), 427(0.799314), 
  id=154, 329(1), 
  id=155, 329(1), 
  id=156, 196(0.0322784), 224(0.0477509), 228(0.120656), 427(0.799314), 
  id=157, 329(1), 
  id=158, 329(1), 
  id=159, 329(0.191615), 427(0.799314), 
  id=160, 329(0.990929), 
  id=161, 329(1), 
  id=162, 329(1), 
  id=163, 196(0.0322784), 224(0.0477509), 228(0.120611), 427(0.799314), 
  id=164, 329(0.191615), 427(0.799314), 
  id=165, 196(0.0322784), 329(0.958651), 
  id=166, 196(0.0322784), 224(0.0477509), 228(0.120656), 427(0.799314), 
  id=167, 329(1), 
  id=168, 196(0.0322784), 224(0.0477509), 228(0.120657), 427(0.799314), 
  id=169, 196(0.0322784), 224(0.0477509), 228(0.120654), 427(0.799314), 
  id=170, 329(1), 
  id=171, 329(1), 
  id=172, 329(1), 
  id=173, 196(0.0322784), 224(0.0477509), 228(0.120657), 427(0.799314), 
  id=174, 196(0.0322784), 224(0.0477509), 228(0.111586), 427(0.799314), 
  id=175, 196(0.0322784), 224(0.0477509), 228(0.120656), 427(0.799314), 
  id=176, 196(0.0322784), 224(0.0477509), 228(0.138248), 427(0.781723), 
  id=177, 329(0.990929), 
  id=178, 329(0.990929), 
  id=179, 329(1), 
  id=180, 196(0.0322784), 224(0.0210889), 228(0.138248), 427(0.799314), 
  id=181, 196(0.0322784), 224(0.0210889), 228(0.138248), 427(0.799314), 
  id=182, 196(0.0322784), 224(0.0477509), 228(0.111586), 427(0.799314), 
  id=183, 329(0.990929), 
  id=184, 329(1), 
  id=185, 196(0.0322784), 224(0.0301588), 228(0.138248), 427(0.799314), 
  id=186, 196(0.0322784), 224(0.0210889), 228(0.138248), 427(0.799314), 
  id=187, 196(0.0322784), 224(0.0477509), 228(0.120655), 427(0.799314), 
  id=188, 196(0.0322784), 224(0.0477509), 228(0.111586), 427(0.799314), 
  id=189, 196(0.0322784), 224(0.0477509), 228(0.120633), 427(0.799314), 
  id=190, 196(0.0322784), 224(0.0477509), 228(0.138248), 427(0.781718), 
  id=191, 196(0.0247514), 224(0.0408746), 228(0.132687), 427(0.788145), 
  id=192, 196(0.0322784), 224(0.0477509), 228(0.120654), 427(0.799314), 
  id=193, 196(0.0322784), 224(0.0477509), 329(0.111586), 427(0.799314), 
  id=194, 196(0.0322784), 224(0.030158), 228(0.138248), 427(0.799314), 
  id=195, 196(0.0322784), 224(0.0477509), 228(0.111586), 427(0.799314), 
  id=196, 196(0.0322784), 224(0.0477509), 228(0.111586), 427(0.799314), 
  id=197, 196(0.0322784), 224(0.0477509), 228(0.138248), 427(0.781723), 
  id=198, 196(0.0322784), 224(0.0477509), 228(0.120647), 427(0.799314), 
  id=199, 196(0.0322784), 224(0.0477509), 228(0.120654), 427(0.799314), 
  id=200, 196(0.0322779), 224(0.0477509), 228(0.138247), 427(0.761815), 
  id=201, 196(0.0322784), 224(0.0477509), 228(0.111586), 427(0.799314), 
  id=202, 196(0.0322784), 224(0.0210889), 228(0.138248), 427(0.799314), 
  id=203, 196(0.0322784), 224(0.0301567), 228(0.138248), 427(0.799314), 
  id=204, 196(0.0322784), 224(0.0477509), 228(0.120653), 427(0.799314), 
  id=205, 196(0.014617), 224(0.0477509), 228(0.138248), 427(0.799314), 
  id=206, 196(0.0322784), 224(0.0477509), 228(0.138248), 427(0.781722), 
  id=207, 196(0.0322784), 224(0.0210889), 228(0.138248), 427(0.799314), 
  id=208, 196(0.0322784), 224(0.0477509), 228(0.120645), 427(0.799314), 
  id=209, 196(0.0146873), 224(0.0477509), 228(0.138248), 427(0.799314), 
  id=210, 196(0.0322784), 224(0.0210889), 228(0.138248), 427(0.799314), 
  id=211, 196(0.0322784), 224(0.0477509), 228(0.138248), 427(0.772652), 
  id=212, 196(0.0146858), 224(0.0477509), 228(0.138248), 427(0.799314), 
  id=213, 196(0.0244342), 224(0.0402282), 228(0.129808), 427(0.799313), 
  id=214, 196(0.0322784), 224(0.0477509), 228(0.120655), 427(0.799314), 
  id=215, 224(0.0477509), 228(0.138248), 427(0.799314), 
  id=216, 196(0.0322784), 224(0.0477509), 228(0.138248), 427(0.781722), 
  id=217, 196(0.0322784), 224(0.0477509), 228(0.138248), 427(0.781721), 
  id=218, 196(0.0322784), 224(0.021089), 228(0.138248), 427(0.799314), 
  id=219, 196(0.0322784), 224(0.0477509), 228(0.12065), 427(0.799314), 
  id=220, 196(0.0322784), 224(0.0477509), 228(0.111586), 427(0.799314), 
  id=221, 196(0.0322784), 224(0.0477509), 228(0.138248), 427(0.78172), 
  id=222, 196(0.0322784), 224(0.0210889), 228(0.138248), 427(0.799314), 
  id=223, 196(0.0322784), 224(0.0210889), 228(0.138248), 427(0.799314), 
  id=224, 196(0.0322784), 224(0.0477509), 228(0.120654), 427(0.799314), 
  id=225, 196(0.0322784), 224(0.0477509), 228(0.138248), 427(0.781691), 
  id=226, 196(0.0322784), 224(0.0210889), 228(0.138248), 427(0.799314), 
  id=227, 196(0.0322784), 224(0.0210889), 228(0.138248), 427(0.799314), 
  id=228, 196(0.0146861), 224(0.0477509), 228(0.138248), 427(0.799314), 
  id=229, 196(0.0322784), 224(0.0477509), 228(0.111586), 427(0.799314), 
  id=230, 196(0.0322784), 224(0.0477509), 228(0.138248), 427(0.781715), 
  id=231, 224(0.0477509), 228(0.138248), 427(0.799314), 
  id=232, 196(0.0146863), 224(0.0477508), 228(0.138248), 427(0.799314), 
  id=233, 196(0.0146869), 224(0.0477509), 228(0.138248), 427(0.799314), 
  id=234, 196(0.0322784), 224(0.0210889), 228(0.138248), 427(0.799314), 
  id=235, 196(0.0322784), 224(0.0210889), 228(0.138248), 427(0.799314), 
  id=236, 196(0.0322784), 224(0.0477509), 228(0.111586), 427(0.799314), 
  id=237, 196(0.0322784), 224(0.0477509), 228(0.138248), 427(0.772652), 
  id=238, 196(0.0322784), 224(0.0301476), 228(0.138248), 427(0.799314), 
  id=239, 196(0.0322784), 224(0.0477508), 228(0.138248), 427(0.772652), 
  id=240, 196(0.0322784), 224(0.0477509), 228(0.12064), 427(0.799314), 
  id=241, 196(0.0322784), 224(0.0477509), 228(0.120652), 427(0.799314), 
  id=242, 196(0.0322784), 224(0.0210889), 228(0.138248), 427(0.799314), 
  id=243, 196(0.0322784), 224(0.0477509), 228(0.120654), 427(0.799314), 
  id=244, 196(0.0322784), 224(0.0477509), 228(0.111586), 427(0.799314), 
  id=245, 196(0.0146851), 224(0.0477509), 228(0.138248), 427(0.799314), 
  id=246, 196(0.0322784), 224(0.0210889), 228(0.138248), 427(0.799314), 
  id=247, 196(0.0322784), 224(0.0477509), 228(0.111586), 427(0.799314), 
  id=248, 196(0.0322784), 224(0.0477509), 228(0.138248), 427(0.772652), 
  id=249, 196(0.0145628), 224(0.0477509), 228(0.138248), 427(0.799314), 
  id=250, 196(0.0322784), 224(0.0210889), 228(0.138248), 427(0.799314), 
  id=251, 224(0.0477509), 228(0.138248), 427(0.799314), 
  id=252, 224(0.0477509), 228(0.138248), 427(0.799314), 
  id=253, 196(0.0322784), 224(0.0477509), 228(0.138248), 427(0.781722), 
  id=254, 196(0.0145976), 224(0.0477509), 228(0.138248), 427(0.799314), 
  id=255, 196(0.0322784), 224(0.0477508), 228(0.138248), 427(0.772652), 
  id=256, 196(0.0322784), 224(0.0477509), 228(0.138248), 427(0.772652), 
  id=257, 196(0.0322784), 224(0.0477509), 228(0.138248), 427(0.781722), 
  id=258, 224(0.0477509), 228(0.138248), 427(0.799314), 
  id=259, 196(0.0146824), 224(0.0477509), 228(0.138248), 427(0.799314), 
  id=260, 224(0.0477509), 228(0.138248), 427(0.799314), 
  id=261, 196(0.0146854), 224(0.0477509), 228(0.138248), 427(0.799314), 
  id=262, 196(0.0322784), 224(0.0477509), 228(0.138248), 427(0.772652), 
  id=263, 196(0.0322784), 224(0.0477509), 228(0.138248), 427(0.772652), 
  id=264, 196(0.0322784), 224(0.0210889), 228(0.138248), 427(0.799314), 
  id=265, 224(0.0477509), 228(0.138248), 427(0.799314), 
  id=266, 196(0.0146841), 224(0.0477509), 228(0.138248), 427(0.799314), 
  id=267, 224(0.0477509), 228(0.138248), 427(0.799314), 
  id=268, 196(0.0146866), 224(0.0477509), 228(0.138248), 427(0.799314), 
  id=269, 224(0.0477509), 228(0.138248), 427(0.799314), 
  id=270, 224(0.0477509), 228(0.138248), 427(0.799314), 
  id=271, 224(0.0477509), 228(0.138248), 427(0.799314), 
  id=272, 224(0.0477509), 228(0.138248), 427(0.799314), 
  id=273, 224(0.0477509), 228(0.138248), 427(0.799314), 
  id=274, 196(0.0144316), 224(0.0477509), 228(0.138248), 427(0.799314), 
  id=275, 196(0.014682), 224(0.0477509), 228(0.138248), 427(0.799314), 
  id=276, 196(0.0322784), 224(0.0477509), 228(0.138248), 427(0.781639), 
  id=277, 196(0.0145264), 224(0.0477509), 228(0.138248), 427(0.799314), 
  id=278, 196(0.0322784), 224(0.0477509), 228(0.138248), 427(0.772652), 
  id=279, 196(0.0146616), 224(0.0477509), 228(0.138248), 427(0.799314), 
  id=280, 224(0.0477509), 228(0.138248), 427(0.799314), 
  id=281, 196(0.0322784), 224(0.0477509), 228(0.138248), 427(0.772652), 
  id=282, 196(0.0146828), 224(0.0477509), 228(0.138248), 427(0.799314), 
  id=283, 224(0.0477509), 228(0.138248), 427(0.799314), 
  id=284, 224(0.0477509), 228(0.138248), 427(0.799314), 
  id=285, 196(0.0322784), 224(0.0477509), 228(0.138248), 427(0.781718), 
  id=286, 224(0.0477509), 228(0.138248), 427(0.799314), 
  id=287, 224(0.0477509), 228(0.138248), 427(0.799314), 
  id=288, 224(0.0477509), 228(0.138248), 427(0.799314), 
  id=289, 224(0.0477509), 228(0.138248), 427(0.799314), 
  id=290, 224(0.0477509), 228(0.138248), 427(0.799314), 
  id=291, 196(0.0322784), 224(0.0477509), 228(0.138248), 427(0.772652), 
  id=292, 224(0.0477509), 228(0.138248), 427(0.799314), 
  id=293, 224(0.0477509), 228(0.138248), 427(0.799314), 
  id=294, 224(0.0477509), 228(0.138248), 427(0.799314), 
  id=295, 224(0.0477509), 228(0.138248), 427(0.799314), 
  id=296, 196(0.0146866), 224(0.0477509), 228(0.138248), 427(0.799314), 
  id=297, 224(0.0477509), 228(0.138248), 427(0.799314), 
  id=298, 224(0.0477509), 228(0.138248), 427(0.799314), 
  id=299, 196(0.0146857), 224(0.0477508), 228(0.138248), 427(0.799314), 
  id=300, 224(0.0477509), 228(0.138248), 427(0.799314), 
  id=301, 224(0.0477509), 228(0.138248), 427(0.799314), 
  id=302, 224(0.0477509), 228(0.138248), 427(0.799314), 
  id=303, 224(0.0477509), 228(0.138248), 427(0.799314), 
  id=304, 224(0.0477509), 228(0.138248), 427(0.799314), 
  id=305, 196(0.0146789), 224(0.0477509), 228(0.138248), 427(0.799314), 
  id=306, 224(0.0477509), 228(0.138248), 427(0.799314), 
  id=307, 224(0.0477509), 228(0.138248), 427(0.799314), 
  id=308, 224(0.0477509), 228(0.138248), 427(0.799314), 
  id=309, 224(0.0477509), 228(0.138248), 427(0.799314), 
  id=310, 224(0.0477509), 228(0.138248), 427(0.799314), 
  id=311, 224(0.0477509), 228(0.138248), 427(0.799314), 
  id=312, 224(0.0477509), 228(0.138248), 427(0.799314), 
  id=313, 224(0.0477509), 228(0.138248), 427(0.799314), 
  id=314, 224(0.0477508), 228(0.138248), 427(0.799314), 
  id=315, 224(0.0477509), 228(0.138248), 427(0.799314), 
d = 2
  id=316, 329(1), 
  id=317, 329(1), 
  id=318, 329(1), 
  id=319, 329(1), 
  id=320, 329(1), 
  id=321, 329(1), 
  id=322, 329(1), 
  id=323, 329(1), 
  id=324, 329(1), 
  id=325, 329(1), 
  id=326, 329(1), 
  id=327, 329(1), 
  id=328, 329(1), 
  id=329, 329(1), 
  id=330, 329(1), 
  id=331, 329(1), 
  id=332, 196(0.0238066), 224(0.042435), 228(0.134117), 427(0.798828), 
  id=333, 196(0.0238066), 224(0.042435), 228(0.134117), 427(0.798828), 
  id=334, 196(0.0238066), 224(0.0423379), 228(0.128746), 427(0.795465), 
  id=335, 196(0.0238066), 224(0.042435), 228(0.126048), 427(0.798828), 
  id=336, 196(0.0238066), 224(0.042435), 228(0.134117), 427(0.798828), 
  id=337, 196(0.0238066), 224(0.042435), 228(0.134117), 427(0.798828), 
  id=338, 196(0.0238066), 224(0.042435), 228(0.134117), 427(0.798828), 
  id=339, 196(0.0238066), 224(0.042435), 228(0.134117), 427(0.798828), 
  id=340, 196(0.0220598), 224(0.0384646), 228(0.13332), 427(0.786741), 
  id=341, 196(0.0238066), 224(0.042435), 228(0.134117), 427(0.798828), 
  id=342, 196(0.0238066), 228(0.134117), 329(0.0343659), 427(0.798828), 
  id=343, 196(0.0238066), 224(0.042435), 228(0.134117), 427(0.790759), 
  id=344, 196(0.0238066), 224(0.042435), 228(0.134117), 427(0.798828), 
  id=345, 196(0.0238066), 224(0.042435), 228(0.134117), 427(0.798828), 
  id=346, 196(0.0234354), 224(0.0394734), 228(0.128924), 427(0.798828), 
  id=347, 196(0.0238066), 224(0.042435), 228(0.134117), 427(0.798828), 
  id=348, 196(0.0235479), 224(0.042435), 228(0.134117), 427(0.796579), 
  id=349, 196(0.0228332), 224(0.041916), 228(0.132356), 427(0.79), 
  id=350, 196(0.0157374), 224(0.042435), 228(0.134117), 427(0.798828), 
  id=351, 196(0.0238066), 224(0.0343659), 228(0.134117), 427(0.798828), 
  id=352, 196(0.0238066), 224(0.042435), 228(0.134117), 427(0.790759), 
  id=353, 196(0.0238066), 224(0.042435), 228(0.134117), 427(0.790759), 
  id=354, 196(0.0238066), 224(0.042435), 228(0.134117), 427(0.790758), 
  id=355, 196(0.0238066), 224(0.042435), 228(0.134117), 427(0.790759), 
  id=356, 196(0.0157374), 224(0.042435), 228(0.134117), 427(0.798828), 
  id=357, 196(0.0157374), 224(0.042435), 228(0.134117), 427(0.798828), 
  id=358, 196(0.0238066), 224(0.042435), 228(0.134117), 427(0.798828), 
  id=359, 196(0.0157375), 224(0.042435), 228(0.134117), 427(0.798828), 
  id=360, 196(0.0157375), 224(0.042435), 228(0.134117), 427(0.798828), 
  id=361, 196(0.0238066), 224(0.042435), 228(0.134117), 427(0.798828), 
  id=362, 196(0.0157374), 224(0.042435), 228(0.134117), 427(0.798828), 
  id=363, 196(0.0157375), 224(0.042435), 228(0.134117), 427(0.798828), 
  id=364, 196(0.0157375), 224(0.042435), 228(0.134117), 427(0.798828), 
  id=365, 196(0.0157375), 224(0.042435), 228(0.134117), 427(0.798828), 
  id=366, 196(0.0157374), 224(0.042435), 228(0.134117), 427(0.798828), 
  id=367, 196(0.0157374), 224(0.042435), 228(0.134117), 427(0.798828), 
  id=368, 196(0.0157374), 224(0.042435), 228(0.134117), 427(0.798828), 
  id=369, 196(0.0157374), 224(0.042435), 228(0.134117), 427(0.798828), 
  id=370, 196(0.0238066), 224(0.042435), 228(0.134117), 427(0.798828), 
  id=371, 196(0.0157375), 224(0.042435), 228(0.134117), 427(0.798828), 
  id=372, 196(0.0157374), 224(0.042435), 228(0.134117), 427(0.798828), 
  id=373, 196(0.0157375), 224(0.042435), 228(0.134117), 427(0.798828), 
  id=374, 196(0.0157374), 224(0.042435), 228(0.134117), 427(0.798828), 
d = 3
  id=375, 329(1), 
  id=376, 329(1), 
  id=377, 329(1), 
  id=378, 329(1), 
  id=379, 329(1), 
  id=380, 329(1), 
  id=381, 329(1), 
  id=382, 329(1), 
  id=383, 329(1), 
  id=384, 329(1), 
  id=385, 329(1), 
  id=386, 329(1), 
  id=387, 329(1), 
  id=388, 329(1), 
  id=389, 329(1), 
  id=390, 329(1), 
  id=391, 329(1), 
  id=392, 329(1), 
d = 4
  id=393, 329(1), 
  id=394, 329(1), 
  id=395, 329(1), 
  id=396, 329(1), 
  id=397, 329(1), 
  id=398, 329(1), 
  id=399, 329(1), 
  id=400, 329(1), 
  id=401, 329(1), 
  id=402, 329(1), 
  id=403, 329(1), 
  id=404, 329(1), 
  id=405, 329(1), 
  id=406, 329(1), 
  id=407, 329(1), 
  id=408, 329(1), 
  id=409, 329(1), 
  id=410, 329(1), 
  id=411, 329(1), 
d = 5
  id=412, 196(0.0322787), 224(0.0301565), 228(0.138248), 427(0.799314), 
  id=413, 196(0.0322784), 224(0.0301566), 228(0.138248), 427(0.799314), 
  id=414, 196(0.0322784), 224(0.0301567), 228(0.138248), 427(0.799314), 
  id=415, 196(0.0322785), 224(0.0301568), 228(0.138248), 427(0.799314), 
  id=416, 196(0.0322785), 224(0.0301568), 228(0.138248), 427(0.799314), 
  id=417, 196(0.0322784), 224(0.0301567), 228(0.138248), 427(0.799314), 
  id=418, 196(0.0322784), 224(0.0301567), 228(0.138248), 427(0.799314), 
  id=419, 196(0.0322783), 224(0.0301566), 228(0.138248), 427(0.799314), 
  id=420, 196(0.0322783), 224(0.0301566), 228(0.138248), 427(0.799314), 
  id=421, 196(0.0322785), 224(0.0301568), 228(0.138248), 427(0.799314), 
  id=422, 196(0.0322784), 224(0.0301567), 228(0.138248), 427(0.799314), 
  id=423, 196(0.0322783), 224(0.0301566), 228(0.138248), 427(0.799314), 
  id=424, 196(0.0322783), 224(0.0301566), 228(0.138248), 427(0.799314), 
  id=425, 196(0.0322784), 224(0.0301567), 228(0.138248), 427(0.799314), 
  id=426, 196(0.0322783), 224(0.0301566), 228(0.138248), 427(0.799314), 
  id=427, 196(0.0322784), 224(0.0301567), 228(0.138248), 427(0.799314), 
  id=428, 196(0.0322784), 224(0.0301567), 228(0.138248), 427(0.799314), 
  id=429, 196(0.0322784), 224(0.0301567), 228(0.138248), 427(0.799314), 
  id=430, 196(0.0322784), 224(0.0301566), 228(0.138248), 427(0.799314), 
  id=431, 196(0.0322786), 224(0.0301569), 228(0.138248), 427(0.799314), 
  id=432, 196(0.0322784), 224(0.0301567), 228(0.138248), 427(0.799314), 
  id=433, 196(0.0322784), 224(0.0301567), 228(0.138248), 427(0.799314), 
  id=434, 196(0.0322784), 224(0.0301567), 228(0.138248), 427(0.799314), 
  id=435, 196(0.0322786), 224(0.0301569), 228(0.138248), 427(0.799314), 
  id=436, 196(0.0322784), 224(0.0301567), 228(0.138248), 427(0.799314), 
  id=437, 196(0.0322784), 224(0.0301567), 228(0.138248), 427(0.799314), 
  id=438, 196(0.0322784), 224(0.0301567), 228(0.138248), 427(0.799314), 
  id=439, 196(0.0322784), 224(0.0301566), 228(0.138248), 427(0.799314), 
