d = 0
  id=0, 40(0.33333), 44(0.333283), 403(0.33337), 
  id=1, 40(0.333334), 44(0.333283), 403(0.33337), 
  id=2, 40(0.333334), 44(0.333283), 403(0.33337), 
  id=3, 40(0.333334), 44(0.333283), 403(0.33337), 
  id=4, 40(0.333334), 44(0.333283), 403(0.333366), 
  id=5, 40(0.333334), 44(0.333284), 403(0.33337), 
  id=6, 40(0.333333), 44(0.333283), 403(0.33337), 
  id=7, 40(0.333331), 44(0.333283), 403(0.33337), 
  id=8, 40(0.333332), 44(0.333283), 403(0.33337), 
  id=9, 40(0.333334), 44(0.333283), 403(0.33337), 
  id=10, 40(0.333329), 44(0.333283), 403(0.33337), 
  id=11, 40(0.333331), 44(0.333283), 403(0.33337), 
  id=12, 40(0.333334), 44(0.333283), 403(0.33337), 
  id=13, 40(0.333334), 44(0.333283), 403(0.33337), 
  id=14, 40(0.33333), 44(0.333283), 403(0.33337), 
  id=15, 40(0.333334), 44(0.333283), 403(0.333369), 
  id=16, 40(0.333333), 44(0.333282), 403(0.333369), 
  id=17, 40(0.333334), 44(0.333283), 403(0.333366), 
  id=18, 40(0.333334), 44(0.333283), 403(0.33337), 
  id=19, 40(0.333334), 44(0.333283), 403(0.333366), 
  id=20, 40(0.333334), 44(0.333283), 403(0.333365), 
  id=21, 40(0.333334), 44(0.333283), 403(0.333368), 
  id=22, 40(0.333332), 44(0.333283), 403(0.33337), 
  id=23, 40(0.333334), 44(0.333283), 403(0.33337), 
  id=24, 40(0.333334), 44(0.333278), 403(0.33337), 
  id=25, 40(0.333334), 44(0.333283), 403(0.33337), 
  id=26, 40(0.333334), 44(0.333283), 403(0.33337), 
  id=27, 40(0.333334), 44(0.33328), 403(0.33337), 
  id=28, 40(0.333334), 44(0.333283), 403(0.333366), 
  id=29, 40(0.333332), 44(0.333283), 403(0.33337), 
  id=30, 40(0.333332), 44(0.333283), 403(0.33337), 
  id=31, 40(0.333334), 44(0.33328), 403(0.33337), 
  id=32, 40(0.333334), 44(0.333281), 403(0.33337), 
  id=33, 40(0.333334), 44(0.333283), 403(0.333365), 
  id=34, 40(0.333334), 44(0.333283), 403(0.33337), 
  id=35, 40(0.333334), 44(0.333281), 403(0.33337), 
  id=36, 40(0.333334), 44(0.333279), 403(0.33337), 
  id=37, 40(0.33333), 44(0.333283), 403(0.33337), 
  id=38, 40(0.333334), 44(0.333283), 403(0.333367), 
  id=39, 40(0.333334), 44(0.333278), 403(0.33337), 
  id=40, 40(0.333332), 44(0.333283), 403(0.33337), 
  id=41, 40(0.333334), 44(0.333283), 403(0.333368), 
  id=42, 40(0.333334), 44(0.333283), 403(0.333367), 
  id=43, 40(0.333334), 44(0.333281), 403(0.33337), 
  id=44, 40(0.333334), 44(0.33328), 403(0.33337), 
  id=45, 40(0.333334), 44(0.333283), 403(0.333367), 
  id=46, 40(0.333334), 44(0.333283), 403(0.333367), 
  id=47, 40(0.333334), 44(0.33328), 403(0.33337), 
  id=48, 40(0.333334), 44(0.333283), 403(0.333366), 
  id=49, 40(0.333334), 44(0.333283), 403(0.333367), 
  id=50, 40(0.333334), 44(0.333278), 403(0.33337), 
  id=51, 40(0.333334), 44(0.333283), 403(0.333367), 
  id=52, 40(0.333334), 87(0.666646), 
  id=53, 40(0.333334), 44(0.333283), 403(0.333365), 
  id=54, 40(0.333334), 44(0.333279), 403(0.33337), 
  id=55, 40(0.333334), 44(0.33328), 403(0.33337), 
  id=56, 40(0.333329), 44(0.333283), 403(0.33337), 
  id=57, 40(0.333329), 44(0.333283), 403(0.33337), 
  id=58, 40(0.333333), 44(0.333283), 403(0.333369), 
  id=59, 40(0.333334), 44(0.333278), 403(0.33337), 
  id=60, 40(0.33333), 44(0.333283), 403(0.33337), 
  id=61, 40(0.33333), 44(0.333283), 403(0.33337), 
  id=62, 40(0.333334), 44(0.333281), 403(0.33337), 
  id=63, 40(0.333334), 87(0.666646), 
  id=64, 40(0.33333), 44(0.333283), 403(0.33337), 
  id=65, 40(0.333334), 44(0.333283), 403(0.333365), 
  id=66, 40(0.333334), 44(0.333283), 87(0.333367), 
  id=67, 40(0.333297), 87(0.666646), 
  id=68, 87(0.666646), 403(0.333319), 
  id=69, 40(0.333334), 87(0.666593), 
  id=70, 40(0.333334), 44(0.333283), 403(0.33337), 
  id=71, 40(0.333334), 44(0.333283), 403(0.33337), 
  id=72, 40(0.333334), 87(0.666582), 
  id=73, 44(0.333283), 87(0.666646), 
  id=74, 40(0.333331), 44(0.333283), 403(0.33337), 
  id=75, 87(0.666613), 403(0.33337), 
  id=76, 40(0.333334), 87(0.666581), 
  id=77, 44(0.333283), 87(0.666646), 
  id=78, 40(0.333328), 87(0.666646), 
  id=79, 40(0.333325), 87(0.666646), 
  id=80, 44(0.333283), 87(0.666646), 
  id=81, 44(0.333282), 87(0.666646), 
  id=82, 40(0.333318), 87(0.666646), 
  id=83, 87(0.666646), 249(0.33333), 
  id=84, 44(0.333283), 87(0.666646), 
  id=85, 87(0.666646), 249(0.333331), 
  id=86, 87(0.666646), 249(0.333331), 
  id=87, 87(0.666646), 249(0.333332), 
  id=88, 87(0.666646), 249(0.333331), 
  id=89, 87(0.666646), 249(0.333331), 
  id=90, 87(0.666646), 249(0.333331), 
  id=91, 87(0.666646), 249(0.333331), 
  id=92, 87(0.666645), 249(0.333331), 
  id=93, 87(0.666646), 249(0.333331), 
  id=94, 87(0.666646), 249(0.333331), 
  id=95, 87(0.666646), 249(0.333331), 
  id=96, 87(0.666646), 249(0.333331), 
  id=97, 87(0.666646), 249(0.333332), 
  id=98, 87(0.666646), 249(0.333331), 
  id=99, 87(0.666646), 249(0.333331), 
  id=100, 87(0.666646), 249(0.333331), 
  id=101, 87(0.666646), 249(0.333331), 
  id=102, 87(0.666646), 249(0.333332), 
  id=103, 87(0.666646), 249(0.333332), 
  id=104, 87(0.666646), 249(0.333331), 
d = 1
  id=105, 40(0.333334), 44(0.333283), 403(0.33337), 
  id=106, 40(0.333334), 44(0.333283), 403(0.33337), 
  id=107, 40(0.333334), 44(0.333283), 403(0.33337), 
  id=108, 40(0.333334), 44(0.333283), 403(0.33337), 
  id=109, 40(0.333334), 44(0.333283), 403(0.33337), 
  id=110, 63(0.666667), 144(0.333333), 
  id=111, 40(0.333334), 44(0.333283), 403(0.33337), 
  id=112, 40(0.333334), 44(0.333283), 403(0.333368), 
  id=113, 333(1), 
  id=114, 40(0.333334), 44(0.333283), 403(0.33337), 
  id=115, 40(0.333334), 63(0.333296), 403(0.33337), 
  id=116, 40(0.333334), 44(0.333283), 403(0.33337), 
  id=117, 40(0.333334), 44(0.333283), 403(0.33337), 
  id=118, 40(0.333334), 44(0.333283), 403(0.33337), 
  id=119, 63(0.666667), 144(0.333333), 
  id=120, 40(0.333334), 44(0.333283), 403(0.33337), 
  id=121, 63(0.666667), 144(0.333333), 
  id=122, 63(0.666655), 144(0.333333), 
  id=123, 40(0.333334), 44(0.333283), 403(0.33337), 
  id=124, 63(0.666667), 144(0.333333), 
  id=125, 333(1), 
  id=126, 63(0.666667), 144(0.333321), 
  id=127, 40(0.333334), 44(0.333283), 403(0.33337), 
  id=128, 63(0.666667), 144(0.333333), 
  id=129, 40(0.333334), 44(0.333283), 403(0.33337), 
  id=130, 63(0.666667), 144(0.333333), 
  id=131, 40(0.333334), 44(0.333283), 403(0.33337), 
  id=132, 333(1), 
  id=133, 40(0.333334), 144(0.333333), 403(0.33324), 
  id=134, 40(0.333334), 44(0.333283), 403(0.33337), 
  id=135, 63(0.666667), 144(0.333333), 
  id=136, 40(0.33333), 87(0.333314), 144(0.333333), 
  id=137, 63(0.666667), 144(0.333333), 
  id=138, 333(1), 
  id=139, 63(0.666647), 144(0.333333), 
  id=140, 63(0.666667), 144(0.333325), 
  id=141, 40(0.333334), 44(0.333283), 403(0.33337), 
  id=142, 63(0.666667), 144(0.333333), 
  id=143, 333(1), 
  id=144, 63(0.666667), 144(0.333333), 
  id=145, 63(0.666667), 144(0.333333), 
  id=146, 333(1), 
  id=147, 40(0.333334), 44(0.333283), 403(0.33337), 
  id=148, 333(1), 
  id=149, 40(0.333334), 44(0.333283), 403(0.333366), 
  id=150, 333(1), 
  id=151, 40(0.333334), 44(0.333279), 403(0.33337), 
  id=152, 63(0.666667), 144(0.333333), 
  id=153, 63(0.666667), 144(0.333333), 
  id=154, 40(0.333334), 44(0.333283), 403(0.333367), 
  id=155, 63(0.666667), 87(0.333314), 
  id=156, 333(1), 
  id=157, 63(0.666666), 87(0.333314), 
  id=158, 40(0.333303), 87(0.333314), 403(0.33337), 
  id=159, 63(0.666667), 87(0.333314), 
  id=160, 63(0.666667), 144(0.333333), 
  id=161, 40(0.333334), 44(0.333283), 87(0.333314), 
  id=162, 63(0.333353), 87(0.333314), 144(0.333333), 
  id=163, 333(1), 
  id=164, 63(0.666667), 87(0.333314), 
  id=165, 40(0.333334), 87(0.333314), 144(0.333304), 
  id=166, 333(1), 
  id=167, 40(0.333115), 87(0.333314), 403(0.33337), 
  id=168, 333(1), 
  id=169, 333(1), 
  id=170, 63(0.666667), 144(0.333333), 
  id=171, 40(0.329223), 44(0.333283), 87(0.333314), 
  id=172, 63(0.666667), 87(0.333265), 
  id=173, 333(1), 
  id=174, 87(0.333314), 242(0.333354), 249(0.333332), 
  id=175, 333(1), 
  id=176, 333(1), 
  id=177, 87(0.333314), 242(0.666669), 
  id=178, 87(0.333314), 242(0.333245), 249(0.333332), 
  id=179, 44(0.333283), 87(0.333314), 403(0.33337), 
  id=180, 87(0.333314), 242(0.666668), 
  id=181, 87(0.333314), 242(0.666665), 
  id=182, 87(0.333314), 242(0.666599), 
  id=183, 63(0.666667), 87(0.333314), 
  id=184, 44(0.333283), 87(0.333314), 403(0.33337), 
  id=185, 333(1), 
  id=186, 87(0.333314), 242(0.666669), 
  id=187, 333(1), 
  id=188, 87(0.333314), 242(0.333354), 249(0.333332), 
  id=189, 87(0.333315), 242(0.666669), 
  id=190, 242(0.666668), 333(0.333298), 
  id=191, 63(0.666579), 87(0.333314), 
  id=192, 242(0.666668), 249(0.333332), 
  id=193, 87(0.333314), 242(0.333354), 249(0.333332), 
  id=194, 333(1), 
  id=195, 87(0.333314), 242(0.333354), 249(0.333332), 
  id=196, 87(0.333314), 242(0.333354), 249(0.333332), 
  id=197, 333(1), 
  id=198, 242(0.666668), 249(0.333317), 
  id=199, 242(0.666668), 249(0.333322), 
  id=200, 87(0.333314), 242(0.333354), 249(0.333332), 
  id=201, 87(0.333314), 242(0.666668), 
  id=202, 87(0.333314), 242(0.666668), 
  id=203, 242(0.666668), 249(0.333332), 
  id=204, 242(0.666668), 249(0.333296), 
  id=205, 242(0.666668), 249(0.333332), 
  id=206, 242(0.666668), 333(0.333332), 
  id=207, 87(0.333314), 242(0.333354), 249(0.333332), 
  id=208, 242(0.666668), 249(0.333324), 
  id=209, 242(0.666668), 333(0.333332), 
  id=210, 87(0.333314), 242(0.333354), 249(0.333332), 
  id=211, 87(0.333314), 242(0.333354), 249(0.333332), 
  id=212, 242(0.666668), 249(0.333324), 
  id=213, 87(0.333314), 242(0.666668), 
  id=214, 242(0.666668), 249(0.333332), 
  id=215, 87(0.333314), 242(0.333354), 249(0.333332), 
  id=216, 242(0.666668), 249(0.333307), 
  id=217, 242(0.666668), 249(0.333332), 
  id=218, 87(0.333314), 242(0.666668), 
  id=219, 242(0.666668), 249(0.333332), 
  id=220, 242(0.666652), 249(0.333332), 
  id=221, 87(0.333314), 242(0.333354), 249(0.333332), 
  id=222, 87(0.333314), 242(0.666622), 
  id=223, 87(0.333314), 242(0.333354), 249(0.333332), 
  id=224, 242(0.666668), 249(0.333332), 
  id=225, 242(0.666668), 249(0.333332), 
  id=226, 87(0.333314), 242(0.333354), 249(0.333332), 
  id=227, 87(0.333314), 242(0.666668), 
  id=228, 242(0.666659), 249(0.333332), 
  id=229, 87(0.333314), 242(0.333354), 249(0.333332), 
  id=230, 242(0.666668), 249(0.333316), 
  id=231, 87(0.333314), 242(0.666662), 
  id=232, 242(0.666668), 249(0.333332), 
  id=233, 242(0.666664), 249(0.333332), 
  id=234, 242(0.666668), 249(0.333332), 
  id=235, 242(0.666634), 249(0.333332), 
  id=236, 87(0.333314), 242(0.333354), 249(0.333332), 
  id=237, 242(0.666656), 249(0.333332), 
  id=238, 242(0.666668), 249(0.333332), 
  id=239, 242(0.666668), 249(0.333329), 
  id=240, 87(0.333314), 242(0.333354), 249(0.333332), 
  id=241, 242(0.666668), 249(0.333332), 
  id=242, 242(0.666668), 249(0.333332), 
  id=243, 242(0.666668), 249(0.333332), 
  id=244, 242(0.666659), 249(0.333332), 
  id=245, 242(0.666668), 249(0.333332), 
  id=246, 242(0.666668), 249(0.333327), 
  id=247, 87(0.333314), 242(0.333354), 249(0.333332), 
  id=248, 242(0.666668), 249(0.333332), 
  id=249, 242(0.666647), 249(0.333332), 
  id=250, 242(0.666642), 249(0.333332), 
  id=251, 87(0.333314), 242(0.333354), 249(0.333332), 
  id=252, 242(0.66666), 249(0.333332), 
  id=253, 242(0.666668), 249(0.333332), 
  id=254, 242(0.666658), 249(0.333332), 
  id=255, 87(0.333314), 242(0.333354), 249(0.333332), 
  id=256, 242(0.666668), 249(0.333332), 
  id=257, 242(0.666668), 249(0.333329), 
  id=258, 242(0.666556), 249(0.333332), 
  id=259, 242(0.666668), 249(0.333332), 
  id=260, 242(0.666668), 249(0.333332), 
  id=261, 242(0.666668), 249(0.333332), 
  id=262, 242(0.666668), 249(0.333332), 
  id=263, 242(0.666668), 249(0.333332), 
  id=264, 242(0.666668), 249(0.333322), 
  id=265, 242(0.666668), 249(0.333332), 
  id=266, 242(0.666668), 249(0.333332), 
  id=267, 242(0.666668), 249(0.333332), 
  id=268, 242(0.666668), 249(0.333332), 
  id=269, 242(0.666668), 249(0.333332), 
  id=270, 242(0.666668), 249(0.333332), 
  id=271, 242(0.666668), 249(0.333332), 
  id=272, 242(0.666668), 249(0.333332), 
  id=273, 242(0.666668), 249(0.333332), 
  id=274, 242(0.666668), 249(0.333332), 
  id=275, 242(0.666668), 249(0.333332), 
  id=276, 242(0.666668), 249(0.333332), 
  id=277, 242(0.666668), 249(0.333332), 
  id=278, 242(0.666668), 249(0.333332), 
  id=279, 242(0.666668), 249(0.333332), 
  id=280, 242(0.666668), 249(0.333332), 
  id=281, 242(0.666668), 249(0.333332), 
  id=282, 242(0.666668), 249(0.333332), 
  id=283, 242(0.666668), 249(0.333332), 
  id=284, 242(0.666668), 249(0.333332), 
  id=285, 242(0.666668), 249(0.333332), 
  id=286, 242(0.666668), 249(0.333332), 
  id=287, 242(0.666668), 249(0.333332), 
  id=288, 242(0.666668), 249(0.333332), 
  id=289, 242(0.666668), 249(0.333332), 
  id=290, 242(0.666668), 249(0.333332), 
  id=291, 242(0.666668), 249(0.333332), 
  id=292, 242(0.666668), 249(0.333332), 
  id=293, 242(0.666668), 249(0.333332), 
  id=294, 242(0.666668), 249(0.333332), 
  id=295, 242(0.666668), 249(0.333332), 
  id=296, 242(0.666668), 249(0.333332), 
  id=297, 242(0.666668), 249(0.333332), 
  id=298, 242(0.666668), 249(0.333332), 
  id=299, 242(0.666668), 249(0.333332), 
  id=300, 242(0.666668), 249(0.333332), 
  id=301, 242(0.666668), 249(0.333332), 
  id=302, 242(0.666668), 249(0.333332), 
  id=303, 242(0.666668), 249(0.333332), 
  id=304, 242(0.666668), 249(0.333332), 
  id=305, 242(0.666668), 249(0.333332), 
  id=306, 242(0.666668), 249(0.333332), 
  id=307, 242(0.666668), 249(0.333332), 
  id=308, 242(0.666668), 249(0.333332), 
  id=309, 242(0.666668), 249(0.333332), 
  id=310, 242(0.666668), 249(0.333332), 
  id=311, 242(0.666668), 249(0.333332), 
  id=312, 242(0.666668), 249(0.333332), 
  id=313, 242(0.666668), 249(0.333332), 
  id=314, 242(0.666668), 249(0.333332), 
  id=315, 242(0.666668), 249(0.333332), 
d = 2
  id=316, 40(0.333334), 42(0.33337), 44(0.333283), 
  id=317, 40(0.333334), 42(0.333371), 44(0.333283), 
  id=318, 40(0.333334), 42(0.333371), 44(0.333283), 
  id=319, 40(0.333334), 42(0.333371), 44(0.333283), 
  id=320, 40(0.333334), 42(0.333371), 44(0.333281), 
  id=321, 40(0.333334), 42(0.333371), 44(0.333281), 
  id=322, 40(0.333334), 42(0.333371), 44(0.333283), 
  id=323, 40(0.333334), 42(0.333371), 44(0.333283), 
  id=324, 40(0.333334), 42(0.333371), 44(0.333282), 
  id=325, 40(0.333334), 42(0.33337), 44(0.333283), 
  id=326, 40(0.333334), 42(0.333368), 44(0.333283), 
  id=327, 40(0.333334), 42(0.333371), 44(0.333283), 
  id=328, 40(0.333334), 42(0.333371), 44(0.333283), 
  id=329, 40(0.333334), 42(0.333371), 44(0.333283), 
  id=330, 40(0.333334), 42(0.333371), 44(0.333283), 
  id=331, 40(0.333333), 42(0.33337), 44(0.333283), 
  id=332, 242(0.666668), 249(0.333329), 
  id=333, 242(0.666668), 249(0.333332), 
  id=334, 242(0.666668), 249(0.333325), 
  id=335, 242(0.666668), 249(0.333325), 
  id=336, 242(0.666668), 249(0.333332), 
  id=337, 242(0.666668), 249(0.333332), 
  id=338, 242(0.666668), 249(0.333332), 
  id=339, 242(0.666668), 249(0.333326), 
  id=340, 242(0.666668), 249(0.333325), 
  id=341, 242(0.666668), 249(0.333332), 
  id=342, 242(0.666668), 249(0.333327), 
  id=343, 242(0.666666), 249(0.333332), 
  id=344, 242(0.666668), 249(0.333332), 
  id=345, 242(0.666668), 249(0.333332), 
  id=346, 242(0.666665), 249(0.333332), 
  id=347, 242(0.666668), 249(0.333332), 
  id=348, 242(0.666665), 249(0.333332), 
  id=349, 242(0.666665), 249(0.333332), 
  id=350, 242(0.666668), 249(0.333327), 
  id=351, 242(0.666668), 249(0.333327), 
  id=352, 242(0.666666), 249(0.333332), 
  id=353, 242(0.666668), 249(0.333327), 
  id=354, 242(0.666665), 249(0.333332), 
  id=355, 242(0.666665), 249(0.333332), 
  id=356, 242(0.666668), 249(0.333327), 
  id=357, 242(0.666668), 249(0.333332), 
  id=358, 242(0.666668), 249(0.333332), 
  id=359, 242(0.666665), 249(0.333332), 
  id=360, 242(0.666668), 249(0.333332), 
  id=361, 242(0.666668), 249(0.333332), 
  id=362, 242(0.666668), 249(0.333332), 
  id=363, 242(0.666668), 249(0.333332), 
  id=364, 242(0.666668), 249(0.333332), 
  id=365, 242(0.666668), 249(0.333332), 
  id=366, 242(0.666668), 249(0.333332), 
  id=367, 242(0.666668), 249(0.333332), 
  id=368, 242(0.666668), 249(0.333332), 
  id=369, 242(0.666668), 249(0.333332), 
  id=370, 242(0.666668), 249(0.333332), 
  id=371, 242(0.666668), 249(0.333332), 
  id=372, 242(0.666668), 249(0.333332), 
  id=373, 242(0.666668), 249(0.333332), 
  id=374, 242(0.666668), 249(0.333332), 
d = 3
  id=375, 40(0.333334), 42(0.333371), 44(0.333242), 
  id=376, 40(0.333334), 42(0.333371), 44(0.333242), 
  id=377, 40(0.333334), 42(0.333371), 44(0.333242), 
  id=378, 40(0.333334), 42(0.333371), 44(0.333242), 
  id=379, 40(0.333334), 42(0.33337), 44(0.333241), 
  id=380, 40(0.333334), 42(0.333371), 44(0.333242), 
  id=381, 40(0.333334), 42(0.333371), 44(0.333242), 
  id=382, 40(0.333334), 42(0.333371), 44(0.333242), 
  id=383, 40(0.333334), 42(0.333371), 44(0.333242), 
  id=384, 40(0.333334), 42(0.333371), 44(0.333242), 
  id=385, 40(0.333334), 42(0.333371), 44(0.333242), 
  id=386, 40(0.333334), 42(0.333371), 44(0.333242), 
  id=387, 40(0.333334), 42(0.33337), 44(0.333241), 
  id=388, 40(0.333334), 42(0.333371), 44(0.333242), 
  id=389, 40(0.333334), 42(0.333371), 44(0.333242), 
  id=390, 40(0.333334), 42(0.333371), 44(0.333242), 
  id=391, 40(0.333334), 42(0.333371), 44(0.333242), 
  id=392, 40(0.333334), 42(0.333371), 44(0.333242), 
d = 4
  id=393, 40(0.333256), 44(0.333283), 403(0.33337), 
  id=394, 40(0.333256), 44(0.333283), 403(0.33337), 
  id=395, 40(0.333256), 44(0.333283), 403(0.33337), 
  id=396, 40(0.333256), 44(0.333283), 403(0.33337), 
  id=397, 40(0.333256), 44(0.333283), 403(0.33337), 
  id=398, 40(0.333256), 44(0.333283), 403(0.33337), 
  id=399, 40(0.333256), 44(0.333283), 403(0.33337), 
  id=400, 40(0.333256), 44(0.333283), 403(0.33337), 
  id=401, 40(0.333256), 44(0.333283), 403(0.33337), 
  id=402, 40(0.333256), 44(0.333283), 403(0.33337), 
  id=403, 40(0.333256), 44(0.333283), 403(0.33337), 
  id=404, 40(0.333256), 44(0.333283), 403(0.33337), 
  id=405, 40(0.333256), 44(0.333283), 403(0.33337), 
  id=406, 40(0.333256), 44(0.333283), 403(0.33337), 
  id=407, 44(0.333283), 87(0.666646), 
  id=408, 87(0.666646), 403(0.333319), 
  id=409, 87(0.666646), 242(0.333263), 
  id=410, 87(0.666646), 242(0.333263), 
  id=411, 87(0.666646), 242(0.333263), 
d = 5
  id=412, 333(1), 
  id=413, 40(0.333334), 87(0.666646), 
  id=414, 40(0.333334), 87(0.666646), 
  id=415, 333(1), 
  id=416, 40(0.333333), 87(0.666645), 
  id=417, 40(0.333334), 87(0.666646), 
  id=418, 333(1), 
  id=419, 333(1), 
  id=420, 333(1), 
  id=421, 333(0.999978), 
  id=422, 333(1), 
  id=423, 87(0.666646), 249(0.333332), 
  id=424, 87(0.666646), 249(0.333332), 
  id=425, 87(0.666646), 249(0.333332), 
  id=426, 87(0.666646), 249(0.333332), 
  id=427, 87(0.666646), 249(0.333332), 
  id=428, 249(0.333332), 333(0.666646), 
  id=429, 249(0.333332), 333(0.666646), 
  id=430, 87(0.666646), 249(0.333331), 
  id=431, 87(0.666646), 249(0.333331), 
  id=432, 87(0.666646), 249(0.333332), 
  id=433, 87(0.666646), 249(0.333332), 
  id=434, 87(0.666646), 249(0.333332), 
  id=435, 87(0.666646), 249(0.333332), 
  id=436, 87(0.666646), 249(0.333332), 
  id=437, 87(0.666646), 249(0.333332), 
  id=438, 87(0.666646), 249(0.333332), 
  id=439, 87(0.666646), 249(0.333332), 
