d = 0
  id=0, 64(1), 
  id=1, 64(1), 
  id=2, 64(1), 
  id=3, 64(1), 
  id=4, 64(1), 
  id=5, 64(1), 
  id=6, 64(1), 
  id=7, 64(1), 
  id=8, 64(1), 
  id=9, 64(1), 
  id=10, 64(1), 
  id=11, 64(1), 
  id=12, 64(1), 
  id=13, 64(1), 
  id=14, 64(1), 
  id=15, 64(1), 
  id=16, 64(1), 
  id=17, 64(1), 
  id=18, 64(1), 
  id=19, 64(1), 
  id=20, 64(1), 
  id=21, 64(1), 
  id=22, 64(1), 
  id=23, 64(1), 
  id=24, 64(1), 
  id=25, 64(1), 
  id=26, 64(1), 
  id=27, 64(1), 
  id=28, 64(1), 
  id=29, 64(1), 
  id=30, 64(1), 
  id=31, 64(1), 
  id=32, 64(1), 
  id=33, 64(1), 
  id=34, 64(1), 
  id=35, 64(1), 
  id=36, 64(1), 
  id=37, 64(1), 
  id=38, 64(1), 
  id=39, 64(1), 
  id=40, 64(1), 
  id=41, 64(1), 
  id=42, 64(1), 
  id=43, 64(1), 
  id=44, 64(1), 
  id=45, 64(1), 
  id=46, 64(1), 
  id=47, 64(1), 
  id=48, 64(1), 
  id=49, 64(1), 
  id=50, 64(1), 
  id=51, 64(1), 
  id=52, 64(1), 
  id=53, 64(1), 
  id=54, 64(1), 
  id=55, 64(1), 
  id=56, 64(1), 
  id=57, 64(1), 
  id=58, 64(1), 
  id=59, 64(1), 
  id=60, 64(1), 
  id=61, 64(1), 
  id=62, 64(1), 
  id=63, 64(1), 
  id=64, 64(1), 
  id=65, 64(1), 
  id=66, 64(1), 
  id=67, 64(1), 
  id=68, 64(1), 
  id=69, 64(1), 
  id=70, 64(1), 
  id=71, 64(1), 
  id=72, 64(1), 
  id=73, 64(1), 
  id=74, 64(1), 
  id=75, 64(1), 
  id=76, 64(1), 
  id=77, 64(1), 
  id=78, 64(1), 
  id=79, 64(1), 
  id=80, 64(1), 
  id=81, 64(1), 
  id=82, 64(1), 
  id=83, 64(1), 
  id=84, 64(1), 
  id=85, 64(1), 
  id=86, 64(1), 
  id=87, 64(1), 
  id=88, 64(1), 
  id=89, 64(1), 
  id=90, 64(1), 
  id=91, 64(1), 
  id=92, 64(1), 
  id=93, 64(1), 
  id=94, 64(1), 
  id=95, 64(1), 
  id=96, 64(1), 
  id=97, 64(1), 
  id=98, 64(1), 
  id=99, 64(1), 
  id=100, 64(1), 
  id=101, 64(1), 
  id=102, 64(1), 
  id=103, 64(1), 
  id=104, 64(1), 
d = 1
  id=105, 64(0.0255394), 126(0.974461), 
  id=106, 64(0.0255394), 126(0.974461), 
  id=107, 64(0.0255394), 126(0.974461), 
  id=108, 64(0.0255394), 126(0.974461), 
  id=109, 64(0.0255394), 126(0.974461), 
  id=110, 64(0.0255394), 126(0.974461), 
  id=111, 64(0.0255394), 126(0.974461), 
  id=112, 64(0.0254102), 126(0.974461), 
  id=113, 64(0.0254102), 126(0.974461), 
  id=114, 64(0.0255394), 126(0.974461), 
  id=115, 64(0.0255394), 126(0.974461), 
  id=116, 64(0.0255394), 126(0.974461), 
  id=117, 64(0.0255394), 126(0.974461), 
  id=118, 64(0.0255394), 126(0.974461), 
  id=119, 64(0.0255394), 126(0.974461), 
  id=120, 64(0.0255394), 126(0.974331), 
  id=121, 64(0.0254102), 126(0.974461), 
  id=122, 64(0.0254101), 126(0.974461), 
  id=123, 64(0.0255394), 126(0.974461), 
  id=124, 64(0.0254102), 126(0.974461), 
  id=125, 224(0.343059), 234(0.656812), 
  id=126, 64(0.0255394), 126(0.974461), 
  id=127, 64(0.0255392), 126(0.974461), 
  id=128, 64(0.0254102), 126(0.974461), 
  id=129, 64(0.0255394), 126(0.974461), 
  id=130, 64(0.0254102), 126(0.974461), 
  id=131, 64(0.0255394), 126(0.974461), 
  id=132, 224(0.343059), 234(0.652842), 
  id=133, 64(0.0255394), 126(0.974461), 
  id=134, 64(0.0255394), 126(0.974461), 
  id=135, 64(0.0254102), 126(0.974461), 
  id=136, 64(0.0254102), 126(0.974461), 
  id=137, 126(0.974461), 224(0.0254102), 
  id=138, 224(0.343059), 234(0.656812), 
  id=139, 64(0.0254099), 126(0.974461), 
  id=140, 64(0.0255394), 126(0.974461), 
  id=141, 64(0.0255394), 126(0.974461), 
  id=142, 64(0.0255394), 126(0.974461), 
  id=143, 224(0.343059), 234(0.656812), 
  id=144, 64(0.0254102), 126(0.974461), 
  id=145, 126(0.974461), 234(0.0254102), 
  id=146, 224(0.343059), 234(0.656812), 
  id=147, 64(0.0255394), 126(0.974461), 
  id=148, 224(0.343058), 234(0.65691), 
  id=149, 64(0.0255394), 126(0.974461), 
  id=150, 224(0.343059), 234(0.656812), 
  id=151, 64(0.0255394), 126(0.974461), 
  id=152, 64(0.0254102), 126(0.974461), 
  id=153, 126(0.974461), 234(0.0254102), 
  id=154, 64(0.0255394), 126(0.974461), 
  id=155, 64(0.0254101), 126(0.974461), 
  id=156, 224(0.343059), 234(0.656812), 
  id=157, 64(0.0255394), 126(0.974331), 
  id=158, 64(0.0255394), 126(0.974331), 
  id=159, 64(0.0254102), 126(0.974461), 
  id=160, 64(0.0254102), 126(0.974461), 
  id=161, 64(0.0255394), 126(0.974331), 
  id=162, 64(0.0254102), 126(0.974461), 
  id=163, 224(0.343059), 234(0.656812), 
  id=164, 64(0.0254102), 126(0.974461), 
  id=165, 64(0.0255394), 126(0.974331), 
  id=166, 224(0.343059), 234(0.656812), 
  id=167, 64(0.0255394), 126(0.974331), 
  id=168, 224(0.343059), 234(0.656911), 
  id=169, 224(0.343059), 234(0.656812), 
  id=170, 64(0.0254102), 126(0.974461), 
  id=171, 64(0.0255394), 126(0.974331), 
  id=172, 64(0.0255394), 126(0.974331), 
  id=173, 224(0.343059), 234(0.656911), 
  id=174, 224(0.343059), 234(0.656812), 
  id=175, 224(0.343059), 234(0.656812), 
  id=176, 224(0.343059), 234(0.656911), 
  id=177, 64(0.0255394), 126(0.974331), 
  id=178, 126(0.651268), 224(0.341897), 
  id=179, 64(0.0255394), 126(0.631273), 224(0.343059), 
  id=180, 224(0.34296), 234(0.656911), 
  id=181, 224(0.343059), 234(0.656809), 
  id=182, 224(0.343059), 234(0.656809), 
  id=183, 64(0.0255394), 126(0.974331), 
  id=184, 64(0.0255394), 126(0.640481), 224(0.333904), 
  id=185, 224(0.343059), 234(0.656911), 
  id=186, 224(0.34296), 234(0.656911), 
  id=187, 224(0.343059), 234(0.656911), 
  id=188, 224(0.343059), 234(0.656812), 
  id=189, 224(0.343059), 234(0.656812), 
  id=190, 224(0.343059), 234(0.656893), 
  id=191, 224(0.342958), 234(0.656911), 
  id=192, 224(0.343059), 234(0.656911), 
  id=193, 64(0.0255394), 224(0.343059), 234(0.631273), 
  id=194, 224(0.343059), 234(0.656911), 
  id=195, 224(0.343059), 234(0.656911), 
  id=196, 224(0.343059), 234(0.656911), 
  id=197, 224(0.343059), 234(0.656911), 
  id=198, 224(0.34296), 234(0.656911), 
  id=199, 224(0.343059), 234(0.656911), 
  id=200, 224(0.343059), 234(0.656793), 
  id=201, 224(0.34296), 234(0.656911), 
  id=202, 224(0.343059), 234(0.656907), 
  id=203, 224(0.34296), 234(0.656911), 
  id=204, 224(0.343059), 234(0.656911), 
  id=205, 224(0.343059), 234(0.656911), 
  id=206, 224(0.343059), 234(0.656911), 
  id=207, 224(0.343059), 234(0.656905), 
  id=208, 224(0.343059), 234(0.656911), 
  id=209, 224(0.343059), 234(0.656911), 
  id=210, 224(0.34296), 234(0.656911), 
  id=211, 224(0.343059), 234(0.656812), 
  id=212, 224(0.343059), 234(0.656911), 
  id=213, 224(0.34296), 234(0.656911), 
  id=214, 224(0.343059), 234(0.656911), 
  id=215, 224(0.342947), 234(0.656911), 
  id=216, 224(0.343059), 234(0.656911), 
  id=217, 224(0.343059), 234(0.656911), 
  id=218, 126(0.342958), 234(0.656911), 
  id=219, 224(0.343059), 234(0.656911), 
  id=220, 224(0.34296), 234(0.656911), 
  id=221, 224(0.343059), 234(0.656812), 
  id=222, 224(0.34296), 234(0.656911), 
  id=223, 224(0.34296), 234(0.656911), 
  id=224, 224(0.343045), 234(0.656911), 
  id=225, 224(0.343059), 234(0.656911), 
  id=226, 224(0.34296), 234(0.656911), 
  id=227, 224(0.34296), 234(0.656911), 
  id=228, 224(0.34296), 234(0.656911), 
  id=229, 224(0.343059), 234(0.656911), 
  id=230, 224(0.343059), 234(0.656911), 
  id=231, 224(0.343059), 234(0.656905), 
  id=232, 224(0.34296), 234(0.656911), 
  id=233, 224(0.343059), 234(0.656911), 
  id=234, 224(0.343059), 234(0.656911), 
  id=235, 224(0.34296), 234(0.656911), 
  id=236, 224(0.343059), 234(0.656911), 
  id=237, 224(0.34296), 234(0.656911), 
  id=238, 224(0.343059), 234(0.656911), 
  id=239, 224(0.343059), 234(0.656905), 
  id=240, 224(0.343059), 234(0.656911), 
  id=241, 224(0.343059), 234(0.656911), 
  id=242, 224(0.343059), 234(0.656911), 
  id=243, 224(0.343059), 234(0.656911), 
  id=244, 224(0.343059), 234(0.656911), 
  id=245, 224(0.343059), 234(0.656911), 
  id=246, 224(0.343059), 234(0.656911), 
  id=247, 224(0.343059), 234(0.656911), 
  id=248, 224(0.343059), 234(0.656911), 
  id=249, 224(0.343059), 234(0.656911), 
  id=250, 224(0.343059), 234(0.656911), 
  id=251, 224(0.343059), 234(0.656911), 
  id=252, 224(0.343059), 234(0.656911), 
  id=253, 224(0.343059), 234(0.656911), 
  id=254, 224(0.343059), 234(0.656911), 
  id=255, 224(0.343059), 234(0.656911), 
  id=256, 224(0.343059), 234(0.656911), 
  id=257, 224(0.343059), 234(0.656911), 
  id=258, 224(0.343059), 234(0.656911), 
  id=259, 224(0.343059), 234(0.656911), 
  id=260, 224(0.343059), 234(0.656911), 
  id=261, 224(0.343059), 234(0.656911), 
  id=262, 224(0.343059), 234(0.656911), 
  id=263, 224(0.343059), 234(0.656911), 
  id=264, 224(0.343059), 234(0.656911), 
  id=265, 224(0.343059), 234(0.656911), 
  id=266, 224(0.343059), 234(0.656911), 
  id=267, 224(0.343059), 234(0.656911), 
  id=268, 224(0.343059), 234(0.656911), 
  id=269, 224(0.343059), 234(0.656911), 
  id=270, 224(0.343059), 234(0.656911), 
  id=271, 224(0.343059), 234(0.656911), 
  id=272, 224(0.343059), 234(0.656911), 
  id=273, 224(0.343059), 234(0.656911), 
  id=274, 224(0.343059), 234(0.656911), 
  id=275, 224(0.343059), 234(0.656911), 
  id=276, 224(0.343059), 234(0.656911), 
  id=277, 224(0.343059), 234(0.656911), 
  id=278, 224(0.343059), 234(0.656911), 
  id=279, 224(0.343059), 234(0.656911), 
  id=280, 224(0.343059), 234(0.656911), 
  id=281, 224(0.343059), 234(0.656911), 
  id=282, 224(0.343059), 234(0.656911), 
  id=283, 224(0.343059), 234(0.656911), 
  id=284, 224(0.343059), 234(0.656911), 
  id=285, 224(0.343059), 234(0.656911), 
  id=286, 224(0.343058), 234(0.656911), 
  id=287, 224(0.343059), 234(0.656911), 
  id=288, 224(0.343059), 234(0.656911), 
  id=289, 224(0.343059), 234(0.656911), 
  id=290, 224(0.343059), 234(0.656911), 
  id=291, 224(0.343059), 234(0.656911), 
  id=292, 224(0.343059), 234(0.656911), 
  id=293, 224(0.343059), 234(0.656911), 
  id=294, 224(0.343059), 234(0.656911), 
  id=295, 224(0.343059), 234(0.656911), 
  id=296, 224(0.343059), 234(0.656911), 
  id=297, 224(0.343059), 234(0.656911), 
  id=298, 224(0.343059), 234(0.656911), 
  id=299, 224(0.343059), 234(0.656911), 
  id=300, 224(0.343059), 234(0.656911), 
  id=301, 224(0.343059), 234(0.656911), 
  id=302, 224(0.343059), 234(0.656911), 
  id=303, 224(0.343059), 234(0.656911), 
  id=304, 224(0.343059), 234(0.656911), 
  id=305, 224(0.343059), 234(0.656911), 
  id=306, 224(0.343059), 234(0.656911), 
  id=307, 224(0.343059), 234(0.656911), 
  id=308, 224(0.343059), 234(0.656911), 
  id=309, 224(0.343059), 234(0.656911), 
  id=310, 224(0.343059), 234(0.656911), 
  id=311, 224(0.343059), 234(0.656911), 
  id=312, 224(0.343059), 234(0.656911), 
  id=313, 224(0.343059), 234(0.656911), 
  id=314, 224(0.343059), 234(0.656911), 
  id=315, 224(0.343059), 234(0.656911), 
d = 2
  id=316, 181(1), 
  id=317, 181(1), 
  id=318, 181(1), 
  id=319, 181(1), 
  id=320, 181(1), 
  id=321, 181(1), 
  id=322, 181(1), 
  id=323, 181(1), 
  id=324, 181(1), 
  id=325, 181(1), 
  id=326, 181(1), 
  id=327, 181(1), 
  id=328, 181(1), 
  id=329, 181(1), 
  id=330, 181(1), 
  id=331, 181(1), 
  id=332, 181(1), 
  id=333, 181(1), 
  id=334, 181(1), 
  id=335, 181(1), 
  id=336, 181(1), 
  id=337, 181(1), 
  id=338, 181(1), 
  id=339, 181(1), 
  id=340, 181(1), 
  id=341, 181(1), 
  id=342, 181(1), 
  id=343, 181(1), 
  id=344, 181(1), 
  id=345, 181(1), 
  id=346, 181(1), 
  id=347, 181(1), 
  id=348, 181(1), 
  id=349, 181(1), 
  id=350, 181(1), 
  id=351, 181(1), 
  id=352, 181(1), 
  id=353, 181(1), 
  id=354, 181(1), 
  id=355, 181(1), 
  id=356, 181(1), 
  id=357, 181(1), 
  id=358, 181(1), 
  id=359, 181(1), 
  id=360, 181(1), 
  id=361, 181(1), 
  id=362, 181(1), 
  id=363, 181(1), 
  id=364, 181(1), 
  id=365, 181(1), 
  id=366, 181(1), 
  id=367, 181(1), 
  id=368, 181(1), 
  id=369, 181(1), 
  id=370, 181(1), 
  id=371, 181(1), 
  id=372, 181(1), 
  id=373, 181(1), 
  id=374, 181(1), 
d = 3
  id=375, 64(1), 
  id=376, 64(1), 
  id=377, 64(1), 
  id=378, 64(1), 
  id=379, 64(1), 
  id=380, 64(1), 
  id=381, 64(1), 
  id=382, 64(1), 
  id=383, 64(1), 
  id=384, 64(1), 
  id=385, 64(1), 
  id=386, 64(1), 
  id=387, 64(1), 
  id=388, 64(1), 
  id=389, 64(1), 
  id=390, 64(1), 
  id=391, 64(1), 
  id=392, 64(1), 
d = 4
  id=393, 64(1), 
  id=394, 64(1), 
  id=395, 64(1), 
  id=396, 64(1), 
  id=397, 64(1), 
  id=398, 64(1), 
  id=399, 64(1), 
  id=400, 64(1), 
  id=401, 64(1), 
  id=402, 64(1), 
  id=403, 64(1), 
  id=404, 64(1), 
  id=405, 64(1), 
  id=406, 64(1), 
  id=407, 64(1), 
  id=408, 64(1), 
  id=409, 64(1), 
  id=410, 64(1), 
  id=411, 64(1), 
d = 5
  id=412, 181(1), 
  id=413, 181(1), 
  id=414, 181(1), 
  id=415, 181(1), 
  id=416, 181(1), 
  id=417, 181(1), 
  id=418, 181(1), 
  id=419, 181(1), 
  id=420, 181(1), 
  id=421, 181(1), 
  id=422, 181(1), 
  id=423, 181(1), 
  id=424, 181(1), 
  id=425, 181(1), 
  id=426, 181(1), 
  id=427, 181(1), 
  id=428, 181(1), 
  id=429, 181(1), 
  id=430, 181(1), 
  id=431, 181(1), 
  id=432, 181(1), 
  id=433, 181(1), 
  id=434, 181(1), 
  id=435, 181(1), 
  id=436, 181(1), 
  id=437, 181(1), 
  id=438, 181(1), 
  id=439, 181(1), 
