d = 0
  id=0, 329(1), 
  id=1, 329(1), 
  id=2, 329(1), 
  id=3, 329(1), 
  id=4, 329(1), 
  id=5, 329(1), 
  id=6, 329(1), 
  id=7, 329(1), 
  id=8, 329(1), 
  id=9, 329(1), 
  id=10, 329(1), 
  id=11, 329(1), 
  id=12, 329(1), 
  id=13, 329(1), 
  id=14, 329(1), 
  id=15, 329(1), 
  id=16, 329(1), 
  id=17, 329(1), 
  id=18, 329(1), 
  id=19, 329(1), 
  id=20, 329(1), 
  id=21, 329(1), 
  id=22, 329(1), 
  id=23, 329(1), 
  id=24, 329(1), 
  id=25, 329(1), 
  id=26, 329(1), 
  id=27, 329(1), 
  id=28, 329(1), 
  id=29, 329(1), 
  id=30, 329(1), 
  id=31, 329(1), 
  id=32, 329(1), 
  id=33, 329(1), 
  id=34, 329(1), 
  id=35, 329(1), 
  id=36, 329(1), 
  id=37, 329(1), 
  id=38, 329(1), 
  id=39, 329(1), 
  id=40, 329(1), 
  id=41, 329(1), 
  id=42, 329(1), 
  id=43, 329(1), 
  id=44, 329(1), 
  id=45, 329(1), 
  id=46, 329(1), 
  id=47, 329(1), 
  id=48, 329(1), 
  id=49, 329(1), 
  id=50, 329(1), 
  id=51, 329(1), 
  id=52, 329(1), 
  id=53, 329(1), 
  id=54, 329(1), 
  id=55, 329(1), 
  id=56, 329(1), 
  id=57, 329(1), 
  id=58, 329(1), 
  id=59, 329(1), 
  id=60, 329(1), 
  id=61, 329(1), 
  id=62, 329(1), 
  id=63, 329(1), 
  id=64, 329(1), 
  id=65, 329(1), 
  id=66, 329(1), 
  id=67, 329(1), 
  id=68, 329(1), 
  id=69, 329(1), 
  id=70, 329(1), 
  id=71, 329(1), 
  id=72, 329(1), 
  id=73, 329(1), 
  id=74, 329(1), 
  id=75, 329(1), 
  id=76, 329(1), 
  id=77, 329(1), 
  id=78, 329(1), 
  id=79, 329(1), 
  id=80, 329(1), 
  id=81, 329(1), 
  id=82, 329(1), 
  id=83, 329(1), 
  id=84, 329(1), 
  id=85, 329(1), 
  id=86, 329(1), 
  id=87, 329(1), 
  id=88, 329(1), 
  id=89, 329(1), 
  id=90, 329(1), 
  id=91, 329(1), 
  id=92, 329(1), 
  id=93, 329(1), 
  id=94, 329(1), 
  id=95, 329(1), 
  id=96, 329(1), 
  id=97, 329(1), 
  id=98, 329(1), 
  id=99, 329(1), 
  id=100, 329(1), 
  id=101, 329(1), 
  id=102, 329(1), 
  id=103, 329(1), 
  id=104, 329(1), 
d = 1
  id=105, 329(1), 
  id=106, 329(1), 
  id=107, 329(1), 
  id=108, 329(1), 
  id=109, 329(1), 
  id=110, 329(1), 
  id=111, 329(1), 
  id=112, 329(1), 
  id=113, 329(0.983198), 
  id=114, 329(1), 
  id=115, 329(1), 
  id=116, 329(1), 
  id=117, 329(1), 
  id=118, 329(1), 
  id=119, 329(1), 
  id=120, 329(1), 
  id=121, 329(0.991557), 
  id=122, 329(1), 
  id=123, 329(1), 
  id=124, 329(1), 
  id=125, 224(0.024339), 228(0.298073), 427(0.643046), 
  id=126, 329(1), 
  id=127, 329(1), 
  id=128, 329(1), 
  id=129, 329(1), 
  id=130, 329(1), 
  id=131, 329(1), 
  id=132, 224(0.024339), 228(0.298073), 427(0.643046), 
  id=133, 329(0.991557), 
  id=134, 329(1), 
  id=135, 329(0.983198), 
  id=136, 329(0.983198), 
  id=137, 329(0.323429), 427(0.643046), 
  id=138, 224(0.024339), 228(0.298073), 427(0.643046), 
  id=139, 329(1), 
  id=140, 329(1), 
  id=141, 329(1), 
  id=142, 329(1), 
  id=143, 224(0.0243391), 228(0.291726), 427(0.643046), 
  id=144, 329(1), 
  id=145, 329(0.330696), 427(0.643046), 
  id=146, 224(0.024339), 228(0.298073), 427(0.643046), 
  id=147, 329(1), 
  id=148, 224(0.0243391), 228(0.298073), 427(0.643046), 
  id=149, 329(1), 
  id=150, 224(0.0243391), 228(0.298073), 427(0.643046), 
  id=151, 329(1), 
  id=152, 329(1), 
  id=153, 329(0.356954), 427(0.643046), 
  id=154, 329(1), 
  id=155, 329(1), 
  id=156, 224(0.024339), 228(0.298073), 427(0.643046), 
  id=157, 329(0.999999), 
  id=158, 329(1), 
  id=159, 329(0.356954), 427(0.643046), 
  id=160, 329(1), 
  id=161, 329(1), 
  id=162, 329(0.991557), 
  id=163, 224(0.024339), 228(0.298073), 427(0.643046), 
  id=164, 329(0.356943), 427(0.643046), 
  id=165, 329(0.991557), 
  id=166, 224(0.024339), 228(0.298073), 427(0.643046), 
  id=167, 329(1), 
  id=168, 224(0.024339), 228(0.298073), 427(0.643046), 
  id=169, 224(0.024339), 228(0.291725), 427(0.643046), 
  id=170, 329(0.991557), 
  id=171, 329(1), 
  id=172, 329(0.991557), 
  id=173, 224(0.024339), 228(0.298073), 427(0.643046), 
  id=174, 223(0.0177116), 224(0.0243391), 228(0.274014), 427(0.643046), 
  id=175, 224(0.024339), 228(0.298073), 427(0.643046), 
  id=176, 224(0.024339), 228(0.298073), 427(0.643046), 
  id=177, 223(0.0177115), 329(0.339162), 427(0.643046), 
  id=178, 223(0.0177115), 329(0.3308), 427(0.643046), 
  id=179, 329(1), 
  id=180, 223(0.0177115), 228(0.298073), 427(0.643046), 
  id=181, 223(0.0177115), 228(0.298073), 427(0.643046), 
  id=182, 223(0.0177115), 224(0.024339), 228(0.274014), 427(0.643046), 
  id=183, 223(0.0177115), 329(0.973846), 
  id=184, 223(0.0177115), 329(0.982288), 
  id=185, 224(0.024339), 228(0.298073), 427(0.643046), 
  id=186, 224(0.024339), 228(0.298073), 427(0.643046), 
  id=187, 224(0.024339), 228(0.298073), 427(0.643046), 
  id=188, 223(0.0177115), 224(0.024339), 228(0.298073), 427(0.618987), 
  id=189, 223(0.0177115), 224(0.024339), 228(0.274014), 427(0.643046), 
  id=190, 224(0.024339), 228(0.298073), 427(0.643046), 
  id=191, 223(0.0177115), 224(0.024339), 329(0.280772), 427(0.643046), 
  id=192, 224(0.024339), 228(0.291723), 427(0.643046), 
  id=193, 223(0.0177115), 224(0.024339), 329(0.917047), 
  id=194, 224(0.0243391), 228(0.298073), 427(0.643046), 
  id=195, 223(0.0177115), 224(0.024339), 228(0.274014), 427(0.643046), 
  id=196, 223(0.0177115), 224(0.024339), 228(0.274014), 427(0.643046), 
  id=197, 224(0.0243391), 228(0.298073), 427(0.643046), 
  id=198, 223(0.0177116), 228(0.298073), 427(0.643046), 
  id=199, 224(0.0243391), 228(0.298073), 427(0.643046), 
  id=200, 223(0.0177116), 228(0.298073), 427(0.643046), 
  id=201, 223(0.0177116), 228(0.298073), 427(0.643046), 
  id=202, 224(0.024339), 228(0.298073), 427(0.643046), 
  id=203, 224(0.024339), 228(0.298073), 427(0.643046), 
  id=204, 224(0.024339), 228(0.298073), 427(0.643046), 
  id=205, 224(0.024339), 228(0.298073), 427(0.643046), 
  id=206, 224(0.0243391), 228(0.298073), 427(0.643046), 
  id=207, 223(0.0177115), 224(0.024339), 228(0.274014), 427(0.643046), 
  id=208, 224(0.024339), 228(0.298073), 427(0.636698), 
  id=209, 224(0.0243391), 228(0.298073), 427(0.643046), 
  id=210, 223(0.0177115), 228(0.298073), 427(0.643046), 
  id=211, 223(0.0177115), 224(0.024339), 228(0.298073), 427(0.618987), 
  id=212, 224(0.024339), 228(0.298073), 427(0.643046), 
  id=213, 223(0.0177116), 224(0.0221449), 228(0.296785), 427(0.620051), 
  id=214, 224(0.024339), 228(0.298073), 427(0.643046), 
  id=215, 223(0.0177115), 224(0.0168746), 228(0.298073), 427(0.643046), 
  id=216, 224(0.024339), 228(0.298073), 427(0.643046), 
  id=217, 224(0.024339), 228(0.291725), 427(0.643046), 
  id=218, 223(0.0177115), 228(0.298073), 427(0.643046), 
  id=219, 224(0.024339), 228(0.298073), 427(0.643046), 
  id=220, 223(0.0177115), 224(0.024339), 228(0.298073), 427(0.618987), 
  id=221, 223(0.0177115), 224(0.024339), 228(0.298073), 427(0.618987), 
  id=222, 223(0.0177115), 228(0.298073), 427(0.643046), 
  id=223, 223(0.0177115), 228(0.298073), 427(0.643046), 
  id=224, 224(0.0243391), 228(0.298073), 427(0.643046), 
  id=225, 224(0.024339), 228(0.298073), 427(0.643046), 
  id=226, 223(0.0177115), 224(0.0243114), 228(0.298073), 427(0.643046), 
  id=227, 223(0.0177115), 228(0.298073), 427(0.643046), 
  id=228, 223(0.0177116), 224(0.0243391), 228(0.298073), 427(0.634748), 
  id=229, 223(0.0177115), 224(0.0243391), 228(0.282457), 427(0.643046), 
  id=230, 223(0.0177115), 224(0.024339), 228(0.298073), 427(0.626204), 
  id=231, 223(0.0177115), 224(0.024339), 228(0.298073), 427(0.643046), 
  id=232, 223(0.0115441), 224(0.0243391), 228(0.298073), 427(0.643046), 
  id=233, 224(0.024339), 228(0.298073), 427(0.643046), 
  id=234, 224(0.0243391), 228(0.298073), 427(0.643046), 
  id=235, 223(0.0177115), 228(0.298073), 427(0.643046), 
  id=236, 223(0.0177115), 224(0.024339), 228(0.298073), 427(0.62743), 
  id=237, 223(0.0177115), 224(0.024339), 228(0.298073), 427(0.634514), 
  id=238, 224(0.024339), 228(0.298073), 427(0.643046), 
  id=239, 223(0.0177115), 224(0.024339), 228(0.298073), 427(0.641847), 
  id=240, 223(0.0177115), 224(0.0231705), 228(0.298073), 427(0.643046), 
  id=241, 224(0.024339), 228(0.298073), 427(0.643046), 
  id=242, 223(0.0177115), 224(0.024339), 228(0.298073), 427(0.643046), 
  id=243, 224(0.024339), 228(0.298073), 427(0.643046), 
  id=244, 223(0.0177115), 224(0.024339), 228(0.274014), 427(0.643046), 
  id=245, 224(0.024339), 228(0.298073), 427(0.643046), 
  id=246, 223(0.0177115), 224(0.024339), 228(0.298073), 427(0.643046), 
  id=247, 223(0.0177115), 224(0.024339), 228(0.274014), 427(0.643046), 
  id=248, 223(0.0177115), 224(0.024339), 228(0.298073), 427(0.643046), 
  id=249, 223(0.0177115), 224(0.024339), 228(0.298073), 427(0.6429), 
  id=250, 223(0.0177115), 224(0.0170567), 228(0.298073), 427(0.643046), 
  id=251, 223(0.0177115), 224(0.024339), 228(0.298073), 427(0.643046), 
  id=252, 223(0.0177115), 224(0.024339), 228(0.298073), 427(0.643046), 
  id=253, 224(0.024339), 228(0.298073), 427(0.643046), 
  id=254, 224(0.0243391), 228(0.298073), 427(0.643046), 
  id=255, 223(0.0177115), 224(0.024339), 228(0.298073), 427(0.618987), 
  id=256, 223(0.0177115), 228(0.298073), 427(0.643046), 
  id=257, 224(0.0243391), 228(0.298073), 427(0.643046), 
  id=258, 223(0.0177115), 224(0.024339), 228(0.298073), 427(0.643046), 
  id=259, 223(0.0177115), 224(0.024339), 228(0.298073), 427(0.643046), 
  id=260, 223(0.0177115), 224(0.024339), 228(0.298073), 427(0.62743), 
  id=261, 224(0.024339), 228(0.298073), 427(0.643046), 
  id=262, 223(0.0177115), 224(0.0170482), 228(0.298073), 427(0.643046), 
  id=263, 224(0.0243391), 228(0.298073), 427(0.643046), 
  id=264, 223(0.0177115), 224(0.0159879), 228(0.298073), 427(0.643046), 
  id=265, 223(0.0177115), 224(0.024339), 228(0.298073), 427(0.643046), 
  id=266, 224(0.024339), 228(0.298073), 427(0.643046), 
  id=267, 223(0.0177115), 224(0.024339), 228(0.298073), 427(0.634421), 
  id=268, 224(0.0243391), 228(0.298073), 427(0.643046), 
  id=269, 223(0.0177115), 224(0.024339), 228(0.298073), 427(0.62743), 
  id=270, 223(0.0177116), 224(0.024339), 228(0.298073), 427(0.643041), 
  id=271, 223(0.0177115), 224(0.024339), 228(0.298073), 427(0.643046), 
  id=272, 223(0.0177115), 224(0.024339), 228(0.298073), 427(0.643046), 
  id=273, 223(0.0177115), 224(0.024339), 228(0.298073), 427(0.643046), 
  id=274, 223(0.0104389), 224(0.024339), 228(0.298073), 427(0.643046), 
  id=275, 223(0.0177115), 224(0.024339), 228(0.298073), 427(0.643004), 
  id=276, 223(0.0177116), 224(0.0243391), 228(0.298073), 427(0.643046), 
  id=277, 223(0.0177115), 224(0.024339), 228(0.298073), 427(0.642989), 
  id=278, 223(0.0177115), 224(0.024339), 228(0.298073), 427(0.62743), 
  id=279, 223(0.0177115), 224(0.024339), 228(0.298073), 427(0.635726), 
  id=280, 223(0.0177115), 224(0.024339), 228(0.298073), 427(0.643046), 
  id=281, 223(0.0104445), 224(0.0243391), 228(0.298073), 427(0.643046), 
  id=282, 223(0.0177115), 224(0.024339), 228(0.298073), 427(0.643046), 
  id=283, 223(0.0177115), 224(0.024339), 228(0.298073), 427(0.64303), 
  id=284, 223(0.0177115), 224(0.0243001), 228(0.298073), 427(0.643046), 
  id=285, 224(0.024339), 228(0.298073), 427(0.643046), 
  id=286, 223(0.0177115), 224(0.024339), 228(0.298073), 427(0.643043), 
  id=287, 223(0.0177115), 224(0.024339), 228(0.298073), 427(0.643046), 
  id=288, 223(0.0177115), 224(0.024339), 228(0.298073), 427(0.635788), 
  id=289, 223(0.0177116), 224(0.024339), 228(0.298073), 427(0.643046), 
  id=290, 223(0.0177114), 224(0.0243389), 228(0.298073), 427(0.643046), 
  id=291, 223(0.0177115), 224(0.024339), 228(0.298073), 427(0.643042), 
  id=292, 223(0.0177115), 224(0.024339), 228(0.298073), 427(0.635788), 
  id=293, 223(0.0177115), 224(0.024339), 228(0.298073), 427(0.63422), 
  id=294, 223(0.0177115), 224(0.024339), 228(0.298073), 427(0.643046), 
  id=295, 223(0.0177115), 224(0.024339), 228(0.298073), 427(0.643046), 
  id=296, 224(0.024339), 228(0.298073), 427(0.643046), 
  id=297, 223(0.0177115), 224(0.024339), 228(0.298073), 427(0.643004), 
  id=298, 223(0.0177116), 224(0.024339), 228(0.298073), 427(0.642891), 
  id=299, 223(0.0177115), 224(0.024339), 228(0.298073), 427(0.635788), 
  id=300, 223(0.0177116), 224(0.024339), 228(0.298073), 427(0.635789), 
  id=301, 223(0.0177116), 224(0.024339), 228(0.298073), 427(0.643023), 
  id=302, 223(0.0104195), 224(0.024339), 228(0.298073), 427(0.643046), 
  id=303, 223(0.0177117), 224(0.0243392), 228(0.298073), 427(0.643046), 
  id=304, 223(0.0177115), 224(0.024339), 228(0.298073), 427(0.643046), 
  id=305, 224(0.024339), 228(0.298073), 427(0.643046), 
  id=306, 223(0.0177118), 224(0.0243393), 228(0.298073), 427(0.643046), 
  id=307, 223(0.0177115), 224(0.024339), 228(0.298073), 427(0.643046), 
  id=308, 223(0.0177113), 224(0.0243388), 228(0.298073), 427(0.643046), 
  id=309, 223(0.0177117), 224(0.0243392), 228(0.298073), 427(0.643046), 
  id=310, 223(0.0177116), 224(0.024339), 228(0.298073), 427(0.643046), 
  id=311, 223(0.0176788), 224(0.024339), 228(0.298073), 427(0.643046), 
  id=312, 223(0.0177113), 224(0.0243388), 228(0.298073), 427(0.643046), 
  id=313, 223(0.0177114), 224(0.0243389), 228(0.298073), 427(0.643046), 
  id=314, 223(0.0177114), 224(0.0243389), 228(0.298073), 427(0.643046), 
  id=315, 223(0.0177117), 224(0.0243392), 228(0.298073), 427(0.643046), 
d = 2
  id=316, 329(0.993601), 
  id=317, 329(0.993601), 
  id=318, 329(0.993601), 
  id=319, 329(0.993601), 
  id=320, 329(0.993601), 
  id=321, 329(0.993601), 
  id=322, 329(0.993601), 
  id=323, 329(0.993601), 
  id=324, 329(0.993601), 
  id=325, 329(0.993601), 
  id=326, 329(0.993601), 
  id=327, 329(0.993601), 
  id=328, 329(0.993601), 
  id=329, 329(0.993601), 
  id=330, 329(0.993601), 
  id=331, 329(0.993601), 
  id=332, 224(0.0228041), 228(0.29756), 427(0.643705), 
  id=333, 224(0.0228041), 228(0.29756), 427(0.643705), 
  id=334, 224(0.0228041), 228(0.29756), 427(0.643705), 
  id=335, 224(0.0228041), 228(0.29756), 427(0.643705), 
  id=336, 224(0.0228041), 228(0.29756), 427(0.643705), 
  id=337, 224(0.0228041), 228(0.29756), 427(0.643705), 
  id=338, 224(0.0228041), 228(0.29756), 427(0.643705), 
  id=339, 224(0.0228041), 228(0.29756), 427(0.643705), 
  id=340, 224(0.0228041), 228(0.29756), 427(0.643705), 
  id=341, 224(0.0228041), 228(0.297561), 427(0.643705), 
  id=342, 228(0.29756), 329(0.0228041), 427(0.643705), 
  id=343, 224(0.0228041), 228(0.29756), 427(0.643705), 
  id=344, 224(0.0228041), 228(0.297561), 427(0.643705), 
  id=345, 224(0.0228041), 228(0.29756), 427(0.643705), 
  id=346, 224(0.0228041), 228(0.29756), 427(0.643705), 
  id=347, 224(0.0228041), 228(0.29756), 427(0.643705), 
  id=348, 224(0.0228041), 228(0.29756), 427(0.643705), 
  id=349, 224(0.0228041), 228(0.29756), 427(0.643705), 
  id=350, 224(0.0228041), 228(0.29756), 427(0.643705), 
  id=351, 224(0.0228041), 228(0.29756), 427(0.643705), 
  id=352, 224(0.0228041), 228(0.297561), 427(0.643705), 
  id=353, 224(0.0228041), 228(0.297561), 427(0.643705), 
  id=354, 224(0.0228041), 228(0.29756), 427(0.643705), 
  id=355, 224(0.0228041), 228(0.29756), 427(0.643705), 
  id=356, 224(0.0228041), 228(0.29756), 427(0.643705), 
  id=357, 224(0.0228041), 228(0.29756), 427(0.643705), 
  id=358, 224(0.0228041), 228(0.29756), 427(0.643705), 
  id=359, 224(0.0228041), 228(0.29756), 427(0.643705), 
  id=360, 224(0.0228041), 228(0.29756), 427(0.643705), 
  id=361, 224(0.0228041), 228(0.297561), 427(0.643705), 
  id=362, 224(0.0228041), 228(0.29756), 427(0.643705), 
  id=363, 224(0.0228041), 228(0.29756), 427(0.643705), 
  id=364, 224(0.0228041), 228(0.29756), 427(0.643705), 
  id=365, 224(0.0228041), 228(0.29756), 427(0.643705), 
  id=366, 224(0.0228041), 228(0.29756), 427(0.643705), 
  id=367, 224(0.0228041), 228(0.29756), 427(0.643705), 
  id=368, 224(0.0228041), 228(0.29756), 427(0.643705), 
  id=369, 224(0.0228041), 228(0.29756), 427(0.643705), 
  id=370, 224(0.0228041), 228(0.29756), 427(0.643705), 
  id=371, 224(0.0228041), 228(0.29756), 427(0.643705), 
  id=372, 224(0.0228041), 228(0.29756), 427(0.643705), 
  id=373, 224(0.0228041), 228(0.297561), 427(0.643705), 
  id=374, 224(0.0228041), 228(0.29756), 427(0.643705), 
d = 3
  id=375, 329(1), 
  id=376, 329(1), 
  id=377, 329(1), 
  id=378, 329(1), 
  id=379, 329(1), 
  id=380, 329(1), 
  id=381, 329(1), 
  id=382, 329(1), 
  id=383, 329(1), 
  id=384, 329(1), 
  id=385, 329(1), 
  id=386, 329(1), 
  id=387, 329(1), 
  id=388, 329(1), 
  id=389, 329(1), 
  id=390, 329(1), 
  id=391, 329(1), 
  id=392, 329(1), 
d = 4
  id=393, 329(1), 
  id=394, 329(1), 
  id=395, 329(1), 
  id=396, 329(1), 
  id=397, 329(1), 
  id=398, 329(1), 
  id=399, 329(1), 
  id=400, 329(1), 
  id=401, 329(1), 
  id=402, 329(1), 
  id=403, 329(1), 
  id=404, 329(1), 
  id=405, 329(1), 
  id=406, 329(1), 
  id=407, 329(1), 
  id=408, 329(1), 
  id=409, 329(1), 
  id=410, 329(1), 
  id=411, 329(1), 
d = 5
  id=412, 196(0.0107788), 224(0.0243391), 228(0.29698), 427(0.64019), 
  id=413, 224(0.0207921), 228(0.271032), 329(0.0890358), 427(0.586297), 
  id=414, 224(0.0211056), 228(0.274981), 329(0.0757158), 427(0.59483), 
  id=415, 224(0.0223805), 228(0.292032), 329(0.0185787), 427(0.631746), 
  id=416, 224(0.0210892), 228(0.270969), 329(0.0876673), 427(0.585874), 
  id=417, 224(0.0208702), 228(0.266697), 329(0.101462), 427(0.576539), 
  id=418, 196(0.0107788), 224(0.024339), 228(0.296977), 427(0.64019), 
  id=419, 196(0.0107788), 224(0.024339), 228(0.298073), 427(0.64019), 
  id=420, 224(0.0198593), 228(0.29536), 427(0.638443), 
  id=421, 196(0.0107788), 224(0.024339), 228(0.291332), 427(0.64019), 
  id=422, 196(0.0107788), 224(0.0243391), 228(0.298073), 427(0.64019), 
  id=423, 224(0.0224738), 228(0.292342), 329(0.0171232), 427(0.632344), 
  id=424, 196(0.0107788), 224(0.024339), 228(0.298073), 427(0.64019), 
  id=425, 196(0.0107788), 224(0.0232486), 228(0.298073), 427(0.64019), 
  id=426, 224(0.0222819), 228(0.287568), 329(0.0323031), 427(0.621854), 
  id=427, 196(0.0107788), 224(0.024339), 228(0.298073), 427(0.63863), 
  id=428, 196(0.0107788), 224(0.024339), 228(0.298073), 427(0.64019), 
  id=429, 196(0.0107788), 224(0.024339), 228(0.298073), 427(0.64019), 
  id=430, 196(0.0107788), 224(0.024339), 228(0.298073), 427(0.639116), 
  id=431, 224(0.0236575), 228(0.296038), 427(0.638931), 
  id=432, 224(0.024339), 228(0.298073), 427(0.64019), 
  id=433, 196(0.0107788), 224(0.024339), 228(0.298073), 427(0.64019), 
  id=434, 196(0.0107788), 224(0.024339), 228(0.298073), 427(0.64019), 
  id=435, 224(0.024339), 228(0.298073), 427(0.64019), 
  id=436, 224(0.024339), 228(0.298073), 427(0.64019), 
  id=437, 224(0.024339), 228(0.298073), 427(0.64019), 
  id=438, 224(0.024339), 228(0.298073), 427(0.64019), 
  id=439, 196(0.0107788), 224(0.024339), 228(0.298073), 427(0.64019), 
