d = 0
  id=0, 40(0.499721), 44(0.500279), 
  id=1, 40(0.499721), 44(0.500279), 
  id=2, 40(0.499721), 44(0.500279), 
  id=3, 40(0.499721), 44(0.500279), 
  id=4, 40(0.499721), 44(0.500279), 
  id=5, 40(0.499721), 44(0.500279), 
  id=6, 40(0.499721), 44(0.500279), 
  id=7, 40(0.499721), 44(0.500279), 
  id=8, 40(0.499721), 44(0.500279), 
  id=9, 40(0.499721), 44(0.500279), 
  id=10, 40(0.499721), 44(0.500279), 
  id=11, 40(0.499721), 44(0.500279), 
  id=12, 40(0.499721), 44(0.500279), 
  id=13, 40(0.499721), 44(0.500279), 
  id=14, 40(0.499721), 44(0.500279), 
  id=15, 40(0.499721), 44(0.500279), 
  id=16, 40(0.499721), 44(0.500279), 
  id=17, 40(0.499721), 44(0.500279), 
  id=18, 40(0.499721), 44(0.500279), 
  id=19, 40(0.499721), 44(0.500279), 
  id=20, 40(0.499721), 44(0.500279), 
  id=21, 40(0.499721), 44(0.500279), 
  id=22, 40(0.499721), 44(0.500279), 
  id=23, 40(0.499721), 44(0.500279), 
  id=24, 40(0.499721), 44(0.500279), 
  id=25, 40(0.499721), 44(0.500279), 
  id=26, 40(0.499721), 44(0.500279), 
  id=27, 40(0.499721), 44(0.500279), 
  id=28, 40(0.499721), 44(0.500279), 
  id=29, 40(0.499721), 44(0.500279), 
  id=30, 40(0.499721), 44(0.500279), 
  id=31, 40(0.499721), 44(0.500279), 
  id=32, 40(0.499721), 44(0.500279), 
  id=33, 40(0.499721), 44(0.500279), 
  id=34, 40(0.499721), 44(0.500279), 
  id=35, 40(0.499721), 44(0.500279), 
  id=36, 40(0.499721), 44(0.500279), 
  id=37, 40(0.499721), 44(0.500279), 
  id=38, 40(0.499721), 44(0.500279), 
  id=39, 40(0.499721), 44(0.500279), 
  id=40, 40(0.499721), 44(0.500279), 
  id=41, 40(0.499721), 44(0.500279), 
  id=42, 40(0.499721), 44(0.500279), 
  id=43, 40(0.499721), 44(0.500279), 
  id=44, 40(0.499721), 44(0.500279), 
  id=45, 40(0.499721), 44(0.500279), 
  id=46, 40(0.499721), 44(0.500279), 
  id=47, 40(0.499721), 44(0.500279), 
  id=48, 40(0.499721), 44(0.500279), 
  id=49, 40(0.499721), 44(0.500279), 
  id=50, 40(0.499721), 44(0.500279), 
  id=51, 40(0.499721), 44(0.500279), 
  id=52, 40(0.499721), 44(0.500273), 
  id=53, 40(0.499721), 44(0.500279), 
  id=54, 40(0.499721), 44(0.500279), 
  id=55, 40(0.499721), 44(0.500279), 
  id=56, 40(0.499721), 44(0.500279), 
  id=57, 40(0.499721), 44(0.500279), 
  id=58, 40(0.499721), 44(0.500279), 
  id=59, 40(0.499721), 44(0.500279), 
  id=60, 40(0.499721), 44(0.500279), 
  id=61, 40(0.499721), 44(0.500279), 
  id=62, 40(0.499721), 44(0.500279), 
  id=63, 40(0.499721), 44(0.500273), 
  id=64, 40(0.499721), 44(0.500279), 
  id=65, 40(0.499721), 44(0.500279), 
  id=66, 40(0.499721), 44(0.500279), 
  id=67, 40(0.499721), 44(0.500279), 
  id=68, 40(0.499716), 44(0.500279), 
  id=69, 40(0.499721), 44(0.500279), 
  id=70, 40(0.499721), 44(0.500279), 
  id=71, 40(0.499721), 44(0.500279), 
  id=72, 40(0.499721), 44(0.500279), 
  id=73, 40(0.499721), 44(0.500279), 
  id=74, 40(0.499721), 44(0.500279), 
  id=75, 40(0.499716), 44(0.500279), 
  id=76, 40(0.499721), 44(0.500279), 
  id=77, 40(0.499721), 44(0.500279), 
  id=78, 40(0.499721), 44(0.500273), 
  id=79, 40(0.499713), 44(0.500279), 
  id=80, 40(0.499721), 44(0.500279), 
  id=81, 40(0.499721), 44(0.500279), 
  id=82, 242(0.50027), 250(0.499721), 
  id=83, 242(0.500269), 250(0.499721), 
  id=84, 242(0.500204), 250(0.499721), 
  id=85, 44(0.500262), 250(0.499721), 
  id=86, 242(0.500273), 250(0.499721), 
  id=87, 242(0.500273), 250(0.499721), 
  id=88, 242(0.500273), 250(0.499721), 
  id=89, 242(0.500273), 250(0.499721), 
  id=90, 242(0.500273), 250(0.499721), 
  id=91, 242(0.500273), 250(0.499721), 
  id=92, 242(0.500273), 250(0.499721), 
  id=93, 242(0.500273), 250(0.499721), 
  id=94, 242(0.500273), 250(0.499721), 
  id=95, 242(0.500273), 250(0.499721), 
  id=96, 242(0.500273), 250(0.499721), 
  id=97, 242(0.500273), 250(0.499721), 
  id=98, 242(0.500273), 250(0.499721), 
  id=99, 242(0.500273), 250(0.499721), 
  id=100, 242(0.500273), 250(0.499721), 
  id=101, 242(0.500273), 250(0.499721), 
  id=102, 242(0.500273), 250(0.499721), 
  id=103, 242(0.500273), 250(0.499721), 
  id=104, 242(0.500273), 250(0.499721), 
d = 1
  id=105, 40(0.499721), 44(0.500279), 
  id=106, 40(0.499721), 44(0.500279), 
  id=107, 40(0.499721), 44(0.500279), 
  id=108, 40(0.499721), 44(0.500279), 
  id=109, 40(0.499721), 44(0.500279), 
  id=110, 137(0.500279), 391(0.499721), 
  id=111, 40(0.499721), 44(0.500279), 
  id=112, 40(0.499721), 137(0.500208), 
  id=113, 137(0.500279), 391(0.499721), 
  id=114, 40(0.499721), 44(0.500279), 
  id=115, 40(0.499721), 44(0.500279), 
  id=116, 40(0.499721), 44(0.500279), 
  id=117, 40(0.499721), 44(0.500279), 
  id=118, 40(0.499721), 44(0.500279), 
  id=119, 40(0.499721), 137(0.500279), 
  id=120, 40(0.499721), 44(0.500279), 
  id=121, 137(0.500279), 391(0.499721), 
  id=122, 40(0.485836), 137(0.500279), 391(0.0138846), 
  id=123, 40(0.499721), 44(0.500279), 
  id=124, 40(0.499721), 137(0.500279), 
  id=125, 137(0.500279), 391(0.499721), 
  id=126, 40(0.499721), 44(0.500272), 
  id=127, 40(0.499721), 391(0.499721), 
  id=128, 40(0.499721), 137(0.500279), 
  id=129, 40(0.499721), 44(0.500279), 
  id=130, 137(0.500279), 391(0.499717), 
  id=131, 40(0.499721), 44(0.500279), 
  id=132, 137(0.500279), 391(0.499721), 
  id=133, 40(0.499721), 137(0.500245), 
  id=134, 40(0.499721), 44(0.500279), 
  id=135, 137(0.500279), 391(0.499721), 
  id=136, 137(0.500279), 391(0.499721), 
  id=137, 137(0.500279), 391(0.499721), 
  id=138, 137(0.500279), 391(0.499721), 
  id=139, 137(0.500279), 391(0.499721), 
  id=140, 40(0.499721), 137(0.500279), 
  id=141, 40(0.499721), 44(0.500279), 
  id=142, 40(0.499721), 137(0.500279), 
  id=143, 137(0.500279), 391(0.499721), 
  id=144, 137(0.500279), 391(0.499721), 
  id=145, 137(0.500279), 391(0.499721), 
  id=146, 137(0.500279), 391(0.499721), 
  id=147, 40(0.499721), 44(0.500279), 
  id=148, 137(0.500279), 391(0.499721), 
  id=149, 40(0.499721), 44(0.500279), 
  id=150, 137(0.500279), 391(0.499721), 
  id=151, 40(0.499721), 44(0.500279), 
  id=152, 137(0.500279), 391(0.499719), 
  id=153, 137(0.500279), 391(0.499721), 
  id=154, 40(0.499721), 44(0.500279), 
  id=155, 40(0.499721), 44(0.500221), 
  id=156, 137(0.500279), 391(0.499721), 
  id=157, 40(0.499721), 391(0.499721), 
  id=158, 40(0.499721), 44(0.500279), 
  id=159, 137(0.500279), 391(0.499717), 
  id=160, 137(0.500279), 391(0.499721), 
  id=161, 40(0.49969), 44(0.500279), 
  id=162, 137(0.500279), 391(0.499721), 
  id=163, 242(0.500217), 391(0.499721), 
  id=164, 137(0.500279), 391(0.499721), 
  id=165, 40(0.499721), 391(0.499721), 
  id=166, 242(0.500279), 391(0.499721), 
  id=167, 40(0.499721), 44(0.500279), 
  id=168, 242(0.500279), 391(0.499721), 
  id=169, 242(0.500279), 391(0.499721), 
  id=170, 137(0.500279), 391(0.499721), 
  id=171, 40(0.499721), 44(0.500279), 
  id=172, 40(0.499721), 391(0.499721), 
  id=173, 137(0.500261), 391(0.499721), 
  id=174, 137(0.500279), 391(0.499721), 
  id=175, 242(0.500265), 391(0.499721), 
  id=176, 242(0.500279), 391(0.499721), 
  id=177, 250(0.499721), 391(0.499721), 
  id=178, 250(0.499721), 391(0.499721), 
  id=179, 40(0.499721), 44(0.500279), 
  id=180, 242(0.500133), 391(0.499721), 
  id=181, 242(0.500249), 391(0.499721), 
  id=182, 250(0.499721), 391(0.499721), 
  id=183, 250(0.499721), 391(0.499721), 
  id=184, 40(0.499693), 44(0.500279), 
  id=185, 242(0.500279), 391(0.499721), 
  id=186, 242(0.500254), 391(0.499721), 
  id=187, 242(0.500279), 391(0.499721), 
  id=188, 242(0.500256), 391(0.499721), 
  id=189, 242(0.500266), 391(0.499721), 
  id=190, 242(0.500221), 391(0.499721), 
  id=191, 250(0.499721), 391(0.499721), 
  id=192, 242(0.500274), 391(0.499721), 
  id=193, 250(0.499721), 391(0.499721), 
  id=194, 242(0.500279), 391(0.499721), 
  id=195, 242(0.500238), 391(0.499721), 
  id=196, 242(0.500263), 391(0.499721), 
  id=197, 242(0.500279), 391(0.499721), 
  id=198, 250(0.499721), 391(0.499721), 
  id=199, 242(0.50027), 391(0.499721), 
  id=200, 242(0.500279), 250(0.499721), 
  id=201, 242(0.500279), 250(0.499721), 
  id=202, 242(0.500279), 391(0.499706), 
  id=203, 242(0.500279), 250(0.499712), 
  id=204, 242(0.500279), 391(0.499721), 
  id=205, 242(0.500279), 391(0.499708), 
  id=206, 242(0.500279), 391(0.499721), 
  id=207, 242(0.50027), 250(0.499721), 
  id=208, 242(0.500279), 250(0.499676), 
  id=209, 242(0.500279), 391(0.499721), 
  id=210, 242(0.500277), 250(0.499721), 
  id=211, 242(0.500279), 250(0.499721), 
  id=212, 242(0.500279), 391(0.499704), 
  id=213, 242(0.500279), 250(0.499721), 
  id=214, 242(0.500279), 391(0.499721), 
  id=215, 242(0.500279), 250(0.499721), 
  id=216, 242(0.500279), 391(0.499721), 
  id=217, 242(0.500279), 250(0.499691), 
  id=218, 242(0.500279), 250(0.499721), 
  id=219, 242(0.500279), 391(0.49966), 
  id=220, 242(0.500279), 250(0.49971), 
  id=221, 242(0.500279), 250(0.499721), 
  id=222, 242(0.500279), 250(0.499721), 
  id=223, 242(0.500279), 250(0.499721), 
  id=224, 242(0.500279), 250(0.499677), 
  id=225, 242(0.500279), 250(0.499698), 
  id=226, 242(0.500279), 250(0.499721), 
  id=227, 242(0.500279), 250(0.499721), 
  id=228, 242(0.500279), 250(0.499721), 
  id=229, 242(0.500279), 250(0.499721), 
  id=230, 242(0.500279), 250(0.49971), 
  id=231, 242(0.500279), 250(0.499721), 
  id=232, 242(0.500279), 250(0.499721), 
  id=233, 242(0.500279), 250(0.499721), 
  id=234, 242(0.500269), 250(0.499721), 
  id=235, 242(0.500279), 250(0.499721), 
  id=236, 242(0.500279), 250(0.499721), 
  id=237, 242(0.500279), 250(0.499721), 
  id=238, 242(0.500279), 250(0.499721), 
  id=239, 242(0.500279), 250(0.499721), 
  id=240, 242(0.500279), 250(0.499721), 
  id=241, 242(0.500279), 250(0.499721), 
  id=242, 242(0.500279), 250(0.499721), 
  id=243, 242(0.500279), 250(0.499721), 
  id=244, 242(0.500279), 250(0.499721), 
  id=245, 242(0.500279), 250(0.499721), 
  id=246, 242(0.500279), 250(0.499721), 
  id=247, 242(0.500279), 250(0.499721), 
  id=248, 242(0.500279), 250(0.499721), 
  id=249, 242(0.500279), 250(0.499721), 
  id=250, 242(0.500279), 250(0.499721), 
  id=251, 242(0.500279), 250(0.499721), 
  id=252, 242(0.500279), 250(0.499721), 
  id=253, 242(0.500279), 250(0.499721), 
  id=254, 242(0.500279), 250(0.499721), 
  id=255, 242(0.500279), 250(0.499721), 
  id=256, 242(0.500279), 250(0.499721), 
  id=257, 242(0.500279), 250(0.499721), 
  id=258, 242(0.500279), 250(0.499721), 
  id=259, 242(0.500279), 250(0.499721), 
  id=260, 242(0.500279), 250(0.499721), 
  id=261, 242(0.500279), 250(0.499721), 
  id=262, 242(0.500279), 250(0.499721), 
  id=263, 242(0.500279), 250(0.499721), 
  id=264, 242(0.500279), 250(0.499721), 
  id=265, 242(0.500279), 250(0.499721), 
  id=266, 242(0.500279), 250(0.499721), 
  id=267, 242(0.500279), 250(0.499721), 
  id=268, 242(0.500279), 250(0.499721), 
  id=269, 242(0.500279), 250(0.499721), 
  id=270, 242(0.500279), 250(0.499721), 
  id=271, 242(0.500279), 250(0.499721), 
  id=272, 242(0.500279), 250(0.499721), 
  id=273, 242(0.500279), 250(0.499721), 
  id=274, 242(0.500279), 250(0.499721), 
  id=275, 242(0.500279), 250(0.499721), 
  id=276, 242(0.500279), 250(0.499721), 
  id=277, 242(0.500279), 250(0.499721), 
  id=278, 242(0.500279), 250(0.499721), 
  id=279, 242(0.500279), 250(0.499721), 
  id=280, 242(0.500279), 250(0.499721), 
  id=281, 242(0.500279), 250(0.499721), 
  id=282, 242(0.500279), 250(0.499721), 
  id=283, 242(0.500279), 250(0.499721), 
  id=284, 242(0.500279), 250(0.499721), 
  id=285, 242(0.500279), 250(0.499721), 
  id=286, 242(0.500279), 250(0.499721), 
  id=287, 242(0.500279), 250(0.499721), 
  id=288, 242(0.500279), 250(0.499721), 
  id=289, 242(0.500279), 250(0.499721), 
  id=290, 242(0.500279), 250(0.499721), 
  id=291, 242(0.500279), 250(0.499721), 
  id=292, 242(0.500279), 250(0.499721), 
  id=293, 242(0.500279), 250(0.499721), 
  id=294, 242(0.500279), 250(0.499721), 
  id=295, 242(0.500279), 250(0.499721), 
  id=296, 242(0.500279), 250(0.499721), 
  id=297, 242(0.500279), 250(0.499721), 
  id=298, 242(0.500279), 250(0.499721), 
  id=299, 242(0.500279), 250(0.499721), 
  id=300, 242(0.500279), 250(0.499721), 
  id=301, 242(0.500279), 250(0.499721), 
  id=302, 242(0.500279), 250(0.499721), 
  id=303, 242(0.500279), 250(0.499721), 
  id=304, 242(0.500279), 250(0.499721), 
  id=305, 242(0.500279), 250(0.499721), 
  id=306, 242(0.500279), 250(0.499721), 
  id=307, 242(0.500279), 250(0.499721), 
  id=308, 242(0.500279), 250(0.499721), 
  id=309, 242(0.500279), 250(0.499721), 
  id=310, 242(0.500279), 250(0.499721), 
  id=311, 242(0.500279), 250(0.499721), 
  id=312, 242(0.500279), 250(0.499721), 
  id=313, 242(0.500279), 250(0.499721), 
  id=314, 242(0.500279), 250(0.499721), 
  id=315, 242(0.500279), 250(0.499721), 
d = 2
  id=316, 40(0.499721), 44(0.500279), 
  id=317, 40(0.499721), 44(0.500279), 
  id=318, 40(0.499721), 44(0.500279), 
  id=319, 40(0.499721), 44(0.500279), 
  id=320, 40(0.499721), 391(0.499713), 
  id=321, 40(0.499721), 44(0.500279), 
  id=322, 40(0.499721), 44(0.500279), 
  id=323, 40(0.499721), 44(0.500279), 
  id=324, 40(0.499721), 44(0.500279), 
  id=325, 40(0.499721), 44(0.500279), 
  id=326, 40(0.499721), 44(0.500275), 
  id=327, 40(0.499721), 391(0.499713), 
  id=328, 40(0.499721), 44(0.500279), 
  id=329, 40(0.499721), 44(0.500279), 
  id=330, 40(0.499721), 44(0.500279), 
  id=331, 40(0.499721), 391(0.499713), 
  id=332, 242(0.500279), 391(0.499713), 
  id=333, 242(0.500279), 391(0.499713), 
  id=334, 242(0.500262), 391(0.499713), 
  id=335, 242(0.500266), 391(0.499713), 
  id=336, 242(0.500277), 391(0.499713), 
  id=337, 242(0.500279), 391(0.499713), 
  id=338, 242(0.50027), 391(0.499713), 
  id=339, 242(0.500275), 391(0.499713), 
  id=340, 250(0.499721), 391(0.499713), 
  id=341, 242(0.500279), 391(0.499713), 
  id=342, 242(0.500269), 250(0.499721), 
  id=343, 242(0.500253), 250(0.499721), 
  id=344, 242(0.500279), 391(0.499677), 
  id=345, 242(0.500269), 391(0.499713), 
  id=346, 242(0.500263), 250(0.499721), 
  id=347, 242(0.500279), 391(0.499545), 
  id=348, 242(0.500279), 250(0.499721), 
  id=349, 242(0.500279), 250(0.499721), 
  id=350, 242(0.500266), 250(0.499721), 
  id=351, 242(0.500279), 250(0.499721), 
  id=352, 242(0.500272), 250(0.499721), 
  id=353, 242(0.500279), 250(0.499721), 
  id=354, 242(0.500279), 250(0.499721), 
  id=355, 242(0.500279), 250(0.499721), 
  id=356, 242(0.500279), 250(0.499721), 
  id=357, 242(0.500279), 250(0.499721), 
  id=358, 242(0.500279), 250(0.499721), 
  id=359, 242(0.500279), 250(0.499721), 
  id=360, 242(0.500279), 250(0.499721), 
  id=361, 242(0.500279), 250(0.499721), 
  id=362, 242(0.500279), 250(0.499721), 
  id=363, 242(0.500279), 250(0.499721), 
  id=364, 242(0.500279), 250(0.499721), 
  id=365, 242(0.500279), 250(0.499721), 
  id=366, 242(0.500279), 250(0.499721), 
  id=367, 242(0.500279), 250(0.499721), 
  id=368, 242(0.500279), 250(0.499721), 
  id=369, 242(0.500279), 250(0.499721), 
  id=370, 242(0.500279), 250(0.499721), 
  id=371, 242(0.500279), 250(0.499721), 
  id=372, 242(0.500279), 250(0.499721), 
  id=373, 242(0.500279), 250(0.499721), 
  id=374, 242(0.500279), 250(0.499721), 
d = 3
  id=375, 40(0.499721), 44(0.500279), 
  id=376, 40(0.499721), 44(0.500279), 
  id=377, 40(0.499721), 44(0.500279), 
  id=378, 40(0.499721), 44(0.500279), 
  id=379, 40(0.499721), 44(0.500279), 
  id=380, 40(0.499721), 44(0.500279), 
  id=381, 40(0.499721), 44(0.500279), 
  id=382, 40(0.499721), 44(0.500279), 
  id=383, 40(0.499721), 44(0.500279), 
  id=384, 40(0.499721), 44(0.500279), 
  id=385, 40(0.499721), 44(0.500279), 
  id=386, 40(0.499721), 44(0.500279), 
  id=387, 40(0.499721), 44(0.500279), 
  id=388, 40(0.499721), 44(0.500279), 
  id=389, 40(0.499721), 44(0.500279), 
  id=390, 40(0.499721), 44(0.500279), 
  id=391, 40(0.499721), 44(0.500279), 
  id=392, 40(0.499721), 44(0.500279), 
d = 4
  id=393, 40(0.499721), 44(0.500279), 
  id=394, 40(0.499721), 44(0.500279), 
  id=395, 40(0.499721), 44(0.500279), 
  id=396, 40(0.499721), 44(0.500279), 
  id=397, 40(0.499721), 44(0.500279), 
  id=398, 40(0.499721), 44(0.500279), 
  id=399, 40(0.499721), 44(0.500279), 
  id=400, 40(0.499721), 44(0.500279), 
  id=401, 40(0.499721), 44(0.500279), 
  id=402, 40(0.499721), 44(0.500279), 
  id=403, 40(0.499721), 44(0.500279), 
  id=404, 40(0.499721), 44(0.500279), 
  id=405, 40(0.499721), 44(0.500279), 
  id=406, 40(0.499721), 44(0.500279), 
  id=407, 40(0.499721), 44(0.500279), 
  id=408, 44(0.50026), 250(0.499721), 
  id=409, 242(0.500279), 250(0.499721), 
  id=410, 242(0.500279), 250(0.499721), 
  id=411, 242(0.500279), 250(0.499721), 
d = 5
  id=412, 137(0.500279), 391(0.499721), 
  id=413, 137(0.500279), 391(0.499718), 
  id=414, 137(0.500276), 391(0.499721), 
  id=415, 137(0.500279), 391(0.499721), 
  id=416, 137(0.500279), 391(0.499717), 
  id=417, 137(0.500279), 391(0.499718), 
  id=418, 137(0.500279), 391(0.499721), 
  id=419, 137(0.500279), 391(0.499721), 
  id=420, 242(0.500267), 391(0.499721), 
  id=421, 242(0.499975), 391(0.499721), 
  id=422, 242(0.500271), 391(0.499721), 
  id=423, 242(0.500263), 250(0.499721), 
  id=424, 242(0.500196), 250(0.499721), 
  id=425, 242(0.500228), 391(0.499721), 
  id=426, 242(0.500274), 250(0.499721), 
  id=427, 242(0.500274), 250(0.499643), 
  id=428, 242(0.500274), 250(0.499696), 
  id=429, 242(0.500274), 250(0.499712), 
  id=430, 242(0.500274), 250(0.499721), 
  id=431, 242(0.500274), 250(0.499721), 
  id=432, 242(0.500274), 250(0.499721), 
  id=433, 242(0.500274), 250(0.499721), 
  id=434, 242(0.500274), 250(0.499721), 
  id=435, 242(0.500274), 250(0.499721), 
  id=436, 242(0.500274), 250(0.499721), 
  id=437, 242(0.500274), 250(0.49972), 
  id=438, 242(0.500273), 250(0.49972), 
  id=439, 242(0.500274), 250(0.499721), 
