d = 0
  id=0, 329(1), 
  id=1, 329(1), 
  id=2, 329(1), 
  id=3, 329(1), 
  id=4, 329(1), 
  id=5, 329(1), 
  id=6, 329(1), 
  id=7, 329(1), 
  id=8, 329(1), 
  id=9, 329(1), 
  id=10, 329(1), 
  id=11, 329(1), 
  id=12, 329(1), 
  id=13, 329(1), 
  id=14, 329(1), 
  id=15, 329(1), 
  id=16, 329(1), 
  id=17, 329(1), 
  id=18, 329(1), 
  id=19, 329(1), 
  id=20, 329(1), 
  id=21, 329(1), 
  id=22, 329(1), 
  id=23, 329(1), 
  id=24, 329(1), 
  id=25, 329(1), 
  id=26, 329(1), 
  id=27, 329(1), 
  id=28, 329(1), 
  id=29, 329(1), 
  id=30, 329(1), 
  id=31, 329(1), 
  id=32, 329(1), 
  id=33, 329(1), 
  id=34, 329(1), 
  id=35, 329(1), 
  id=36, 329(1), 
  id=37, 329(1), 
  id=38, 329(1), 
  id=39, 329(1), 
  id=40, 329(1), 
  id=41, 329(1), 
  id=42, 329(1), 
  id=43, 329(1), 
  id=44, 329(1), 
  id=45, 329(1), 
  id=46, 329(1), 
  id=47, 329(1), 
  id=48, 329(1), 
  id=49, 329(1), 
  id=50, 329(1), 
  id=51, 329(1), 
  id=52, 329(1), 
  id=53, 329(1), 
  id=54, 329(1), 
  id=55, 329(1), 
  id=56, 329(1), 
  id=57, 329(1), 
  id=58, 329(1), 
  id=59, 329(1), 
  id=60, 329(1), 
  id=61, 329(1), 
  id=62, 329(1), 
  id=63, 329(1), 
  id=64, 329(1), 
  id=65, 329(1), 
  id=66, 329(1), 
  id=67, 329(1), 
  id=68, 329(1), 
  id=69, 329(1), 
  id=70, 329(1), 
  id=71, 329(1), 
  id=72, 329(1), 
  id=73, 329(1), 
  id=74, 329(1), 
  id=75, 329(1), 
  id=76, 329(1), 
  id=77, 329(1), 
  id=78, 329(1), 
  id=79, 329(1), 
  id=80, 329(1), 
  id=81, 329(1), 
  id=82, 329(1), 
  id=83, 329(1), 
  id=84, 329(1), 
  id=85, 329(1), 
  id=86, 329(1), 
  id=87, 329(1), 
  id=88, 329(1), 
  id=89, 329(1), 
  id=90, 329(1), 
  id=91, 329(1), 
  id=92, 329(1), 
  id=93, 329(1), 
  id=94, 329(1), 
  id=95, 329(1), 
  id=96, 329(1), 
  id=97, 329(1), 
  id=98, 329(1), 
  id=99, 329(1), 
  id=100, 329(1), 
  id=101, 329(1), 
  id=102, 329(1), 
  id=103, 329(1), 
  id=104, 329(1), 
d = 1
  id=105, 329(1), 
  id=106, 329(1), 
  id=107, 329(1), 
  id=108, 329(1), 
  id=109, 329(1), 
  id=110, 329(1), 
  id=111, 329(1), 
  id=112, 329(1), 
  id=113, 181(0.0195911), 329(0.980409), 
  id=114, 329(1), 
  id=115, 329(1), 
  id=116, 329(1), 
  id=117, 329(1), 
  id=118, 329(1), 
  id=119, 329(1), 
  id=120, 329(1), 
  id=121, 329(1), 
  id=122, 329(1), 
  id=123, 329(1), 
  id=124, 329(1), 
  id=125, 181(0.0195911), 232(0.0784772), 234(0.891964), 
  id=126, 329(1), 
  id=127, 329(1), 
  id=128, 329(1), 
  id=129, 329(1), 
  id=130, 329(1), 
  id=131, 329(1), 
  id=132, 181(0.0195911), 329(0.970441), 
  id=133, 329(1), 
  id=134, 329(1), 
  id=135, 329(1), 
  id=136, 181(0.0195911), 329(0.980409), 
  id=137, 181(0.0195911), 329(0.980409), 
  id=138, 181(0.0195911), 232(0.0959864), 234(0.874611), 
  id=139, 329(1), 
  id=140, 329(1), 
  id=141, 329(1), 
  id=142, 329(1), 
  id=143, 181(0.0195911), 232(0.0979165), 234(0.872524), 
  id=144, 329(1), 
  id=145, 181(0.0195911), 329(0.980409), 
  id=146, 181(0.0195911), 232(0.0979165), 234(0.872524), 
  id=147, 329(1), 
  id=148, 181(0.0195911), 232(0.0784772), 234(0.891964), 
  id=149, 329(1), 
  id=150, 181(0.0195911), 232(0.0784772), 234(0.891964), 
  id=151, 329(1), 
  id=152, 329(1), 
  id=153, 181(0.0195911), 329(0.980409), 
  id=154, 329(1), 
  id=155, 329(1), 
  id=156, 181(0.0195911), 232(0.0784772), 234(0.891964), 
  id=157, 181(0.0195911), 329(0.980409), 
  id=158, 181(0.0195911), 329(0.980409), 
  id=159, 181(0.0195911), 329(0.980409), 
  id=160, 329(1), 
  id=161, 329(1), 
  id=162, 181(0.0195911), 329(0.980409), 
  id=163, 181(0.0195911), 232(0.0979165), 234(0.872524), 
  id=164, 181(0.0195911), 329(0.980409), 
  id=165, 181(0.0195911), 329(0.980409), 
  id=166, 181(0.0195911), 232(0.0979165), 234(0.872524), 
  id=167, 329(1), 
  id=168, 232(0.0979165), 234(0.891964), 
  id=169, 181(0.0195911), 232(0.0979165), 234(0.872524), 
  id=170, 329(1), 
  id=171, 329(1), 
  id=172, 329(1), 
  id=173, 232(0.0979165), 234(0.891964), 
  id=174, 181(0.0195911), 232(0.0979165), 234(0.872524), 
  id=175, 181(0.0195911), 232(0.0979165), 234(0.872524), 
  id=176, 232(0.0979165), 234(0.891964), 
  id=177, 181(0.0195911), 329(0.980409), 
  id=178, 181(0.0195911), 329(0.980409), 
  id=179, 329(1), 
  id=180, 181(0.0195911), 232(0.0784772), 234(0.891964), 
  id=181, 181(0.0195911), 232(0.0979165), 234(0.872524), 
  id=182, 181(0.0195911), 232(0.0784772), 234(0.891964), 
  id=183, 181(0.0195911), 329(0.980409), 
  id=184, 181(0.0195911), 329(0.980409), 
  id=185, 181(0.0195911), 232(0.0784772), 234(0.891964), 
  id=186, 181(0.0195911), 232(0.0784772), 234(0.891964), 
  id=187, 232(0.0979166), 234(0.891964), 
  id=188, 181(0.0195911), 232(0.0979165), 234(0.872524), 
  id=189, 232(0.0979165), 234(0.891964), 
  id=190, 181(0.0195911), 232(0.0979165), 234(0.872524), 
  id=191, 181(0.0195911), 234(0.891964), 329(0.0884451), 
  id=192, 232(0.0979165), 234(0.891964), 
  id=193, 181(0.0195911), 329(0.970441), 
  id=194, 232(0.0979165), 234(0.891964), 
  id=195, 232(0.0979165), 234(0.891964), 
  id=196, 181(0.0100476), 232(0.0979165), 234(0.891964), 
  id=197, 232(0.0979165), 234(0.891964), 
  id=198, 232(0.0979165), 234(0.891964), 
  id=199, 232(0.0979165), 234(0.891964), 
  id=200, 181(0.0195911), 232(0.0979165), 234(0.882492), 
  id=201, 232(0.0979167), 234(0.891964), 
  id=202, 181(0.0195911), 232(0.0884438), 234(0.891964), 
  id=203, 232(0.0979165), 234(0.891964), 
  id=204, 232(0.0979165), 234(0.891964), 
  id=205, 181(0.0100853), 232(0.0979165), 234(0.891964), 
  id=206, 232(0.0979165), 234(0.891964), 
  id=207, 232(0.0979165), 234(0.891964), 
  id=208, 232(0.0979165), 234(0.891964), 
  id=209, 232(0.0979165), 234(0.891964), 
  id=210, 181(0.0195911), 232(0.0979165), 234(0.882481), 
  id=211, 232(0.0979165), 234(0.891964), 
  id=212, 232(0.0979165), 234(0.891964), 
  id=213, 232(0.0978961), 234(0.891936), 
  id=214, 232(0.0979165), 234(0.891964), 
  id=215, 181(0.0195911), 232(0.0979165), 234(0.882477), 
  id=216, 232(0.0979165), 234(0.891964), 
  id=217, 232(0.0979165), 234(0.891964), 
  id=218, 181(0.0195911), 232(0.0884448), 234(0.891964), 
  id=219, 232(0.0979165), 234(0.891964), 
  id=220, 232(0.0979165), 234(0.891964), 
  id=221, 181(0.0195911), 232(0.0784772), 234(0.891964), 
  id=222, 181(0.0195911), 232(0.0979165), 234(0.88249), 
  id=223, 181(0.0195911), 232(0.0979165), 234(0.882384), 
  id=224, 181(0.0100999), 232(0.0979165), 234(0.891964), 
  id=225, 232(0.0979165), 234(0.891964), 
  id=226, 181(0.0101172), 232(0.0979165), 234(0.891964), 
  id=227, 181(0.0195911), 232(0.0884451), 234(0.891964), 
  id=228, 232(0.0979165), 234(0.891964), 
  id=229, 232(0.0979165), 234(0.891964), 
  id=230, 232(0.0979165), 234(0.891964), 
  id=231, 181(0.0195911), 232(0.0979165), 234(0.882234), 
  id=232, 232(0.0979165), 234(0.891964), 
  id=233, 232(0.0979165), 234(0.891964), 
  id=234, 232(0.0979165), 234(0.891964), 
  id=235, 181(0.0195911), 232(0.088445), 234(0.891964), 
  id=236, 181(0.0101176), 232(0.0979165), 234(0.891964), 
  id=237, 232(0.0979165), 234(0.891964), 
  id=238, 232(0.0979165), 234(0.891964), 
  id=239, 232(0.0979165), 234(0.891964), 
  id=240, 232(0.0979165), 234(0.891964), 
  id=241, 232(0.0979165), 234(0.891964), 
  id=242, 232(0.0979165), 234(0.891964), 
  id=243, 232(0.0979165), 234(0.891964), 
  id=244, 232(0.0979165), 234(0.891964), 
  id=245, 232(0.0979165), 234(0.891964), 
  id=246, 232(0.0979165), 234(0.891964), 
  id=247, 232(0.0979165), 234(0.891964), 
  id=248, 232(0.0979165), 234(0.891964), 
  id=249, 232(0.0979165), 234(0.891964), 
  id=250, 232(0.0979165), 234(0.891964), 
  id=251, 232(0.0979165), 234(0.891964), 
  id=252, 232(0.0979165), 234(0.891964), 
  id=253, 232(0.0979165), 234(0.891964), 
  id=254, 232(0.0979165), 234(0.891964), 
  id=255, 232(0.0979165), 234(0.891964), 
  id=256, 232(0.0979165), 234(0.891964), 
  id=257, 232(0.0979165), 234(0.891964), 
  id=258, 232(0.0979165), 234(0.891964), 
  id=259, 232(0.0979165), 234(0.891964), 
  id=260, 232(0.0979165), 234(0.891964), 
  id=261, 232(0.0979165), 234(0.891964), 
  id=262, 232(0.0979165), 234(0.891964), 
  id=263, 232(0.0979165), 234(0.891964), 
  id=264, 232(0.0979165), 234(0.891964), 
  id=265, 232(0.0979165), 234(0.891964), 
  id=266, 232(0.0979165), 234(0.891964), 
  id=267, 232(0.0979165), 234(0.891964), 
  id=268, 232(0.0979165), 234(0.891964), 
  id=269, 232(0.0979165), 234(0.891964), 
  id=270, 232(0.0979165), 234(0.891964), 
  id=271, 232(0.0979165), 234(0.891964), 
  id=272, 232(0.0979165), 234(0.891964), 
  id=273, 232(0.0979166), 234(0.891964), 
  id=274, 232(0.0979165), 234(0.891964), 
  id=275, 232(0.0979165), 234(0.891964), 
  id=276, 232(0.0979165), 234(0.891964), 
  id=277, 232(0.0979165), 234(0.891964), 
  id=278, 232(0.0979165), 234(0.891964), 
  id=279, 232(0.0979165), 234(0.891964), 
  id=280, 232(0.0979165), 234(0.891964), 
  id=281, 232(0.0979165), 234(0.891964), 
  id=282, 232(0.0979165), 234(0.891964), 
  id=283, 232(0.0979165), 234(0.891964), 
  id=284, 232(0.0979165), 234(0.891964), 
  id=285, 232(0.0979165), 234(0.891964), 
  id=286, 232(0.0979165), 234(0.891964), 
  id=287, 232(0.0979165), 234(0.891964), 
  id=288, 232(0.0979165), 234(0.891964), 
  id=289, 232(0.0979165), 234(0.891964), 
  id=290, 232(0.0979165), 234(0.891964), 
  id=291, 232(0.0979165), 234(0.891964), 
  id=292, 232(0.0979165), 234(0.891964), 
  id=293, 232(0.0979165), 234(0.891964), 
  id=294, 232(0.0979165), 234(0.891964), 
  id=295, 232(0.0979165), 234(0.891964), 
  id=296, 232(0.0979165), 234(0.891964), 
  id=297, 232(0.0979165), 234(0.891964), 
  id=298, 232(0.0979165), 234(0.891964), 
  id=299, 232(0.0979165), 234(0.891964), 
  id=300, 232(0.0979165), 234(0.891964), 
  id=301, 232(0.0979165), 234(0.891964), 
  id=302, 232(0.0979165), 234(0.891964), 
  id=303, 232(0.0979165), 234(0.891964), 
  id=304, 232(0.0979165), 234(0.891964), 
  id=305, 232(0.0979165), 234(0.891964), 
  id=306, 232(0.0979165), 234(0.891964), 
  id=307, 232(0.0979165), 234(0.891964), 
  id=308, 232(0.0979165), 234(0.891964), 
  id=309, 232(0.0979165), 234(0.891964), 
  id=310, 232(0.0979165), 234(0.891964), 
  id=311, 232(0.0979165), 234(0.891964), 
  id=312, 232(0.0979165), 234(0.891964), 
  id=313, 232(0.0979165), 234(0.891964), 
  id=314, 232(0.0979165), 234(0.891964), 
  id=315, 232(0.0979165), 234(0.891964), 
d = 2
  id=316, 181(1), 
  id=317, 181(1), 
  id=318, 181(1), 
  id=319, 181(1), 
  id=320, 181(1), 
  id=321, 181(1), 
  id=322, 181(1), 
  id=323, 181(1), 
  id=324, 181(1), 
  id=325, 181(1), 
  id=326, 181(1), 
  id=327, 181(1), 
  id=328, 181(1), 
  id=329, 181(1), 
  id=330, 181(1), 
  id=331, 181(1), 
  id=332, 181(1), 
  id=333, 181(1), 
  id=334, 181(1), 
  id=335, 181(1), 
  id=336, 181(1), 
  id=337, 181(1), 
  id=338, 181(1), 
  id=339, 181(1), 
  id=340, 181(1), 
  id=341, 181(1), 
  id=342, 181(1), 
  id=343, 181(1), 
  id=344, 181(1), 
  id=345, 181(1), 
  id=346, 181(1), 
  id=347, 181(1), 
  id=348, 181(1), 
  id=349, 181(1), 
  id=350, 181(1), 
  id=351, 181(1), 
  id=352, 181(1), 
  id=353, 181(1), 
  id=354, 181(1), 
  id=355, 181(1), 
  id=356, 181(1), 
  id=357, 181(1), 
  id=358, 181(1), 
  id=359, 181(1), 
  id=360, 181(1), 
  id=361, 181(1), 
  id=362, 181(1), 
  id=363, 181(1), 
  id=364, 181(1), 
  id=365, 181(1), 
  id=366, 181(1), 
  id=367, 181(1), 
  id=368, 181(1), 
  id=369, 181(1), 
  id=370, 181(1), 
  id=371, 181(1), 
  id=372, 181(1), 
  id=373, 181(1), 
  id=374, 181(1), 
d = 3
  id=375, 329(1), 
  id=376, 329(1), 
  id=377, 329(1), 
  id=378, 329(1), 
  id=379, 329(1), 
  id=380, 329(1), 
  id=381, 329(1), 
  id=382, 329(1), 
  id=383, 329(1), 
  id=384, 329(1), 
  id=385, 329(1), 
  id=386, 329(1), 
  id=387, 329(1), 
  id=388, 329(1), 
  id=389, 329(1), 
  id=390, 329(1), 
  id=391, 329(1), 
  id=392, 329(1), 
d = 4
  id=393, 329(1), 
  id=394, 329(1), 
  id=395, 329(1), 
  id=396, 329(1), 
  id=397, 329(1), 
  id=398, 329(1), 
  id=399, 329(1), 
  id=400, 329(1), 
  id=401, 329(1), 
  id=402, 329(1), 
  id=403, 329(1), 
  id=404, 329(1), 
  id=405, 329(1), 
  id=406, 329(1), 
  id=407, 329(1), 
  id=408, 329(1), 
  id=409, 329(1), 
  id=410, 329(1), 
  id=411, 329(1), 
d = 5
  id=412, 181(1), 
  id=413, 181(1), 
  id=414, 181(1), 
  id=415, 181(1), 
  id=416, 181(1), 
  id=417, 181(1), 
  id=418, 181(1), 
  id=419, 181(1), 
  id=420, 181(1), 
  id=421, 181(1), 
  id=422, 181(1), 
  id=423, 181(1), 
  id=424, 181(1), 
  id=425, 181(1), 
  id=426, 181(1), 
  id=427, 181(1), 
  id=428, 181(1), 
  id=429, 181(1), 
  id=430, 181(1), 
  id=431, 181(1), 
  id=432, 181(1), 
  id=433, 181(1), 
  id=434, 181(1), 
  id=435, 181(1), 
  id=436, 181(1), 
  id=437, 181(1), 
  id=438, 181(1), 
  id=439, 181(1), 
