d = 0
  id=0, 329(0.986462), 
  id=1, 329(0.986462), 
  id=2, 329(0.986462), 
  id=3, 329(0.986462), 
  id=4, 329(0.986462), 
  id=5, 329(0.986462), 
  id=6, 329(0.986462), 
  id=7, 329(0.986462), 
  id=8, 329(0.986462), 
  id=9, 329(0.986462), 
  id=10, 329(0.986462), 
  id=11, 329(0.986463), 
  id=12, 329(0.986462), 
  id=13, 329(0.986462), 
  id=14, 329(0.986461), 
  id=15, 329(0.986461), 
  id=16, 329(0.986461), 
  id=17, 329(0.986462), 
  id=18, 329(0.986462), 
  id=19, 329(0.986462), 
  id=20, 329(0.986462), 
  id=21, 329(0.986462), 
  id=22, 329(0.986462), 
  id=23, 329(0.986462), 
  id=24, 329(0.986462), 
  id=25, 329(0.986461), 
  id=26, 329(0.986462), 
  id=27, 329(0.986462), 
  id=28, 329(0.986462), 
  id=29, 329(0.986461), 
  id=30, 329(0.986461), 
  id=31, 329(0.986462), 
  id=32, 329(0.986462), 
  id=33, 329(0.986462), 
  id=34, 329(0.986462), 
  id=35, 329(0.986462), 
  id=36, 329(0.986459), 
  id=37, 329(0.986462), 
  id=38, 329(0.986462), 
  id=39, 329(0.986462), 
  id=40, 329(0.986462), 
  id=41, 329(0.986462), 
  id=42, 329(0.986462), 
  id=43, 329(0.986462), 
  id=44, 329(0.986463), 
  id=45, 329(0.986462), 
  id=46, 329(0.986462), 
  id=47, 329(0.986462), 
  id=48, 329(0.986461), 
  id=49, 329(0.986462), 
  id=50, 329(0.986461), 
  id=51, 329(0.986462), 
  id=52, 329(0.986461), 
  id=53, 329(0.986462), 
  id=54, 329(0.986462), 
  id=55, 329(0.986462), 
  id=56, 329(0.986462), 
  id=57, 329(0.986462), 
  id=58, 329(0.986462), 
  id=59, 329(0.986461), 
  id=60, 329(0.986461), 
  id=61, 329(0.986462), 
  id=62, 329(0.986462), 
  id=63, 329(0.986461), 
  id=64, 329(0.986462), 
  id=65, 329(0.986461), 
  id=66, 329(0.986462), 
  id=67, 329(0.986462), 
  id=68, 329(0.986462), 
  id=69, 329(0.986462), 
  id=70, 329(0.986462), 
  id=71, 329(0.986461), 
  id=72, 329(0.986462), 
  id=73, 329(0.986462), 
  id=74, 329(0.986461), 
  id=75, 329(0.986462), 
  id=76, 329(0.986462), 
  id=77, 329(0.986461), 
  id=78, 329(0.986462), 
  id=79, 329(0.986461), 
  id=80, 329(0.986463), 
  id=81, 329(0.986462), 
  id=82, 329(0.986462), 
  id=83, 329(0.986462), 
  id=84, 329(0.986461), 
  id=85, 329(0.986462), 
  id=86, 329(0.986462), 
  id=87, 329(0.986462), 
  id=88, 329(0.986462), 
  id=89, 329(0.986462), 
  id=90, 329(0.986461), 
  id=91, 329(0.986462), 
  id=92, 329(0.986462), 
  id=93, 329(0.986462), 
  id=94, 329(0.986462), 
  id=95, 329(0.986462), 
  id=96, 329(0.986461), 
  id=97, 329(0.986462), 
  id=98, 329(0.986462), 
  id=99, 329(0.986461), 
  id=100, 329(0.986462), 
  id=101, 329(0.986462), 
  id=102, 329(0.986462), 
  id=103, 329(0.986462), 
  id=104, 329(0.986462), 
d = 1
  id=105, 329(0.986462), 
  id=106, 329(0.986462), 
  id=107, 329(0.986462), 
  id=108, 329(0.986462), 
  id=109, 329(0.986462), 
  id=110, 329(0.986462), 
  id=111, 329(0.986462), 
  id=112, 329(0.986462), 
  id=113, 89(0.191851), 329(0.800691), 
  id=114, 329(0.986462), 
  id=115, 329(0.986462), 
  id=116, 329(0.986462), 
  id=117, 329(0.986461), 
  id=118, 329(0.986462), 
  id=119, 329(0.986462), 
  id=120, 329(0.986462), 
  id=121, 196(0.0134122), 329(0.986462), 
  id=122, 329(0.986462), 
  id=123, 329(0.986461), 
  id=124, 329(0.986462), 
  id=125, 89(0.191851), 196(0.710931), 199(0.0709661), 207(0.0114446), 427(0.0146798), 
  id=126, 329(0.986462), 
  id=127, 329(0.986455), 
  id=128, 329(0.986462), 
  id=129, 329(0.986462), 
  id=130, 329(0.986462), 
  id=131, 329(0.986462), 
  id=132, 89(0.191851), 196(0.710931), 199(0.070966), 427(0.0146798), 
  id=133, 329(0.986462), 
  id=134, 329(0.986462), 
  id=135, 196(0.710931), 207(0.01157), 329(0.277373), 
  id=136, 196(0.0134116), 329(0.986462), 
  id=137, 196(0.710931), 199(0.070966), 207(0.0115699), 329(0.191725), 427(0.0146799), 
  id=138, 89(0.191851), 196(0.710931), 199(0.0709661), 207(0.0114459), 427(0.0146799), 
  id=139, 329(0.986462), 
  id=140, 329(0.986462), 
  id=141, 329(0.986462), 
  id=142, 329(0.986462), 
  id=143, 89(0.191851), 196(0.710931), 199(0.070966), 207(0.0114436), 427(0.0146799), 
  id=144, 329(0.986462), 
  id=145, 196(0.710931), 207(0.01157), 329(0.262693), 427(0.0146798), 
  id=146, 89(0.191851), 196(0.710931), 199(0.070966), 207(0.0114454), 427(0.0146799), 
  id=147, 329(0.986463), 
  id=148, 89(0.191851), 196(0.710931), 199(0.070966), 207(0.0114438), 427(0.0146799), 
  id=149, 329(0.986462), 
  id=150, 89(0.191851), 196(0.710931), 199(0.0709661), 207(0.0114457), 427(0.0146799), 
  id=151, 329(0.986435), 
  id=152, 329(0.986462), 
  id=153, 329(0.979087), 427(0.0146799), 
  id=154, 329(0.986462), 
  id=155, 329(0.986462), 
  id=156, 89(0.191851), 196(0.710931), 199(0.070966), 207(0.0114445), 427(0.0146798), 
  id=157, 329(0.986462), 
  id=158, 329(0.986462), 
  id=159, 329(0.979087), 427(0.0146799), 
  id=160, 329(0.986462), 
  id=161, 329(0.986462), 
  id=162, 207(0.01157), 329(0.982196), 
  id=163, 89(0.191851), 196(0.710931), 199(0.070966), 207(0.0114465), 427(0.0146798), 
  id=164, 329(0.979088), 427(0.0146799), 
  id=165, 329(0.986462), 
  id=166, 89(0.191851), 196(0.710931), 199(0.070966), 207(0.0114465), 427(0.0146799), 
  id=167, 329(0.986462), 
  id=168, 89(0.191849), 196(0.710929), 199(0.070964), 207(0.011568), 427(0.0146779), 
  id=169, 89(0.191851), 196(0.710931), 199(0.070966), 207(0.0115468), 427(0.0146798), 
  id=170, 329(0.986462), 
  id=171, 329(0.986462), 
  id=172, 207(0.01157), 329(0.98222), 
  id=173, 89(0.191851), 196(0.710931), 199(0.070966), 207(0.0115467), 427(0.0146799), 
  id=174, 89(0.191851), 196(0.710931), 199(0.070966), 207(0.01157), 427(0.0145565), 
  id=175, 89(0.191851), 196(0.710931), 199(0.070966), 207(0.0115472), 427(0.0146799), 
  id=176, 89(0.191851), 196(0.710931), 199(0.070966), 207(0.0115475), 427(0.0146798), 
  id=177, 329(0.986462), 
  id=178, 207(0.0115699), 329(0.986462), 
  id=179, 329(0.986462), 
  id=180, 89(0.191851), 196(0.710931), 199(0.0708422), 207(0.0115699), 427(0.0146798), 
  id=181, 89(0.191851), 196(0.710931), 199(0.0708419), 207(0.01157), 427(0.0146799), 
  id=182, 89(0.191851), 196(0.710931), 199(0.070966), 207(0.01157), 427(0.0145793), 
  id=183, 329(0.986462), 
  id=184, 329(0.986463), 
  id=185, 89(0.191851), 196(0.710931), 199(0.070966), 207(0.0115467), 427(0.0146799), 
  id=186, 89(0.191828), 196(0.710931), 199(0.070966), 207(0.01157), 427(0.0146799), 
  id=187, 89(0.191851), 196(0.710931), 199(0.070966), 207(0.0115471), 427(0.0146799), 
  id=188, 89(0.191851), 196(0.710931), 199(0.0708652), 207(0.01157), 427(0.0146799), 
  id=189, 89(0.191851), 196(0.710931), 199(0.070966), 207(0.01157), 427(0.0145761), 
  id=190, 89(0.191851), 196(0.710931), 199(0.070966), 207(0.0115686), 427(0.0146799), 
  id=191, 89(0.191727), 196(0.710931), 199(0.0709661), 207(0.01157), 427(0.0146799), 
  id=192, 89(0.191851), 196(0.710931), 199(0.070966), 207(0.01157), 427(0.014677), 
  id=193, 89(0.191851), 196(0.710931), 199(0.0709661), 207(0.01157), 329(0.0145806), 
  id=194, 89(0.191851), 196(0.710931), 199(0.0709661), 207(0.01157), 427(0.0146799), 
  id=195, 89(0.191851), 196(0.710931), 199(0.0709661), 207(0.0115699), 427(0.0145802), 
  id=196, 89(0.191829), 196(0.710931), 199(0.070966), 207(0.01157), 427(0.0146799), 
  id=197, 89(0.191851), 196(0.710931), 199(0.070966), 207(0.0115699), 427(0.0146798), 
  id=198, 89(0.191851), 196(0.710908), 199(0.070966), 207(0.01157), 427(0.0146799), 
  id=199, 89(0.191849), 196(0.710931), 199(0.070966), 207(0.01157), 427(0.0146799), 
  id=200, 89(0.191851), 196(0.710931), 207(0.01157), 329(0.0647345), 427(0.0146799), 
  id=201, 89(0.191727), 196(0.710931), 199(0.070966), 207(0.0115699), 427(0.0146798), 
  id=202, 89(0.191828), 196(0.710931), 199(0.0709661), 207(0.01157), 427(0.0146799), 
  id=203, 89(0.191851), 196(0.710931), 199(0.070966), 207(0.0115476), 427(0.0146799), 
  id=204, 89(0.191851), 196(0.710931), 199(0.070966), 207(0.0115689), 427(0.0146799), 
  id=205, 89(0.191851), 196(0.710931), 199(0.0709661), 207(0.01157), 427(0.0146572), 
  id=206, 89(0.191851), 196(0.710931), 199(0.070966), 207(0.0115473), 427(0.0146799), 
  id=207, 89(0.191851), 196(0.710928), 199(0.070966), 207(0.01157), 427(0.0146799), 
  id=208, 89(0.191851), 196(0.710931), 199(0.070966), 207(0.0115659), 427(0.0146799), 
  id=209, 89(0.191851), 196(0.710931), 199(0.070966), 207(0.0115471), 427(0.0146799), 
  id=210, 89(0.191851), 196(0.710807), 199(0.070966), 207(0.0115699), 427(0.0146799), 
  id=211, 89(0.191851), 196(0.710931), 199(0.0708666), 207(0.01157), 427(0.0146798), 
  id=212, 89(0.191851), 196(0.710931), 199(0.070966), 207(0.0115669), 427(0.0146799), 
  id=213, 89(0.185621), 196(0.710931), 199(0.0709661), 207(0.01157), 427(0.0146799), 
  id=214, 89(0.191851), 196(0.710931), 199(0.070966), 207(0.0115683), 427(0.0146799), 
  id=215, 89(0.191851), 196(0.710931), 199(0.070966), 207(0.01157), 427(0.0145778), 
  id=216, 89(0.191851), 196(0.710931), 199(0.070966), 207(0.0115697), 427(0.0146799), 
  id=217, 89(0.191851), 196(0.710931), 199(0.0709661), 207(0.0115701), 427(0.01468), 
  id=218, 89(0.185621), 196(0.710931), 199(0.0709661), 207(0.01157), 427(0.0146799), 
  id=219, 89(0.191851), 196(0.710931), 199(0.0709661), 207(0.0115701), 427(0.01468), 
  id=220, 89(0.191851), 196(0.710931), 199(0.0709661), 207(0.01157), 427(0.0146733), 
  id=221, 89(0.191851), 196(0.71093), 199(0.070966), 207(0.01157), 427(0.0146799), 
  id=222, 89(0.191851), 196(0.710931), 199(0.0709433), 207(0.01157), 427(0.0146799), 
  id=223, 89(0.191851), 196(0.710931), 199(0.0709661), 207(0.0115701), 427(0.01468), 
  id=224, 89(0.191751), 196(0.710931), 199(0.070966), 207(0.01157), 427(0.0146799), 
  id=225, 89(0.191851), 196(0.710931), 199(0.070966), 207(0.0115679), 427(0.0146799), 
  id=226, 89(0.191828), 196(0.710931), 199(0.070966), 207(0.01157), 427(0.0146799), 
  id=227, 89(0.191726), 196(0.710931), 199(0.070966), 207(0.0115699), 427(0.0146798), 
  id=228, 89(0.191829), 196(0.710931), 199(0.070966), 207(0.01157), 427(0.0146799), 
  id=229, 89(0.191829), 196(0.710931), 199(0.070966), 207(0.01157), 427(0.0146799), 
  id=230, 89(0.191851), 196(0.710931), 199(0.0709648), 207(0.01157), 427(0.0146799), 
  id=231, 89(0.191851), 196(0.710931), 199(0.070966), 207(0.0115699), 427(0.0146798), 
  id=232, 89(0.19185), 196(0.710931), 199(0.070966), 207(0.01157), 427(0.0146799), 
  id=233, 89(0.19185), 196(0.71093), 199(0.070965), 207(0.011569), 427(0.0146788), 
  id=234, 89(0.191851), 196(0.710931), 199(0.0709661), 207(0.01157), 427(0.0146799), 
  id=235, 89(0.191828), 196(0.710931), 199(0.070966), 207(0.01157), 427(0.0146799), 
  id=236, 89(0.191851), 196(0.710931), 199(0.0709662), 207(0.0115702), 427(0.0146801), 
  id=237, 89(0.191851), 196(0.710931), 199(0.0709662), 207(0.0115701), 427(0.01468), 
  id=238, 89(0.191851), 196(0.710931), 199(0.0708659), 207(0.0115699), 427(0.0146799), 
  id=239, 89(0.191851), 196(0.710931), 199(0.0709661), 207(0.0115701), 427(0.01468), 
  id=240, 89(0.191851), 196(0.710931), 199(0.0709659), 207(0.01157), 427(0.0146799), 
  id=241, 89(0.191851), 196(0.710931), 199(0.070966), 207(0.0114692), 427(0.0146799), 
  id=242, 89(0.191751), 196(0.710931), 199(0.070966), 207(0.01157), 427(0.0146799), 
  id=243, 89(0.191851), 196(0.710931), 199(0.0709659), 207(0.0115699), 427(0.0146798), 
  id=244, 89(0.191851), 196(0.710908), 199(0.0709661), 207(0.01157), 427(0.0146799), 
  id=245, 89(0.191751), 196(0.710931), 199(0.0709661), 207(0.0115699), 427(0.0146798), 
  id=246, 89(0.191851), 196(0.710931), 199(0.0709661), 207(0.01157), 427(0.0146799), 
  id=247, 89(0.191851), 196(0.710931), 199(0.0709619), 207(0.0115699), 427(0.0146799), 
  id=248, 89(0.191851), 196(0.710831), 199(0.070966), 207(0.0115699), 427(0.0146798), 
  id=249, 89(0.191748), 196(0.710931), 199(0.070966), 207(0.0115699), 427(0.0146798), 
  id=250, 89(0.191851), 196(0.71083), 199(0.070966), 207(0.01157), 427(0.0146799), 
  id=251, 89(0.191851), 196(0.710931), 199(0.0709662), 207(0.0115701), 427(0.01468), 
  id=252, 89(0.191851), 196(0.710931), 199(0.0708418), 207(0.01157), 427(0.0146799), 
  id=253, 89(0.191851), 196(0.710931), 199(0.0709661), 207(0.01157), 427(0.0146799), 
  id=254, 89(0.191851), 196(0.710931), 199(0.070966), 207(0.0115699), 427(0.0146798), 
  id=255, 89(0.191851), 196(0.710931), 199(0.070966), 207(0.01157), 427(0.0146713), 
  id=256, 89(0.191851), 196(0.710931), 199(0.0709662), 207(0.0115701), 427(0.01468), 
  id=257, 89(0.19185), 196(0.71093), 199(0.0709653), 207(0.0115692), 427(0.0146791), 
  id=258, 89(0.191851), 196(0.710931), 199(0.070966), 207(0.01157), 427(0.0146799), 
  id=259, 89(0.191829), 196(0.710931), 199(0.070966), 207(0.01157), 427(0.0146799), 
  id=260, 89(0.191851), 196(0.710931), 199(0.0709662), 207(0.0115701), 427(0.01468), 
  id=261, 89(0.191851), 196(0.710931), 199(0.0709662), 207(0.0115701), 427(0.01468), 
  id=262, 89(0.191851), 196(0.710931), 199(0.0709662), 207(0.0115701), 427(0.01468), 
  id=263, 89(0.191749), 196(0.710931), 199(0.070966), 207(0.0115699), 427(0.0146799), 
  id=264, 89(0.191829), 196(0.710931), 199(0.070966), 207(0.01157), 427(0.0146799), 
  id=265, 89(0.191851), 196(0.710931), 199(0.0709661), 207(0.01157), 427(0.0146799), 
  id=266, 89(0.191851), 196(0.710931), 199(0.0709662), 207(0.0115701), 427(0.01468), 
  id=267, 89(0.191851), 196(0.710931), 199(0.070966), 207(0.0114703), 427(0.0146798), 
  id=268, 89(0.191851), 196(0.710931), 199(0.070966), 207(0.0115699), 427(0.0146798), 
  id=269, 89(0.191851), 196(0.710931), 199(0.0709662), 207(0.0115701), 427(0.01468), 
  id=270, 89(0.191851), 196(0.710931), 199(0.0709662), 207(0.0115701), 427(0.01468), 
  id=271, 89(0.191851), 196(0.710931), 199(0.0709661), 207(0.0115701), 427(0.01468), 
  id=272, 89(0.191851), 196(0.71093), 199(0.070966), 207(0.0115699), 427(0.0146799), 
  id=273, 89(0.191851), 196(0.710931), 199(0.070966), 207(0.01157), 427(0.0146799), 
  id=274, 89(0.191851), 196(0.710931), 199(0.0709659), 207(0.0115698), 427(0.0146797), 
  id=275, 89(0.191851), 196(0.710931), 199(0.0709661), 207(0.01157), 427(0.0146799), 
  id=276, 89(0.191851), 196(0.710931), 199(0.0709662), 207(0.0115701), 427(0.01468), 
  id=277, 89(0.191851), 196(0.710931), 199(0.070966), 207(0.0115699), 427(0.0146798), 
  id=278, 89(0.191851), 196(0.710931), 199(0.0709661), 207(0.01157), 427(0.0146799), 
  id=279, 89(0.191851), 196(0.710931), 199(0.0709662), 207(0.0115701), 427(0.01468), 
  id=280, 89(0.191851), 196(0.710931), 199(0.0709661), 207(0.01157), 427(0.0146799), 
  id=281, 89(0.191851), 196(0.710931), 199(0.0709661), 207(0.01157), 427(0.0146799), 
  id=282, 89(0.191851), 196(0.710931), 199(0.0709661), 207(0.01157), 427(0.0146799), 
  id=283, 89(0.191851), 196(0.710931), 199(0.0709662), 207(0.0115701), 427(0.01468), 
  id=284, 89(0.191851), 196(0.710931), 199(0.0709662), 207(0.0115701), 427(0.01468), 
  id=285, 89(0.191851), 196(0.710931), 199(0.0709661), 207(0.01157), 427(0.0146799), 
  id=286, 89(0.191851), 196(0.710931), 199(0.0709661), 207(0.01157), 427(0.0146799), 
  id=287, 89(0.191851), 196(0.710931), 199(0.070966), 207(0.0115699), 427(0.0146798), 
  id=288, 89(0.191851), 196(0.710931), 199(0.070966), 207(0.0115699), 427(0.0146799), 
  id=289, 89(0.191851), 196(0.710931), 199(0.0709662), 207(0.0115701), 427(0.01468), 
  id=290, 89(0.191851), 196(0.710931), 199(0.0709662), 207(0.0115701), 427(0.01468), 
  id=291, 89(0.191851), 196(0.710931), 199(0.070966), 207(0.0115699), 427(0.0146798), 
  id=292, 89(0.191851), 196(0.710931), 199(0.0709661), 207(0.01157), 427(0.0146799), 
  id=293, 89(0.191851), 196(0.710931), 199(0.0709661), 207(0.01157), 427(0.0146799), 
  id=294, 89(0.191829), 196(0.710931), 199(0.070966), 207(0.01157), 427(0.0146799), 
  id=295, 89(0.191851), 196(0.710931), 199(0.0709662), 207(0.0115701), 427(0.01468), 
  id=296, 89(0.191851), 196(0.710931), 199(0.0709659), 207(0.0115698), 427(0.0146797), 
  id=297, 89(0.191851), 196(0.710931), 199(0.0709659), 207(0.0115698), 427(0.0146797), 
  id=298, 89(0.191851), 196(0.710931), 199(0.0709662), 207(0.0115701), 427(0.01468), 
  id=299, 89(0.191851), 196(0.710931), 199(0.070966), 207(0.0115699), 427(0.0146798), 
  id=300, 89(0.191851), 196(0.710931), 199(0.0709661), 207(0.01157), 427(0.0146799), 
  id=301, 89(0.191851), 196(0.710931), 199(0.0709662), 207(0.0115701), 427(0.01468), 
  id=302, 89(0.191851), 196(0.710931), 199(0.070966), 207(0.01157), 427(0.0146799), 
  id=303, 89(0.191851), 196(0.710931), 199(0.070966), 207(0.0115699), 427(0.0146798), 
  id=304, 89(0.191851), 196(0.710931), 199(0.070966), 207(0.0115699), 427(0.0146798), 
  id=305, 89(0.191851), 196(0.710931), 199(0.0709658), 207(0.0115697), 427(0.0146796), 
  id=306, 89(0.191851), 196(0.710931), 199(0.0709659), 207(0.0115698), 427(0.0146797), 
  id=307, 89(0.191851), 196(0.710931), 199(0.0709662), 207(0.0115701), 427(0.01468), 
  id=308, 89(0.191851), 196(0.710931), 199(0.0709661), 207(0.01157), 427(0.0146799), 
  id=309, 89(0.191851), 196(0.710931), 199(0.0709661), 207(0.0115701), 427(0.01468), 
  id=310, 89(0.191851), 196(0.710931), 199(0.0709662), 207(0.0115701), 427(0.01468), 
  id=311, 89(0.191851), 196(0.710931), 199(0.0709662), 207(0.0115701), 427(0.01468), 
  id=312, 89(0.191851), 196(0.710931), 199(0.0709662), 207(0.0115701), 427(0.01468), 
  id=313, 89(0.191851), 196(0.710931), 199(0.070966), 207(0.0115699), 427(0.0146798), 
  id=314, 89(0.191851), 196(0.710931), 199(0.0709662), 207(0.0115701), 427(0.01468), 
  id=315, 89(0.191851), 196(0.710931), 199(0.0709661), 207(0.01157), 427(0.0146799), 
d = 2
  id=316, 89(0.211781), 165(0.0666568), 180(0.0145653), 196(0.675685), 207(0.01157), 
  id=317, 89(0.209502), 196(0.688582), 199(0.0556489), 207(0.0106843), 427(0.0134135), 
  id=318, 89(0.208745), 196(0.699079), 199(0.066039), 207(0.0107338), 
  id=319, 89(0.211781), 165(0.0666568), 196(0.690248), 207(0.01157), 
  id=320, 89(0.209763), 196(0.700972), 199(0.064928), 207(0.0115699), 
  id=321, 89(0.191099), 165(0.0666568), 196(0.710931), 207(0.01157), 
  id=322, 89(0.208737), 196(0.688358), 199(0.0709661), 207(0.0101561), 
  id=323, 89(0.211781), 165(0.0666568), 180(0.0145653), 196(0.687245), 
  id=324, 89(0.211781), 165(0.0666568), 196(0.69025), 207(0.01157), 
  id=325, 89(0.211781), 165(0.0666568), 180(0.0145653), 196(0.675683), 207(0.01157), 
  id=326, 89(0.211781), 180(0.0145653), 196(0.697659), 199(0.0379647), 207(0.0111302), 427(0.0146799), 
  id=327, 89(0.187947), 165(0.0666568), 196(0.655021), 199(0.0653787), 
  id=328, 89(0.211781), 165(0.0666568), 180(0.0145653), 196(0.675681), 207(0.01157), 
  id=329, 89(0.207256), 196(0.710931), 199(0.0452587), 207(0.0108685), 
  id=330, 89(0.211781), 165(0.0666568), 180(0.0145653), 196(0.604719), 199(0.0709661), 207(0.01157), 
  id=331, 89(0.105569), 165(0.0666568), 180(0.0145653), 196(0.710931), 199(0.070966), 207(0.01157), 
  id=332, 89(0.188857), 180(0.0145653), 196(0.710931), 199(0.070966), 427(0.0146799), 
  id=333, 89(0.211781), 196(0.710931), 199(0.070966), 
  id=334, 89(0.110631), 165(0.0666568), 180(0.0145653), 196(0.710931), 199(0.070966), 207(0.01157), 427(0.0146799), 
  id=335, 89(0.211781), 165(0.0666568), 180(0.0145653), 196(0.609781), 199(0.070966), 207(0.01157), 427(0.0146799), 
  id=336, 89(0.211781), 196(0.710931), 199(0.0709661), 
  id=337, 89(0.211781), 196(0.710931), 199(0.070966), 
  id=338, 89(0.188852), 180(0.0145653), 196(0.710931), 199(0.070966), 427(0.0146798), 
  id=339, 89(0.136763), 165(0.0666568), 196(0.710931), 199(0.070966), 427(0.0146799), 
  id=340, 89(0.110631), 165(0.0666568), 180(0.0145653), 196(0.710931), 199(0.070966), 207(0.01157), 427(0.0146799), 
  id=341, 89(0.211781), 196(0.710931), 199(0.070966), 
  id=342, 89(0.211781), 165(0.0666568), 180(0.0145653), 196(0.667768), 207(0.01157), 427(0.0146798), 
  id=343, 89(0.211781), 196(0.710931), 199(0.0510329), 207(0.01157), 427(0.0146799), 
  id=344, 89(0.203408), 196(0.710931), 199(0.070966), 427(0.0146799), 
  id=345, 89(0.211781), 196(0.710931), 199(0.070966), 
  id=346, 89(0.211781), 165(0.0657184), 196(0.710931), 207(0.01157), 
  id=347, 89(0.203416), 196(0.710931), 199(0.070966), 427(0.0146799), 
  id=348, 89(0.13987), 165(0.0666568), 196(0.710931), 199(0.070966), 207(0.01157), 
  id=349, 89(0.211781), 165(0.0453423), 196(0.710931), 207(0.01157), 427(0.0146799), 
  id=350, 89(0.177287), 180(0.0145653), 196(0.710931), 199(0.070966), 207(0.0115699), 427(0.0146799), 
  id=351, 89(0.177284), 180(0.0145653), 196(0.710931), 199(0.070966), 207(0.01157), 427(0.0146799), 
  id=352, 89(0.211781), 196(0.710931), 199(0.0510378), 207(0.01157), 427(0.0146799), 
  id=353, 89(0.211781), 196(0.710931), 199(0.0510363), 207(0.0115699), 427(0.0146799), 
  id=354, 89(0.211781), 196(0.691), 199(0.070966), 207(0.01157), 427(0.0146799), 
  id=355, 89(0.211781), 196(0.691002), 199(0.070966), 207(0.01157), 427(0.0146799), 
  id=356, 89(0.211781), 196(0.710931), 199(0.0657135), 207(0.01157), 
  id=357, 89(0.177288), 180(0.0145653), 196(0.710931), 199(0.070966), 207(0.01157), 427(0.0146799), 
  id=358, 89(0.191852), 196(0.710931), 199(0.070966), 207(0.01157), 427(0.0146799), 
  id=359, 89(0.191852), 196(0.710931), 199(0.070966), 207(0.01157), 427(0.0146799), 
  id=360, 89(0.211781), 196(0.691003), 199(0.070966), 207(0.01157), 427(0.0146799), 
  id=361, 89(0.211781), 196(0.691001), 199(0.070966), 207(0.01157), 427(0.0146799), 
  id=362, 89(0.191853), 196(0.710931), 199(0.070966), 207(0.0115699), 427(0.0146799), 
  id=363, 89(0.191852), 196(0.710931), 199(0.070966), 207(0.01157), 427(0.0146799), 
  id=364, 89(0.191852), 196(0.710931), 199(0.070966), 207(0.01157), 427(0.0146799), 
  id=365, 89(0.191852), 196(0.710931), 199(0.070966), 207(0.01157), 427(0.0146799), 
  id=366, 89(0.211781), 196(0.691003), 199(0.070966), 207(0.01157), 427(0.0146799), 
  id=367, 89(0.211781), 196(0.691002), 199(0.070966), 207(0.01157), 427(0.0146799), 
  id=368, 89(0.191852), 196(0.710931), 199(0.070966), 207(0.01157), 427(0.0146799), 
  id=369, 89(0.191853), 196(0.710931), 199(0.0709661), 207(0.01157), 427(0.0146799), 
  id=370, 89(0.211781), 196(0.691002), 199(0.070966), 207(0.01157), 427(0.0146799), 
  id=371, 89(0.211781), 196(0.691003), 199(0.070966), 207(0.01157), 427(0.0146799), 
  id=372, 89(0.191853), 196(0.710931), 199(0.070966), 207(0.01157), 427(0.0146799), 
  id=373, 89(0.211781), 196(0.691003), 199(0.070966), 207(0.01157), 427(0.0146799), 
  id=374, 89(0.211781), 196(0.691003), 199(0.070966), 207(0.01157), 427(0.0146799), 
d = 3
  id=375, 329(0.986462), 
  id=376, 329(0.986462), 
  id=377, 329(0.986462), 
  id=378, 329(0.985776), 
  id=379, 329(0.986463), 
  id=380, 329(0.986462), 
  id=381, 329(0.986468), 
  id=382, 329(0.986461), 
  id=383, 329(0.986462), 
  id=384, 329(0.986462), 
  id=385, 329(0.985452), 
  id=386, 329(0.986462), 
  id=387, 329(0.986462), 
  id=388, 329(0.986462), 
  id=389, 329(0.986462), 
  id=390, 329(0.986462), 
  id=391, 329(0.986462), 
  id=392, 329(0.986462), 
d = 4
  id=393, 329(0.986465), 
  id=394, 329(0.986463), 
  id=395, 329(0.986463), 
  id=396, 329(0.98646), 
  id=397, 329(0.986463), 
  id=398, 329(0.986463), 
  id=399, 329(0.986463), 
  id=400, 329(0.986462), 
  id=401, 329(0.986462), 
  id=402, 329(0.986463), 
  id=403, 329(0.986462), 
  id=404, 329(0.986462), 
  id=405, 329(0.986461), 
  id=406, 329(0.986462), 
  id=407, 329(0.986463), 
  id=408, 329(0.986463), 
  id=409, 329(0.986463), 
  id=410, 329(0.986462), 
  id=411, 329(0.986463), 
d = 5
  id=412, 89(0.211781), 180(0.0145652), 196(0.710931), 199(0.062698), 
  id=413, 89(0.211781), 180(0.0145652), 196(0.710931), 199(0.0626981), 
  id=414, 89(0.211781), 180(0.0145652), 196(0.710931), 199(0.062698), 
  id=415, 89(0.211781), 180(0.0145652), 196(0.710931), 199(0.062698), 
  id=416, 89(0.211781), 180(0.0145653), 196(0.710931), 199(0.0626981), 
  id=417, 89(0.211781), 180(0.0145652), 196(0.710931), 199(0.0626981), 
  id=418, 89(0.211781), 180(0.0145652), 196(0.710931), 199(0.0626981), 
  id=419, 89(0.211781), 180(0.0145653), 196(0.710931), 199(0.0626981), 
  id=420, 89(0.211781), 180(0.0145653), 196(0.710931), 199(0.0626981), 
  id=421, 89(0.211781), 180(0.0145652), 196(0.710931), 199(0.062698), 
  id=422, 89(0.211781), 180(0.0145653), 196(0.710931), 199(0.0626981), 
  id=423, 89(0.211781), 180(0.0145654), 196(0.710931), 199(0.0626982), 
  id=424, 89(0.211781), 180(0.0145653), 196(0.710931), 199(0.0626981), 
  id=425, 89(0.211781), 180(0.0145653), 196(0.710931), 199(0.0626981), 
  id=426, 89(0.211781), 180(0.0145653), 196(0.710931), 199(0.0626981), 
  id=427, 89(0.211781), 180(0.0145652), 196(0.710931), 199(0.062698), 
  id=428, 89(0.211781), 180(0.0145653), 196(0.710931), 199(0.0626981), 
  id=429, 89(0.211781), 180(0.0145652), 196(0.710931), 199(0.0626981), 
  id=430, 89(0.211781), 180(0.0145653), 196(0.710931), 199(0.0626981), 
  id=431, 89(0.211781), 180(0.0145654), 196(0.710931), 199(0.0626982), 
  id=432, 89(0.211781), 180(0.0145653), 196(0.710931), 199(0.0626981), 
  id=433, 89(0.211781), 180(0.0145653), 196(0.710931), 199(0.0626981), 
  id=434, 89(0.211781), 180(0.0145653), 196(0.710931), 199(0.0626981), 
  id=435, 89(0.211781), 180(0.0145653), 196(0.710931), 199(0.0626981), 
  id=436, 89(0.211781), 180(0.0145652), 196(0.710931), 199(0.062698), 
  id=437, 89(0.211781), 180(0.0145653), 196(0.710931), 199(0.0626981), 
  id=438, 89(0.211781), 180(0.0145653), 196(0.710931), 199(0.0626981), 
  id=439, 89(0.211781), 180(0.0145653), 196(0.710931), 199(0.0626981), 
