d = 0
  id=0, 329(1), 
  id=1, 329(1), 
  id=2, 329(1), 
  id=3, 329(1), 
  id=4, 329(1), 
  id=5, 329(1), 
  id=6, 329(1), 
  id=7, 329(1), 
  id=8, 329(1), 
  id=9, 329(1), 
  id=10, 329(1), 
  id=11, 329(1), 
  id=12, 329(1), 
  id=13, 329(1), 
  id=14, 329(1), 
  id=15, 329(1), 
  id=16, 329(1), 
  id=17, 329(1), 
  id=18, 329(1), 
  id=19, 329(1), 
  id=20, 329(1), 
  id=21, 329(1), 
  id=22, 329(1), 
  id=23, 329(1), 
  id=24, 329(1), 
  id=25, 329(1), 
  id=26, 329(1), 
  id=27, 329(1), 
  id=28, 329(1), 
  id=29, 329(1), 
  id=30, 329(1), 
  id=31, 329(1), 
  id=32, 329(1), 
  id=33, 329(1), 
  id=34, 329(1), 
  id=35, 329(1), 
  id=36, 329(1), 
  id=37, 329(1), 
  id=38, 329(1), 
  id=39, 329(1), 
  id=40, 329(1), 
  id=41, 329(1), 
  id=42, 329(1), 
  id=43, 329(1), 
  id=44, 329(1), 
  id=45, 329(1), 
  id=46, 329(1), 
  id=47, 329(1), 
  id=48, 329(1), 
  id=49, 329(1), 
  id=50, 329(1), 
  id=51, 329(1), 
  id=52, 329(1), 
  id=53, 329(1), 
  id=54, 329(1), 
  id=55, 329(1), 
  id=56, 329(1), 
  id=57, 329(1), 
  id=58, 329(1), 
  id=59, 329(1), 
  id=60, 329(1), 
  id=61, 329(1), 
  id=62, 329(1), 
  id=63, 329(1), 
  id=64, 329(1), 
  id=65, 329(1), 
  id=66, 329(1), 
  id=67, 329(1), 
  id=68, 329(1), 
  id=69, 329(1), 
  id=70, 329(1), 
  id=71, 329(1), 
  id=72, 329(1), 
  id=73, 329(1), 
  id=74, 329(1), 
  id=75, 329(1), 
  id=76, 329(1), 
  id=77, 329(1), 
  id=78, 329(1), 
  id=79, 329(1), 
  id=80, 329(1), 
  id=81, 329(1), 
  id=82, 329(1), 
  id=83, 329(1), 
  id=84, 329(1), 
  id=85, 329(1), 
  id=86, 329(1), 
  id=87, 329(1), 
  id=88, 329(1), 
  id=89, 329(1), 
  id=90, 329(1), 
  id=91, 329(1), 
  id=92, 329(1), 
  id=93, 329(1), 
  id=94, 329(1), 
  id=95, 329(1), 
  id=96, 329(1), 
  id=97, 329(1), 
  id=98, 329(1), 
  id=99, 329(1), 
  id=100, 329(1), 
  id=101, 329(1), 
  id=102, 329(1), 
  id=103, 329(1), 
  id=104, 329(1), 
d = 1
  id=105, 329(0.999552), 
  id=106, 329(0.999552), 
  id=107, 329(0.999552), 
  id=108, 329(0.999552), 
  id=109, 329(0.999552), 
  id=110, 329(0.999552), 
  id=111, 329(0.999552), 
  id=112, 329(0.999552), 
  id=113, 89(0.0109709), 188(0.0285061), 329(0.956585), 
  id=114, 329(0.999552), 
  id=115, 329(0.999552), 
  id=116, 329(0.999552), 
  id=117, 329(0.999552), 
  id=118, 329(0.999552), 
  id=119, 329(0.999552), 
  id=120, 329(0.999552), 
  id=121, 329(0.999552), 
  id=122, 329(0.999552), 
  id=123, 329(0.999552), 
  id=124, 329(0.999552), 
  id=125, 89(0.0109709), 188(0.0285061), 196(0.643153), 207(0.0268637), 234(0.239986), 427(0.0375314), 
  id=126, 329(0.999552), 
  id=127, 329(0.999552), 
  id=128, 329(0.999552), 
  id=129, 329(0.999552), 
  id=130, 329(0.999552), 
  id=131, 329(0.999552), 
  id=132, 89(0.0109709), 188(0.0285061), 196(0.643153), 329(0.26685), 427(0.0375314), 
  id=133, 329(0.999552), 
  id=134, 329(0.999552), 
  id=135, 188(0.0285061), 196(0.643153), 207(0.0302618), 329(0.298079), 
  id=136, 188(0.0285061), 329(0.971045), 
  id=137, 188(0.0285061), 196(0.643153), 207(0.0302618), 329(0.256609), 427(0.0375314), 
  id=138, 89(0.0109709), 188(0.0285061), 196(0.639718), 207(0.0302618), 234(0.239986), 427(0.0375315), 
  id=139, 329(0.999552), 
  id=140, 329(0.999552), 
  id=141, 329(0.999552), 
  id=142, 329(0.999552), 
  id=143, 89(0.0109709), 188(0.0285061), 196(0.643153), 207(0.0302618), 234(0.236588), 427(0.0375314), 
  id=144, 329(0.999552), 
  id=145, 196(0.643153), 207(0.0302618), 329(0.279554), 427(0.0375314), 
  id=146, 89(0.0109709), 188(0.0285061), 196(0.643153), 207(0.0268636), 234(0.239986), 427(0.0375314), 
  id=147, 329(0.999552), 
  id=148, 89(0.0109709), 188(0.0285061), 196(0.643153), 207(0.0268635), 234(0.239986), 427(0.0375315), 
  id=149, 329(0.999552), 
  id=150, 89(0.0109709), 188(0.0285061), 196(0.643153), 207(0.0302618), 234(0.236588), 427(0.0375314), 
  id=151, 329(0.999552), 
  id=152, 329(0.999552), 
  id=153, 329(0.96202), 427(0.0375314), 
  id=154, 329(0.999552), 
  id=155, 329(0.999552), 
  id=156, 89(0.0109709), 188(0.0285061), 196(0.643153), 207(0.0268636), 234(0.239986), 427(0.0375314), 
  id=157, 329(0.999552), 
  id=158, 329(0.999552), 
  id=159, 329(0.952969), 427(0.0375314), 
  id=160, 329(0.999552), 
  id=161, 329(0.999552), 
  id=162, 329(0.999552), 
  id=163, 89(0.0109709), 188(0.0285061), 196(0.643153), 207(0.0302618), 234(0.236588), 427(0.0375314), 
  id=164, 207(0.0302618), 329(0.931735), 427(0.0375314), 
  id=165, 188(0.0285061), 196(0.643153), 207(0.0302618), 329(0.297567), 
  id=166, 89(0.0109709), 188(0.0285061), 196(0.643153), 207(0.0268636), 234(0.239986), 427(0.0375314), 
  id=167, 329(0.999552), 
  id=168, 89(0.0109709), 188(0.0285061), 196(0.643153), 207(0.0268636), 234(0.239986), 427(0.0375314), 
  id=169, 89(0.0109709), 188(0.0285061), 196(0.643153), 207(0.0268636), 234(0.239986), 427(0.0375314), 
  id=170, 329(0.999552), 
  id=171, 329(0.999552), 
  id=172, 207(0.0302618), 329(0.96929), 
  id=173, 89(0.0109709), 188(0.0285061), 196(0.643153), 207(0.0268636), 234(0.239986), 427(0.0375314), 
  id=174, 89(0.0109709), 188(0.0285061), 196(0.643153), 207(0.0302618), 234(0.239986), 427(0.0375314), 
  id=175, 89(0.0109709), 188(0.0285061), 196(0.643153), 207(0.0302618), 234(0.236588), 427(0.0375314), 
  id=176, 89(0.0109709), 188(0.0285061), 196(0.643153), 207(0.0268636), 234(0.239986), 427(0.0375314), 
  id=177, 329(0.96202), 427(0.0375314), 
  id=178, 188(0.0285061), 329(0.971494), 
  id=179, 329(0.999552), 
  id=180, 89(0.0109709), 188(0.0285061), 196(0.643153), 207(0.0268636), 234(0.239986), 427(0.0375314), 
  id=181, 89(0.0109709), 188(0.0285061), 196(0.643153), 207(0.0302618), 234(0.236588), 427(0.0375314), 
  id=182, 89(0.0109709), 188(0.0285061), 196(0.643153), 207(0.0302618), 234(0.236588), 427(0.0375314), 
  id=183, 329(0.999552), 
  id=184, 329(0.999552), 
  id=185, 89(0.0109709), 188(0.0285061), 196(0.643153), 207(0.0268636), 234(0.239986), 427(0.0375314), 
  id=186, 188(0.0285061), 196(0.643153), 207(0.0302618), 234(0.239986), 427(0.0375314), 
  id=187, 89(0.0109709), 188(0.0285061), 196(0.643153), 207(0.0273022), 234(0.239986), 427(0.0375314), 
  id=188, 89(0.0109709), 188(0.0285061), 196(0.643153), 207(0.0302618), 234(0.239986), 427(0.0375314), 
  id=189, 188(0.0285061), 196(0.643153), 207(0.0302618), 234(0.239986), 427(0.0375314), 
  id=190, 89(0.0109709), 188(0.0285061), 196(0.643153), 207(0.0268636), 234(0.239986), 427(0.0375314), 
  id=191, 89(0.0109711), 188(0.0285063), 196(0.643153), 207(0.030262), 234(0.239987), 427(0.0375317), 
  id=192, 89(0.0109709), 188(0.0285061), 196(0.643153), 207(0.0302618), 234(0.239986), 427(0.0375314), 
  id=193, 89(0.0109709), 188(0.0285061), 196(0.643153), 207(0.0302618), 329(0.249129), 427(0.0375314), 
  id=194, 89(0.0109709), 188(0.0285061), 196(0.643153), 207(0.027308), 234(0.239986), 427(0.0375314), 
  id=195, 89(0.0109709), 188(0.0285061), 196(0.643153), 207(0.0302618), 234(0.239986), 427(0.0375314), 
  id=196, 89(0.0109709), 188(0.0285061), 196(0.643153), 207(0.0302618), 234(0.236588), 427(0.0375314), 
  id=197, 89(0.0109709), 188(0.0285061), 196(0.643153), 207(0.0273093), 234(0.239986), 427(0.0375314), 
  id=198, 89(0.0109709), 188(0.0251079), 196(0.643153), 207(0.0302618), 234(0.239986), 427(0.0375314), 
  id=199, 89(0.0109709), 188(0.0285061), 196(0.643153), 207(0.0268636), 234(0.239986), 427(0.0375314), 
  id=200, 89(0.0109709), 188(0.0285061), 196(0.643153), 207(0.0302618), 234(0.239986), 427(0.0375314), 
  id=201, 89(0.010971), 188(0.0285062), 196(0.643153), 207(0.0302619), 234(0.239986), 427(0.0375315), 
  id=202, 188(0.0285061), 196(0.643153), 207(0.0302618), 234(0.239986), 427(0.0375314), 
  id=203, 89(0.0109709), 188(0.0285061), 196(0.643153), 207(0.0268636), 234(0.239986), 427(0.0375314), 
  id=204, 89(0.0109709), 188(0.0285061), 196(0.643153), 207(0.0273101), 234(0.239986), 427(0.0375315), 
  id=205, 89(0.0109709), 188(0.025108), 196(0.643153), 207(0.0302618), 234(0.239986), 427(0.0375314), 
  id=206, 89(0.0109709), 188(0.0285061), 196(0.643153), 207(0.0272979), 234(0.239986), 427(0.0375314), 
  id=207, 89(0.0109709), 188(0.0285061), 196(0.643153), 207(0.0302618), 234(0.239986), 427(0.0375314), 
  id=208, 89(0.0109709), 188(0.0285061), 196(0.643153), 207(0.0302618), 234(0.237018), 427(0.0375314), 
  id=209, 89(0.0109709), 188(0.0285061), 196(0.643153), 207(0.0268636), 234(0.239986), 427(0.0375314), 
  id=210, 89(0.0109709), 188(0.0285061), 196(0.643153), 207(0.0302618), 234(0.239986), 427(0.0375315), 
  id=211, 89(0.0109709), 188(0.0285061), 196(0.643153), 207(0.0302617), 234(0.239986), 427(0.0375314), 
  id=212, 89(0.0109709), 188(0.0285061), 196(0.643153), 207(0.0272965), 234(0.239986), 427(0.0375315), 
  id=213, 89(0.0109709), 188(0.0285061), 196(0.643153), 207(0.0302618), 234(0.239986), 427(0.0375315), 
  id=214, 89(0.0109709), 188(0.0285061), 196(0.643153), 207(0.0302618), 234(0.239986), 427(0.0375315), 
  id=215, 89(0.0109709), 188(0.0285061), 196(0.643153), 207(0.0302618), 234(0.239986), 427(0.0375314), 
  id=216, 89(0.0109709), 188(0.0255426), 196(0.643153), 207(0.0302618), 234(0.239986), 427(0.0375314), 
  id=217, 89(0.0109709), 188(0.0285061), 196(0.643153), 207(0.0302618), 234(0.239986), 427(0.0375314), 
  id=218, 89(0.0109709), 188(0.0285061), 196(0.643153), 207(0.0302618), 234(0.239986), 427(0.0375315), 
  id=219, 89(0.0109709), 188(0.0255412), 196(0.643153), 207(0.0302618), 234(0.239986), 427(0.0375315), 
  id=220, 89(0.0109708), 188(0.028506), 196(0.643153), 207(0.0302617), 234(0.239986), 427(0.0375314), 
  id=221, 89(0.010971), 188(0.0285062), 196(0.643153), 207(0.0302619), 234(0.239986), 427(0.0375315), 
  id=222, 89(0.0109709), 188(0.0285061), 196(0.643153), 207(0.0302617), 234(0.239986), 427(0.0375314), 
  id=223, 89(0.0109708), 188(0.028506), 196(0.643153), 207(0.0302617), 234(0.239986), 427(0.0375314), 
  id=224, 188(0.0285061), 196(0.643153), 207(0.0302618), 234(0.239986), 427(0.0375315), 
  id=225, 89(0.0109709), 188(0.0285061), 196(0.643153), 207(0.0302618), 234(0.239986), 427(0.034575), 
  id=226, 89(0.0109708), 188(0.028506), 196(0.643153), 207(0.0302617), 234(0.239986), 427(0.0375314), 
  id=227, 188(0.0285061), 196(0.643153), 207(0.0302618), 234(0.239986), 427(0.0375314), 
  id=228, 89(0.0109709), 188(0.0285061), 196(0.643153), 207(0.0302618), 234(0.239986), 427(0.0375314), 
  id=229, 89(0.0109709), 188(0.0285061), 196(0.643153), 207(0.0302618), 234(0.239986), 427(0.0375315), 
  id=230, 89(0.0109709), 188(0.0255536), 196(0.643153), 207(0.0302618), 234(0.239986), 427(0.0375314), 
  id=231, 89(0.0109709), 188(0.0285061), 196(0.643153), 207(0.0302618), 234(0.239986), 427(0.0375314), 
  id=232, 89(0.0109709), 188(0.0251077), 196(0.643153), 207(0.0302618), 234(0.239986), 427(0.0375315), 
  id=233, 89(0.0109709), 188(0.0255556), 196(0.643153), 207(0.0302618), 234(0.239986), 427(0.0375315), 
  id=234, 89(0.0109709), 188(0.025545), 196(0.643153), 207(0.0302618), 234(0.239986), 427(0.0375314), 
  id=235, 89(0.0109709), 188(0.0251079), 196(0.643153), 207(0.0302618), 234(0.239986), 427(0.0375314), 
  id=236, 89(0.0109709), 188(0.0285061), 196(0.643153), 207(0.0302617), 234(0.239986), 427(0.0375314), 
  id=237, 89(0.010971), 188(0.0285062), 196(0.643153), 207(0.0302619), 234(0.239986), 427(0.0375315), 
  id=238, 89(0.0109709), 188(0.0251079), 196(0.643153), 207(0.0302618), 234(0.239986), 427(0.0375314), 
  id=239, 89(0.0109709), 188(0.0285061), 196(0.643153), 207(0.0302618), 234(0.239986), 427(0.0375314), 
  id=240, 89(0.0109709), 188(0.0285061), 196(0.643153), 207(0.0302618), 234(0.239986), 427(0.0375315), 
  id=241, 89(0.0109709), 188(0.0255492), 196(0.643153), 207(0.0302618), 234(0.239986), 427(0.0375314), 
  id=242, 89(0.0109709), 188(0.0255543), 196(0.643153), 207(0.0302618), 234(0.239986), 427(0.0375314), 
  id=243, 89(0.0109709), 188(0.0255512), 196(0.643153), 207(0.0302618), 234(0.239986), 427(0.0375314), 
  id=244, 89(0.0109709), 188(0.0285061), 196(0.643153), 207(0.0302618), 234(0.239986), 427(0.0375314), 
  id=245, 89(0.0109709), 188(0.0255554), 196(0.643153), 207(0.0302618), 234(0.239986), 427(0.0375315), 
  id=246, 89(0.0109709), 188(0.0285061), 196(0.643153), 207(0.0302618), 234(0.239986), 427(0.0375314), 
  id=247, 89(0.0109709), 188(0.0285061), 196(0.643153), 207(0.0302618), 234(0.239986), 427(0.0375315), 
  id=248, 89(0.0109709), 188(0.0255429), 196(0.643153), 207(0.0302618), 234(0.239986), 427(0.0375314), 
  id=249, 89(0.0109709), 188(0.0285061), 196(0.643153), 207(0.0302618), 234(0.239986), 427(0.0375314), 
  id=250, 89(0.0109709), 188(0.0285061), 196(0.643153), 207(0.0302618), 234(0.239986), 427(0.0375314), 
  id=251, 89(0.0109709), 188(0.0285061), 196(0.643153), 207(0.0302618), 234(0.239986), 427(0.0375314), 
  id=252, 89(0.0109709), 188(0.0251079), 196(0.643153), 207(0.0302618), 234(0.239986), 427(0.0375314), 
  id=253, 89(0.0109709), 188(0.0255551), 196(0.643153), 207(0.0302618), 234(0.239986), 427(0.0375314), 
  id=254, 89(0.0109709), 188(0.0251079), 196(0.643153), 207(0.0302618), 234(0.239986), 427(0.0375314), 
  id=255, 89(0.0109708), 188(0.028506), 196(0.643153), 207(0.0302617), 234(0.239986), 427(0.0375314), 
  id=256, 89(0.0109709), 188(0.0285061), 196(0.643153), 207(0.0302618), 234(0.239986), 427(0.0375314), 
  id=257, 89(0.0109709), 188(0.0255559), 196(0.643153), 207(0.0302618), 234(0.239986), 427(0.0375314), 
  id=258, 89(0.0109709), 188(0.0285061), 196(0.643153), 207(0.0302618), 234(0.239986), 427(0.0375314), 
  id=259, 188(0.0285061), 196(0.643153), 207(0.0302618), 234(0.239986), 427(0.0375314), 
  id=260, 89(0.0109709), 188(0.0285061), 196(0.643153), 207(0.0302618), 234(0.239986), 427(0.0375314), 
  id=261, 89(0.0109709), 188(0.0285061), 196(0.643153), 207(0.0273001), 234(0.239986), 427(0.0375314), 
  id=262, 89(0.0109711), 188(0.0285063), 196(0.643153), 207(0.030262), 234(0.239987), 427(0.0375317), 
  id=263, 89(0.0109709), 188(0.0255545), 196(0.643153), 207(0.0302618), 234(0.239986), 427(0.0375315), 
  id=264, 89(0.0109709), 188(0.0285061), 196(0.643153), 207(0.0302618), 234(0.239986), 427(0.0375314), 
  id=265, 89(0.0109709), 188(0.0255457), 196(0.643153), 207(0.0302618), 234(0.239986), 427(0.0375314), 
  id=266, 89(0.0109709), 188(0.0255549), 196(0.643153), 207(0.0302618), 234(0.239986), 427(0.0375315), 
  id=267, 89(0.0109709), 188(0.0255516), 196(0.643153), 207(0.0302618), 234(0.239986), 427(0.0375314), 
  id=268, 89(0.0109709), 188(0.0255506), 196(0.643153), 207(0.0302618), 234(0.239986), 427(0.0375314), 
  id=269, 89(0.0109709), 188(0.0285061), 196(0.643153), 207(0.0302618), 234(0.239986), 427(0.0375315), 
  id=270, 89(0.0109709), 188(0.0285061), 196(0.643153), 207(0.0302618), 234(0.239986), 427(0.0375314), 
  id=271, 89(0.0109709), 188(0.0255433), 196(0.643153), 207(0.0302618), 234(0.239986), 427(0.0375314), 
  id=272, 89(0.0109709), 188(0.0251079), 196(0.643153), 207(0.0302618), 234(0.239986), 427(0.0375314), 
  id=273, 89(0.0109709), 188(0.0251079), 196(0.643153), 207(0.0302618), 234(0.239986), 427(0.0375314), 
  id=274, 89(0.0109709), 188(0.0255516), 196(0.643153), 207(0.0302618), 234(0.239986), 427(0.0375314), 
  id=275, 89(0.0109709), 188(0.0285061), 196(0.643153), 207(0.0302617), 234(0.239986), 427(0.0375314), 
  id=276, 89(0.0109709), 188(0.0255513), 196(0.643153), 207(0.0302618), 234(0.239986), 427(0.0375315), 
  id=277, 89(0.0109709), 188(0.0255548), 196(0.643153), 207(0.0302618), 234(0.239986), 427(0.0375314), 
  id=278, 89(0.0109709), 188(0.0285061), 196(0.643153), 207(0.0302618), 234(0.239986), 427(0.0375314), 
  id=279, 89(0.0109709), 188(0.0255512), 196(0.643153), 207(0.0302618), 234(0.239986), 427(0.0375315), 
  id=280, 89(0.0109709), 188(0.025552), 196(0.643153), 207(0.0302618), 234(0.239986), 427(0.0375314), 
  id=281, 89(0.0109709), 188(0.0255542), 196(0.643153), 207(0.0302618), 234(0.239986), 427(0.0375314), 
  id=282, 89(0.0109709), 188(0.0255524), 196(0.643153), 207(0.0302618), 234(0.239986), 427(0.0375314), 
  id=283, 89(0.0109709), 188(0.0285061), 196(0.643153), 207(0.0302618), 234(0.239986), 427(0.0375314), 
  id=284, 89(0.0109709), 188(0.0255385), 196(0.643153), 207(0.0302618), 234(0.239986), 427(0.0375314), 
  id=285, 89(0.0109709), 188(0.025553), 196(0.643153), 207(0.0302618), 234(0.239986), 427(0.0375314), 
  id=286, 89(0.010971), 188(0.0285062), 196(0.643153), 207(0.0302619), 234(0.239986), 427(0.0375316), 
  id=287, 89(0.0109709), 188(0.0285061), 196(0.643153), 207(0.0302618), 234(0.239986), 427(0.0375314), 
  id=288, 89(0.0109709), 188(0.0285061), 196(0.643153), 207(0.0302618), 234(0.239986), 427(0.0375314), 
  id=289, 89(0.0109709), 188(0.0285061), 196(0.643153), 207(0.0302618), 234(0.239986), 427(0.0375314), 
  id=290, 89(0.0109709), 188(0.0285061), 196(0.643153), 207(0.0302618), 234(0.239986), 427(0.0375315), 
  id=291, 89(0.0109708), 188(0.028506), 196(0.643153), 207(0.0302617), 234(0.239986), 427(0.0375314), 
  id=292, 89(0.0109709), 188(0.0255525), 196(0.643153), 207(0.0302618), 234(0.239986), 427(0.0375314), 
  id=293, 89(0.0109709), 188(0.0255513), 196(0.643153), 207(0.0302618), 234(0.239986), 427(0.0375314), 
  id=294, 89(0.0109709), 188(0.0251078), 196(0.643153), 207(0.0302618), 234(0.239986), 427(0.0375315), 
  id=295, 89(0.0109709), 188(0.0285061), 196(0.643153), 207(0.0302617), 234(0.239986), 427(0.0375314), 
  id=296, 89(0.0109709), 188(0.0255556), 196(0.643153), 207(0.0302618), 234(0.239986), 427(0.0375314), 
  id=297, 89(0.0109709), 188(0.0255548), 196(0.643153), 207(0.0302618), 234(0.239986), 427(0.0375315), 
  id=298, 89(0.0109709), 188(0.0255495), 196(0.643153), 207(0.0302618), 234(0.239986), 427(0.0375314), 
  id=299, 89(0.0109709), 188(0.0255517), 196(0.643153), 207(0.0302618), 234(0.239986), 427(0.0375314), 
  id=300, 89(0.0109709), 188(0.0255544), 196(0.643153), 207(0.0302618), 234(0.239986), 427(0.0375315), 
  id=301, 89(0.0109709), 188(0.0255549), 196(0.643153), 207(0.0302618), 234(0.239986), 427(0.0375314), 
  id=302, 89(0.0109709), 188(0.0255465), 196(0.643153), 207(0.0302618), 234(0.239986), 427(0.0375314), 
  id=303, 89(0.0109709), 188(0.0255558), 196(0.643153), 207(0.0302618), 234(0.239986), 427(0.0375314), 
  id=304, 89(0.0109709), 188(0.0285061), 196(0.643153), 207(0.0302617), 234(0.239986), 427(0.0375314), 
  id=305, 89(0.0109709), 188(0.0255503), 196(0.643153), 207(0.0302618), 234(0.239986), 427(0.0375314), 
  id=306, 89(0.0109709), 188(0.0255494), 196(0.643153), 207(0.0302618), 234(0.239986), 427(0.0375314), 
  id=307, 89(0.0109709), 188(0.0255515), 196(0.643153), 207(0.0302618), 234(0.239986), 427(0.0375314), 
  id=308, 89(0.0109709), 188(0.0255555), 196(0.643153), 207(0.0302618), 234(0.239986), 427(0.0375314), 
  id=309, 89(0.0109709), 188(0.0255549), 196(0.643153), 207(0.0302618), 234(0.239986), 427(0.0375314), 
  id=310, 89(0.0109709), 188(0.0251079), 196(0.643153), 207(0.0302618), 234(0.239986), 427(0.0375314), 
  id=311, 89(0.0109709), 188(0.0255539), 196(0.643153), 207(0.0302618), 234(0.239986), 427(0.0375315), 
  id=312, 89(0.0109709), 188(0.0255563), 196(0.643153), 207(0.0302618), 234(0.239986), 427(0.0375314), 
  id=313, 89(0.0109709), 188(0.0255523), 196(0.643153), 207(0.0302618), 234(0.239986), 427(0.0375314), 
  id=314, 89(0.0109709), 188(0.0255534), 196(0.643153), 207(0.0302618), 234(0.239986), 427(0.0375314), 
  id=315, 89(0.0109709), 188(0.0255563), 196(0.643153), 207(0.0302618), 234(0.239986), 427(0.0375314), 
d = 2
  id=316, 181(0.266929), 188(0.0210719), 196(0.651558), 207(0.0322698), 329(0.0166618), 
  id=317, 181(0.266929), 188(0.0210719), 196(0.651558), 207(0.0322698), 329(0.0166618), 
  id=318, 181(0.266929), 188(0.0210719), 196(0.651558), 207(0.0322698), 329(0.0166618), 
  id=319, 181(0.266929), 188(0.0210718), 196(0.651558), 207(0.0322697), 329(0.0166617), 
  id=320, 181(0.266929), 188(0.0210719), 196(0.651558), 207(0.0322698), 329(0.0166618), 
  id=321, 181(0.266929), 188(0.0210719), 196(0.651558), 207(0.0322698), 329(0.0166618), 
  id=322, 181(0.266929), 188(0.0210719), 196(0.651558), 207(0.0237445), 329(0.0166618), 
  id=323, 181(0.266929), 188(0.0210719), 196(0.651558), 207(0.0192704), 329(0.0166618), 
  id=324, 181(0.266929), 188(0.0210719), 196(0.651558), 207(0.0322698), 329(0.0166618), 
  id=325, 181(0.266929), 188(0.0210719), 196(0.651558), 207(0.0322698), 329(0.0166618), 
  id=326, 181(0.266929), 188(0.0210719), 196(0.651558), 207(0.0192704), 329(0.0166618), 
  id=327, 181(0.266929), 188(0.0210719), 196(0.651558), 207(0.0322698), 329(0.0166618), 
  id=328, 181(0.266929), 188(0.0210719), 196(0.651558), 207(0.0322698), 329(0.0166618), 
  id=329, 181(0.266929), 188(0.0210719), 196(0.651558), 207(0.0322698), 329(0.0166618), 
  id=330, 181(0.266929), 188(0.0196827), 196(0.651558), 207(0.0322698), 329(0.0166618), 
  id=331, 181(0.266929), 188(0.0210719), 196(0.651558), 207(0.0322698), 329(0.0166618), 
  id=332, 181(0.266929), 188(0.0210719), 196(0.651558), 207(0.0322698), 
  id=333, 181(0.266929), 188(0.0210719), 196(0.651558), 207(0.0322698), 
  id=334, 181(0.266929), 196(0.651432), 207(0.0322698), 
  id=335, 181(0.266929), 188(0.0210719), 196(0.651558), 207(0.0322698), 
  id=336, 181(0.266929), 188(0.0210719), 196(0.651558), 207(0.0322698), 
  id=337, 181(0.266929), 188(0.0210719), 196(0.651558), 207(0.0322698), 
  id=338, 181(0.266929), 188(0.0210719), 196(0.651558), 207(0.0322698), 
  id=339, 181(0.266929), 188(0.0210719), 196(0.651558), 207(0.0322697), 
  id=340, 181(0.266623), 196(0.651558), 207(0.0321979), 
  id=341, 181(0.266929), 188(0.0210719), 196(0.651558), 207(0.0322698), 
  id=342, 181(0.266929), 188(0.0210719), 196(0.651558), 207(0.0322698), 
  id=343, 181(0.266929), 188(0.0210719), 196(0.651558), 207(0.0322698), 
  id=344, 181(0.266929), 188(0.0210719), 196(0.651558), 207(0.0322698), 
  id=345, 181(0.266929), 188(0.0210719), 196(0.651558), 207(0.0322698), 
  id=346, 181(0.266929), 188(0.0210719), 196(0.651558), 207(0.0322698), 329(0.0129943), 
  id=347, 181(0.266929), 188(0.0210719), 196(0.651558), 207(0.0322698), 
  id=348, 181(0.266929), 188(0.0210719), 196(0.651558), 207(0.0322698), 329(0.0129997), 
  id=349, 181(0.266929), 188(0.0210719), 196(0.651558), 207(0.0322698), 
  id=350, 181(0.266929), 188(0.0210719), 196(0.651558), 207(0.0322698), 
  id=351, 181(0.266929), 188(0.0210719), 196(0.651558), 207(0.0322698), 
  id=352, 181(0.266929), 188(0.0210719), 196(0.651558), 207(0.0322698), 
  id=353, 181(0.266929), 188(0.0210719), 196(0.651558), 207(0.0322698), 
  id=354, 181(0.266929), 188(0.0210719), 196(0.651558), 207(0.0322698), 
  id=355, 181(0.266929), 188(0.0210719), 196(0.651558), 207(0.0322698), 
  id=356, 181(0.266929), 188(0.0210719), 196(0.651558), 207(0.0322698), 
  id=357, 181(0.266929), 188(0.0210719), 196(0.651558), 207(0.0322698), 
  id=358, 181(0.266929), 188(0.0210719), 196(0.651558), 207(0.0322698), 
  id=359, 181(0.266929), 188(0.0210719), 196(0.651558), 207(0.0322698), 
  id=360, 181(0.266929), 188(0.0210719), 196(0.651558), 207(0.0322698), 
  id=361, 181(0.266929), 188(0.0210719), 196(0.651558), 207(0.0322698), 
  id=362, 181(0.266929), 188(0.0210719), 196(0.651558), 207(0.0322698), 
  id=363, 181(0.266929), 188(0.0210719), 196(0.651558), 207(0.0322698), 
  id=364, 181(0.266929), 188(0.0210719), 196(0.651558), 207(0.0322698), 
  id=365, 181(0.266929), 188(0.0210719), 196(0.651558), 207(0.0322698), 
  id=366, 181(0.266929), 188(0.0210719), 196(0.651558), 207(0.0322698), 
  id=367, 181(0.266929), 188(0.0210719), 196(0.651558), 207(0.0322698), 
  id=368, 181(0.266929), 188(0.0210719), 196(0.651558), 207(0.0322698), 
  id=369, 181(0.266929), 188(0.0210719), 196(0.651558), 207(0.0322698), 
  id=370, 181(0.266929), 188(0.0210719), 196(0.651558), 207(0.0322698), 
  id=371, 181(0.266929), 188(0.0210719), 196(0.651558), 207(0.0322698), 
  id=372, 181(0.266929), 188(0.0210719), 196(0.651558), 207(0.0322698), 
  id=373, 181(0.266929), 188(0.0210719), 196(0.651558), 207(0.0322698), 
  id=374, 181(0.266929), 188(0.0210719), 196(0.651558), 207(0.0322698), 
d = 3
  id=375, 329(1), 
  id=376, 329(1), 
  id=377, 329(1), 
  id=378, 329(1), 
  id=379, 329(1), 
  id=380, 329(1), 
  id=381, 329(1), 
  id=382, 329(1), 
  id=383, 329(1), 
  id=384, 329(1), 
  id=385, 329(1), 
  id=386, 329(1), 
  id=387, 329(1), 
  id=388, 329(1), 
  id=389, 329(1), 
  id=390, 329(1), 
  id=391, 329(1), 
  id=392, 329(1), 
d = 4
  id=393, 329(1), 
  id=394, 329(1), 
  id=395, 329(1), 
  id=396, 329(1), 
  id=397, 329(1), 
  id=398, 329(1), 
  id=399, 329(1), 
  id=400, 329(1), 
  id=401, 329(1), 
  id=402, 329(1), 
  id=403, 329(1), 
  id=404, 329(1), 
  id=405, 329(1), 
  id=406, 329(1), 
  id=407, 329(1), 
  id=408, 329(1), 
  id=409, 329(1), 
  id=410, 329(1), 
  id=411, 329(1), 
d = 5
  id=412, 89(0.0109708), 181(0.266929), 188(0.028506), 196(0.651558), 427(0.02712), 
  id=413, 89(0.0109709), 181(0.266929), 188(0.0285061), 196(0.651558), 427(0.0271202), 
  id=414, 89(0.010971), 181(0.26693), 188(0.0285061), 196(0.651558), 427(0.0271202), 
  id=415, 89(0.0109709), 181(0.266929), 188(0.0285062), 196(0.651558), 427(0.0271202), 
  id=416, 89(0.0109709), 181(0.266929), 188(0.0285061), 196(0.651558), 427(0.0271201), 
  id=417, 89(0.0109709), 181(0.266929), 188(0.0285061), 196(0.651558), 427(0.0271201), 
  id=418, 89(0.0109709), 181(0.266929), 188(0.0285061), 196(0.651558), 427(0.0271201), 
  id=419, 89(0.0109709), 181(0.266929), 188(0.028506), 196(0.651558), 427(0.0271201), 
  id=420, 89(0.0109708), 181(0.266929), 188(0.028506), 196(0.651558), 427(0.02712), 
  id=421, 89(0.0109709), 181(0.266929), 188(0.0285061), 196(0.651558), 427(0.0271201), 
  id=422, 89(0.0109709), 181(0.266929), 188(0.028506), 196(0.651558), 427(0.0271201), 
  id=423, 89(0.010971), 181(0.266929), 188(0.0285062), 196(0.651558), 427(0.0271201), 
  id=424, 89(0.0109709), 181(0.266929), 188(0.0285061), 196(0.651558), 427(0.0271201), 
  id=425, 89(0.010971), 181(0.266929), 188(0.0285062), 196(0.651558), 427(0.0271202), 
  id=426, 89(0.0109709), 181(0.266929), 188(0.0285061), 196(0.651558), 427(0.0271201), 
  id=427, 89(0.0109709), 181(0.266929), 188(0.0285061), 196(0.651558), 427(0.0271201), 
  id=428, 89(0.0109709), 181(0.266929), 188(0.0285061), 196(0.651558), 427(0.0271201), 
  id=429, 89(0.0109709), 181(0.266929), 188(0.0285061), 196(0.651558), 427(0.0271201), 
  id=430, 89(0.010971), 181(0.266929), 188(0.0285061), 196(0.651558), 427(0.0271202), 
  id=431, 89(0.010971), 181(0.266929), 188(0.0285061), 196(0.651558), 427(0.0271202), 
  id=432, 89(0.0109709), 181(0.266929), 188(0.0285061), 196(0.651558), 427(0.0271201), 
  id=433, 89(0.010971), 181(0.266929), 188(0.0285062), 196(0.651558), 427(0.0271202), 
  id=434, 89(0.0109708), 181(0.266929), 188(0.028506), 196(0.651558), 427(0.02712), 
  id=435, 89(0.0109709), 181(0.26693), 188(0.0285061), 196(0.651558), 427(0.0271202), 
  id=436, 89(0.0109709), 181(0.266929), 188(0.0285061), 196(0.651558), 427(0.0271201), 
  id=437, 89(0.0109709), 181(0.266929), 188(0.0285061), 196(0.651558), 427(0.0271201), 
  id=438, 89(0.0109709), 181(0.266929), 188(0.0285061), 196(0.651558), 427(0.0271201), 
  id=439, 89(0.010971), 181(0.266929), 188(0.0285061), 196(0.651558), 427(0.0271202), 
