d = 0
  id=0, 44(0.33322), 385(0.333338), 403(0.33338), 
  id=1, 44(0.333219), 385(0.333338), 403(0.33338), 
  id=2, 44(0.33322), 385(0.333338), 403(0.33338), 
  id=3, 44(0.333219), 385(0.333338), 403(0.33338), 
  id=4, 44(0.33322), 385(0.333338), 403(0.333381), 
  id=5, 44(0.33322), 385(0.333338), 403(0.33338), 
  id=6, 44(0.33322), 385(0.333338), 403(0.333381), 
  id=7, 44(0.33322), 385(0.333338), 403(0.33338), 
  id=8, 44(0.33322), 385(0.333338), 403(0.33338), 
  id=9, 44(0.33322), 385(0.333338), 403(0.33338), 
  id=10, 44(0.333219), 385(0.333338), 403(0.33338), 
  id=11, 44(0.333219), 385(0.333338), 403(0.33338), 
  id=12, 44(0.33322), 385(0.333338), 403(0.33338), 
  id=13, 44(0.33322), 385(0.333338), 403(0.33338), 
  id=14, 44(0.33322), 385(0.333338), 403(0.33338), 
  id=15, 44(0.33322), 385(0.333338), 403(0.33338), 
  id=16, 44(0.333219), 385(0.333338), 403(0.33338), 
  id=17, 44(0.33322), 385(0.333338), 403(0.33338), 
  id=18, 44(0.33322), 385(0.333338), 403(0.33338), 
  id=19, 44(0.333219), 385(0.333338), 403(0.33338), 
  id=20, 44(0.333219), 385(0.333338), 403(0.33338), 
  id=21, 44(0.33322), 385(0.333338), 403(0.333381), 
  id=22, 44(0.33322), 385(0.333338), 403(0.333381), 
  id=23, 44(0.33322), 385(0.333338), 403(0.333381), 
  id=24, 44(0.333219), 385(0.333338), 403(0.33338), 
  id=25, 44(0.333219), 385(0.333337), 403(0.33338), 
  id=26, 44(0.333219), 385(0.333338), 403(0.33338), 
  id=27, 44(0.333219), 385(0.333337), 403(0.33338), 
  id=28, 44(0.333219), 385(0.333338), 403(0.33338), 
  id=29, 44(0.333219), 385(0.333338), 403(0.33338), 
  id=30, 44(0.333219), 385(0.333337), 403(0.33338), 
  id=31, 44(0.333219), 385(0.333338), 403(0.33338), 
  id=32, 44(0.333219), 385(0.333338), 403(0.33338), 
  id=33, 44(0.333219), 385(0.333338), 403(0.33338), 
  id=34, 44(0.333219), 385(0.333338), 403(0.33338), 
  id=35, 44(0.333219), 385(0.333338), 403(0.33338), 
  id=36, 44(0.333219), 385(0.333338), 403(0.33338), 
  id=37, 44(0.333219), 385(0.333338), 403(0.33338), 
  id=38, 44(0.333219), 385(0.333338), 403(0.33338), 
  id=39, 44(0.333219), 385(0.333338), 403(0.33338), 
  id=40, 44(0.333219), 385(0.333338), 403(0.33338), 
  id=41, 44(0.333219), 385(0.333338), 403(0.33338), 
  id=42, 44(0.333218), 385(0.333338), 403(0.33338), 
  id=43, 44(0.333219), 385(0.333338), 403(0.333379), 
  id=44, 44(0.333218), 385(0.333338), 403(0.33338), 
  id=45, 44(0.333219), 385(0.333338), 403(0.33338), 
  id=46, 44(0.333219), 385(0.333338), 403(0.33338), 
  id=47, 44(0.33322), 385(0.333338), 403(0.33338), 
  id=48, 44(0.333219), 385(0.333338), 403(0.33338), 
  id=49, 44(0.333219), 385(0.333338), 403(0.33338), 
  id=50, 44(0.333219), 385(0.333338), 403(0.33338), 
  id=51, 44(0.333219), 385(0.333338), 403(0.333379), 
  id=52, 44(0.33322), 87(0.33338), 385(0.333338), 
  id=53, 44(0.333219), 385(0.333337), 403(0.33338), 
  id=54, 44(0.333219), 385(0.333338), 403(0.33338), 
  id=55, 44(0.333219), 385(0.333338), 403(0.33338), 
  id=56, 44(0.333219), 385(0.333338), 403(0.33338), 
  id=57, 44(0.333219), 385(0.333338), 403(0.33338), 
  id=58, 44(0.333219), 385(0.333337), 403(0.33338), 
  id=59, 44(0.333219), 385(0.333338), 403(0.33338), 
  id=60, 44(0.333219), 385(0.333338), 403(0.33338), 
  id=61, 44(0.333219), 385(0.333338), 403(0.33338), 
  id=62, 44(0.333219), 385(0.333338), 403(0.33338), 
  id=63, 44(0.333219), 87(0.33338), 385(0.333338), 
  id=64, 44(0.333219), 385(0.333338), 403(0.33338), 
  id=65, 44(0.333219), 385(0.333338), 403(0.33338), 
  id=66, 44(0.333156), 87(0.33338), 403(0.33338), 
  id=67, 44(0.333219), 87(0.333316), 403(0.33338), 
  id=68, 44(0.333219), 87(0.333298), 403(0.33338), 
  id=69, 44(0.332988), 87(0.33338), 385(0.333338), 
  id=70, 44(0.333218), 385(0.333337), 403(0.333379), 
  id=71, 44(0.333219), 385(0.333338), 403(0.33338), 
  id=72, 44(0.332792), 87(0.33338), 385(0.333338), 
  id=73, 87(0.33338), 385(0.333338), 403(0.332685), 
  id=74, 44(0.333219), 385(0.333337), 403(0.33338), 
  id=75, 44(0.333175), 87(0.33338), 403(0.33338), 
  id=76, 44(0.333219), 87(0.33338), 385(0.33329), 
  id=77, 44(0.333219), 87(0.33338), 385(0.333253), 
  id=78, 87(0.33338), 352(0.333217), 403(0.333335), 
  id=79, 44(0.33317), 87(0.33338), 403(0.33338), 
  id=80, 44(0.333219), 87(0.33338), 403(0.33335), 
  id=81, 87(0.33338), 352(0.333217), 403(0.333344), 
  id=82, 87(0.33338), 242(0.333354), 352(0.333217), 
  id=83, 44(0.333124), 87(0.33338), 352(0.333217), 
  id=84, 87(0.33338), 352(0.333217), 403(0.333381), 
  id=85, 87(0.33338), 242(0.331258), 352(0.333217), 
  id=86, 87(0.33338), 242(0.333357), 352(0.333217), 
  id=87, 87(0.33338), 242(0.333357), 352(0.333201), 
  id=88, 87(0.33338), 242(0.333357), 352(0.333217), 
  id=89, 87(0.33338), 242(0.333357), 352(0.333217), 
  id=90, 87(0.33338), 242(0.333357), 352(0.333217), 
  id=91, 87(0.33338), 242(0.333357), 352(0.333217), 
  id=92, 87(0.33338), 242(0.333357), 352(0.333217), 
  id=93, 87(0.33338), 242(0.333357), 352(0.333217), 
  id=94, 87(0.33338), 242(0.333357), 352(0.333217), 
  id=95, 87(0.33338), 242(0.333357), 352(0.333217), 
  id=96, 87(0.33338), 242(0.333357), 352(0.333217), 
  id=97, 87(0.33338), 242(0.333357), 352(0.333217), 
  id=98, 87(0.33338), 242(0.333357), 352(0.333217), 
  id=99, 87(0.33338), 242(0.333357), 352(0.333217), 
  id=100, 87(0.33338), 242(0.333357), 352(0.333217), 
  id=101, 87(0.33338), 242(0.333357), 352(0.333217), 
  id=102, 87(0.33338), 242(0.333357), 352(0.333217), 
  id=103, 87(0.33338), 242(0.333357), 352(0.333217), 
  id=104, 87(0.33338), 242(0.333357), 352(0.333217), 
d = 1
  id=105, 44(0.33322), 385(0.333338), 403(0.333381), 
  id=106, 44(0.33322), 385(0.333338), 403(0.333381), 
  id=107, 44(0.33322), 385(0.333338), 403(0.333381), 
  id=108, 44(0.33322), 385(0.333338), 403(0.333381), 
  id=109, 44(0.33322), 385(0.333338), 403(0.333381), 
  id=110, 144(1), 
  id=111, 44(0.33322), 385(0.333338), 403(0.333381), 
  id=112, 44(0.333219), 385(0.333338), 403(0.333365), 
  id=113, 175(0.666536), 333(0.333398), 
  id=114, 44(0.33322), 385(0.333338), 403(0.333381), 
  id=115, 44(0.333219), 385(0.333337), 403(0.33338), 
  id=116, 44(0.33322), 385(0.333338), 403(0.333381), 
  id=117, 44(0.33322), 385(0.333338), 403(0.333381), 
  id=118, 44(0.33322), 385(0.333338), 403(0.333381), 
  id=119, 144(1), 
  id=120, 44(0.33322), 385(0.333338), 403(0.333381), 
  id=121, 144(1), 
  id=122, 144(1), 
  id=123, 44(0.33322), 385(0.333338), 403(0.333381), 
  id=124, 144(1), 
  id=125, 175(0.666602), 333(0.333398), 
  id=126, 144(1), 
  id=127, 175(0.333175), 385(0.333338), 403(0.333381), 
  id=128, 144(1), 
  id=129, 44(0.33322), 385(0.333338), 403(0.333381), 
  id=130, 144(1), 
  id=131, 44(0.333219), 385(0.333338), 403(0.333381), 
  id=132, 175(0.666602), 333(0.333398), 
  id=133, 144(0.333231), 385(0.333338), 403(0.333381), 
  id=134, 44(0.333219), 385(0.333338), 403(0.333381), 
  id=135, 144(1), 
  id=136, 144(0.333327), 175(0.666602), 
  id=137, 144(1), 
  id=138, 175(0.666602), 333(0.333398), 
  id=139, 144(1), 
  id=140, 144(1), 
  id=141, 44(0.333219), 385(0.333338), 403(0.333381), 
  id=142, 144(1), 
  id=143, 175(0.666602), 333(0.333398), 
  id=144, 144(1), 
  id=145, 144(1), 
  id=146, 175(0.666602), 333(0.333398), 
  id=147, 44(0.333219), 385(0.333338), 403(0.33338), 
  id=148, 175(0.666602), 333(0.333398), 
  id=149, 44(0.333219), 385(0.333337), 403(0.33338), 
  id=150, 175(0.666602), 333(0.333398), 
  id=151, 44(0.333219), 385(0.333332), 403(0.333381), 
  id=152, 144(1), 
  id=153, 144(1), 
  id=154, 44(0.333219), 385(0.333338), 403(0.33338), 
  id=155, 144(1), 
  id=156, 175(0.666602), 333(0.333398), 
  id=157, 144(0.99999), 
  id=158, 44(0.333219), 385(0.333331), 403(0.333381), 
  id=159, 144(0.999989), 
  id=160, 144(1), 
  id=161, 44(0.333219), 385(0.333338), 403(0.333372), 
  id=162, 144(1), 
  id=163, 175(0.666602), 333(0.333389), 
  id=164, 144(0.99999), 
  id=165, 175(0.666602), 352(0.333152), 
  id=166, 175(0.666602), 333(0.333398), 
  id=167, 44(0.333219), 385(0.333338), 403(0.33338), 
  id=168, 175(0.666602), 333(0.333398), 
  id=169, 175(0.666592), 333(0.333398), 
  id=170, 144(1), 
  id=171, 44(0.333219), 385(0.333338), 403(0.33338), 
  id=172, 144(0.99999), 
  id=173, 175(0.666602), 333(0.333398), 
  id=174, 175(0.666598), 352(0.333213), 
  id=175, 175(0.666598), 352(0.333213), 
  id=176, 175(0.666602), 333(0.333398), 
  id=177, 175(0.666608), 352(0.333223), 
  id=178, 175(0.666601), 352(0.333216), 
  id=179, 44(0.333219), 385(0.333338), 403(0.33338), 
  id=180, 175(0.666607), 352(0.333222), 
  id=181, 175(0.666605), 352(0.33322), 
  id=182, 175(0.666599), 352(0.333214), 
  id=183, 175(0.666602), 352(0.333217), 
  id=184, 44(0.333218), 385(0.333337), 403(0.33338), 
  id=185, 175(0.666602), 242(0.333366), 
  id=186, 175(0.666602), 242(0.33339), 
  id=187, 175(0.666602), 333(0.333398), 
  id=188, 175(0.333207), 242(0.666783), 
  id=189, 175(0.666607), 352(0.333222), 
  id=190, 175(0.666602), 242(0.333387), 
  id=191, 144(0.666773), 352(0.333217), 
  id=192, 175(0.666598), 352(0.333213), 
  id=193, 175(0.66661), 352(0.333225), 
  id=194, 175(0.666602), 242(0.333398), 
  id=195, 175(0.666598), 352(0.333213), 
  id=196, 242(0.666775), 352(0.333217), 
  id=197, 175(0.666602), 333(0.333398), 
  id=198, 175(0.666602), 352(0.333081), 
  id=199, 175(0.666599), 352(0.333214), 
  id=200, 242(0.666774), 352(0.333217), 
  id=201, 242(0.666773), 352(0.333217), 
  id=202, 175(0.333217), 242(0.666783), 
  id=203, 175(0.333192), 242(0.666783), 
  id=204, 175(0.333195), 242(0.666783), 
  id=205, 175(0.333217), 242(0.666783), 
  id=206, 175(0.333026), 242(0.666783), 
  id=207, 242(0.666773), 352(0.333217), 
  id=208, 175(0.666601), 352(0.333217), 
  id=209, 242(0.666783), 333(0.333044), 
  id=210, 242(0.666775), 352(0.333217), 
  id=211, 242(0.666773), 352(0.333217), 
  id=212, 175(0.666602), 242(0.333364), 
  id=213, 242(0.666774), 352(0.333217), 
  id=214, 175(0.333217), 242(0.666783), 
  id=215, 242(0.666774), 352(0.333217), 
  id=216, 175(0.666602), 242(0.333398), 
  id=217, 175(0.666598), 352(0.333213), 
  id=218, 242(0.666783), 352(0.333208), 
  id=219, 175(0.333217), 242(0.666783), 
  id=220, 242(0.666773), 352(0.333217), 
  id=221, 242(0.666766), 352(0.333217), 
  id=222, 242(0.666774), 352(0.333217), 
  id=223, 242(0.666774), 352(0.333217), 
  id=224, 242(0.666768), 352(0.333217), 
  id=225, 242(0.666783), 352(0.333217), 
  id=226, 242(0.666774), 352(0.333217), 
  id=227, 242(0.666783), 352(0.333207), 
  id=228, 242(0.666783), 352(0.333217), 
  id=229, 242(0.666783), 352(0.333206), 
  id=230, 242(0.666774), 352(0.333217), 
  id=231, 242(0.666773), 352(0.333217), 
  id=232, 242(0.666783), 352(0.333207), 
  id=233, 242(0.666783), 352(0.333134), 
  id=234, 242(0.666775), 352(0.333217), 
  id=235, 242(0.666783), 352(0.333208), 
  id=236, 242(0.666783), 352(0.333206), 
  id=237, 242(0.666783), 352(0.333208), 
  id=238, 242(0.666783), 352(0.333207), 
  id=239, 242(0.666783), 352(0.333217), 
  id=240, 242(0.666775), 352(0.333217), 
  id=241, 242(0.666783), 352(0.333206), 
  id=242, 242(0.666773), 352(0.333217), 
  id=243, 242(0.666783), 352(0.333217), 
  id=244, 242(0.666783), 352(0.333217), 
  id=245, 242(0.666783), 352(0.333207), 
  id=246, 242(0.666774), 352(0.333217), 
  id=247, 242(0.666773), 352(0.333217), 
  id=248, 242(0.666783), 352(0.333209), 
  id=249, 242(0.666783), 352(0.333217), 
  id=250, 242(0.666774), 352(0.333217), 
  id=251, 242(0.666783), 352(0.333207), 
  id=252, 242(0.666783), 352(0.333217), 
  id=253, 242(0.666783), 352(0.333217), 
  id=254, 242(0.666775), 352(0.333217), 
  id=255, 242(0.666773), 352(0.333217), 
  id=256, 242(0.666773), 352(0.333217), 
  id=257, 242(0.666783), 352(0.333217), 
  id=258, 242(0.666773), 352(0.333217), 
  id=259, 242(0.666783), 352(0.333206), 
  id=260, 242(0.666783), 352(0.333206), 
  id=261, 242(0.666783), 352(0.333211), 
  id=262, 242(0.666773), 352(0.333217), 
  id=263, 242(0.666783), 352(0.33321), 
  id=264, 242(0.666774), 352(0.333217), 
  id=265, 242(0.666783), 352(0.333217), 
  id=266, 242(0.666783), 352(0.333217), 
  id=267, 242(0.666783), 352(0.333217), 
  id=268, 242(0.666783), 352(0.333209), 
  id=269, 242(0.666774), 352(0.333217), 
  id=270, 242(0.666783), 352(0.333217), 
  id=271, 242(0.666783), 352(0.333217), 
  id=272, 242(0.666783), 352(0.333217), 
  id=273, 242(0.666783), 352(0.333208), 
  id=274, 242(0.666783), 352(0.333217), 
  id=275, 242(0.666783), 352(0.333217), 
  id=276, 242(0.666783), 352(0.333217), 
  id=277, 242(0.666783), 352(0.333217), 
  id=278, 242(0.666783), 352(0.333208), 
  id=279, 242(0.666783), 352(0.333217), 
  id=280, 242(0.666783), 352(0.333217), 
  id=281, 242(0.666783), 352(0.333217), 
  id=282, 242(0.666783), 352(0.333217), 
  id=283, 242(0.666783), 352(0.333217), 
  id=284, 242(0.666783), 352(0.333217), 
  id=285, 242(0.666783), 352(0.333217), 
  id=286, 242(0.666783), 352(0.333217), 
  id=287, 242(0.666783), 352(0.333217), 
  id=288, 242(0.666783), 352(0.333217), 
  id=289, 242(0.666783), 352(0.333217), 
  id=290, 242(0.666783), 352(0.333217), 
  id=291, 242(0.666783), 352(0.333217), 
  id=292, 242(0.666783), 352(0.333217), 
  id=293, 242(0.666783), 352(0.333217), 
  id=294, 242(0.666783), 352(0.333217), 
  id=295, 242(0.666783), 352(0.333217), 
  id=296, 242(0.666783), 352(0.333217), 
  id=297, 242(0.666783), 352(0.333217), 
  id=298, 242(0.666783), 352(0.333217), 
  id=299, 242(0.666783), 352(0.333217), 
  id=300, 242(0.666783), 352(0.333217), 
  id=301, 242(0.666783), 352(0.333217), 
  id=302, 242(0.666783), 352(0.333217), 
  id=303, 242(0.666783), 352(0.333217), 
  id=304, 242(0.666783), 352(0.333217), 
  id=305, 242(0.666783), 352(0.333217), 
  id=306, 242(0.666783), 352(0.333217), 
  id=307, 242(0.666783), 352(0.333217), 
  id=308, 242(0.666783), 352(0.333217), 
  id=309, 242(0.666783), 352(0.333217), 
  id=310, 242(0.666783), 352(0.333217), 
  id=311, 242(0.666783), 352(0.333217), 
  id=312, 242(0.666783), 352(0.333217), 
  id=313, 242(0.666783), 352(0.333217), 
  id=314, 242(0.666783), 352(0.333217), 
  id=315, 242(0.666783), 352(0.333217), 
d = 2
  id=316, 42(0.666628), 385(0.33334), 
  id=317, 42(0.666625), 385(0.333337), 
  id=318, 42(0.666626), 385(0.333338), 
  id=319, 42(0.666628), 385(0.33334), 
  id=320, 42(0.666625), 385(0.333337), 
  id=321, 42(0.666625), 385(0.333337), 
  id=322, 42(0.666625), 385(0.333337), 
  id=323, 42(0.666625), 385(0.333338), 
  id=324, 42(0.666625), 385(0.333338), 
  id=325, 42(0.666625), 385(0.333337), 
  id=326, 42(0.666626), 385(0.333338), 
  id=327, 42(0.666626), 385(0.333338), 
  id=328, 42(0.666625), 385(0.333337), 
  id=329, 42(0.666625), 385(0.333337), 
  id=330, 42(0.666626), 385(0.333338), 
  id=331, 42(0.666627), 385(0.333339), 
  id=332, 242(0.666783), 352(0.333208), 
  id=333, 242(0.666783), 352(0.333212), 
  id=334, 242(0.666783), 352(0.333212), 
  id=335, 242(0.66678), 352(0.333212), 
  id=336, 242(0.666783), 352(0.333212), 
  id=337, 242(0.666783), 352(0.333211), 
  id=338, 242(0.666783), 352(0.333212), 
  id=339, 242(0.66678), 352(0.333212), 
  id=340, 242(0.666783), 352(0.333212), 
  id=341, 242(0.666783), 352(0.333212), 
  id=342, 242(0.666783), 352(0.333212), 
  id=343, 242(0.666779), 352(0.333212), 
  id=344, 242(0.666783), 352(0.333211), 
  id=345, 242(0.666783), 352(0.333211), 
  id=346, 242(0.666777), 352(0.333212), 
  id=347, 242(0.666783), 352(0.333212), 
  id=348, 242(0.666783), 352(0.333212), 
  id=349, 242(0.666783), 352(0.333212), 
  id=350, 242(0.666781), 352(0.333212), 
  id=351, 242(0.666783), 352(0.333212), 
  id=352, 242(0.666783), 352(0.333212), 
  id=353, 242(0.66678), 352(0.333212), 
  id=354, 242(0.666783), 352(0.333212), 
  id=355, 242(0.666783), 352(0.333212), 
  id=356, 242(0.666783), 352(0.333212), 
  id=357, 242(0.666783), 352(0.333212), 
  id=358, 242(0.666783), 352(0.333212), 
  id=359, 242(0.666783), 352(0.333212), 
  id=360, 242(0.666783), 352(0.333212), 
  id=361, 242(0.666783), 352(0.333212), 
  id=362, 242(0.666783), 352(0.333212), 
  id=363, 242(0.666783), 352(0.333212), 
  id=364, 242(0.666783), 352(0.333212), 
  id=365, 242(0.666783), 352(0.333212), 
  id=366, 242(0.666783), 352(0.333212), 
  id=367, 242(0.666783), 352(0.333212), 
  id=368, 242(0.666783), 352(0.333212), 
  id=369, 242(0.666783), 352(0.333212), 
  id=370, 242(0.666783), 352(0.333212), 
  id=371, 242(0.666783), 352(0.333212), 
  id=372, 242(0.666783), 352(0.333212), 
  id=373, 242(0.666783), 352(0.333212), 
  id=374, 242(0.666783), 352(0.333212), 
d = 3
  id=375, 42(0.666625), 385(0.332779), 
  id=376, 42(0.666625), 385(0.332779), 
  id=377, 42(0.666626), 385(0.33278), 
  id=378, 42(0.666625), 385(0.332779), 
  id=379, 42(0.666625), 385(0.332779), 
  id=380, 42(0.666626), 385(0.33278), 
  id=381, 42(0.666626), 385(0.332779), 
  id=382, 42(0.666626), 385(0.33278), 
  id=383, 42(0.666626), 385(0.332779), 
  id=384, 42(0.666625), 385(0.332779), 
  id=385, 42(0.666625), 385(0.332779), 
  id=386, 42(0.666626), 385(0.332779), 
  id=387, 42(0.666626), 385(0.33278), 
  id=388, 42(0.666626), 385(0.332779), 
  id=389, 42(0.666626), 385(0.332779), 
  id=390, 42(0.666626), 385(0.33278), 
  id=391, 42(0.666626), 385(0.33278), 
  id=392, 42(0.666626), 385(0.33278), 
d = 4
  id=393, 42(0.666626), 44(0.333219), 
  id=394, 42(0.666626), 44(0.333219), 
  id=395, 42(0.666625), 44(0.333219), 
  id=396, 42(0.666626), 44(0.333219), 
  id=397, 42(0.666626), 44(0.333219), 
  id=398, 42(0.666626), 44(0.333219), 
  id=399, 42(0.666626), 44(0.333219), 
  id=400, 42(0.666626), 44(0.333219), 
  id=401, 42(0.666625), 44(0.333219), 
  id=402, 42(0.666626), 44(0.333219), 
  id=403, 42(0.666626), 44(0.333219), 
  id=404, 42(0.666626), 44(0.333219), 
  id=405, 42(0.666625), 44(0.333219), 
  id=406, 42(0.666626), 44(0.333219), 
  id=407, 42(0.666625), 44(0.333219), 
  id=408, 42(0.666626), 44(0.333219), 
  id=409, 42(0.666626), 44(0.333219), 
  id=410, 42(0.666626), 44(0.333219), 
  id=411, 42(0.666626), 44(0.333219), 
d = 5
  id=412, 175(0.666602), 333(0.333398), 
  id=413, 87(0.333384), 175(0.666606), 
  id=414, 87(0.333377), 175(0.6666), 
  id=415, 175(0.666602), 333(0.333398), 
  id=416, 87(0.333384), 175(0.666606), 
  id=417, 87(0.333376), 175(0.666598), 
  id=418, 175(0.666602), 333(0.333398), 
  id=419, 175(0.666602), 333(0.333398), 
  id=420, 175(0.666602), 333(0.333397), 
  id=421, 175(0.666602), 333(0.333394), 
  id=422, 175(0.666602), 333(0.333398), 
  id=423, 87(0.333383), 175(0.666605), 
  id=424, 87(0.33338), 175(0.666573), 
  id=425, 87(0.333375), 175(0.666597), 
  id=426, 87(0.333383), 175(0.666605), 
  id=427, 87(0.333381), 175(0.666603), 
  id=428, 87(0.333377), 175(0.666599), 
  id=429, 175(0.666602), 333(0.333361), 
  id=430, 87(0.333377), 175(0.666599), 
  id=431, 87(0.333382), 175(0.666604), 
  id=432, 87(0.33338), 175(0.666602), 
  id=433, 87(0.33338), 175(0.666573), 
  id=434, 87(0.333378), 175(0.6666), 
  id=435, 87(0.33338), 175(0.66656), 
  id=436, 87(0.33338), 175(0.666572), 
  id=437, 87(0.33338), 175(0.666602), 
  id=438, 87(0.33338), 175(0.666578), 
  id=439, 87(0.33338), 175(0.666602), 
