Time Objective
0.804601 456.325
2.11324 401.969
2.87089 371.875
3.58841 341.41
4.32854 328.029
5.07344 321.459
5.80842 307.746
6.53023 306
7.15808 299.943
7.59312 298.812
7.7173 298.55
7.74509 298.55
7.77379 298.55
7.79042 298.55
7.80604 298.55
7.82144 298.55
7.83719 298.55
7.85167 298.55
7.86676 298.55
7.88234 298.55
7.89823 298.55
7.91299 298.55
7.92801 298.55
7.94398 298.55
7.96023 298.55
7.97594 298.55
7.9905 298.55
8.00628 298.55
8.02197 298.55
8.03746 298.55
8.05239 298.55
8.06736 298.55
8.08339 298.55
8.09912 298.55
8.11459 298.55
8.12913 298.55
8.14521 298.55
8.1611 298.55
8.1769 298.55
8.1919 298.55
8.2082 298.55
8.22397 298.55
8.23962 298.55
8.25566 298.55
8.27041 298.55
8.28576 298.55
8.30149 298.55
8.31759 298.55
8.33287 298.55
8.34769 298.55
8.36363 298.55
8.37932 298.55
8.39515 298.55
8.40986 298.55
8.42542 298.55
8.44166 298.55
8.45772 298.55
8.47373 298.55
8.48846 298.55
8.50445 298.55
8.52025 298.55
8.53618 298.55
8.5515 298.55
8.56671 298.55
8.58261 298.55
8.59824 298.55
8.61358 298.55
8.62832 298.55
8.6436 298.55
8.65917 298.55
8.6747 298.55
8.68941 298.55
8.70458 298.55
8.72026 298.55
8.73628 298.55
8.75193 298.55
8.76643 298.55
8.78208 298.55
8.79805 298.55
8.81368 298.55
8.82827 298.55
8.84392 298.55
8.85992 298.55
8.87533 298.55
8.89098 298.55
8.9055 298.55
8.92135 298.55
8.93736 298.55
8.95324 298.55
8.96813 298.55
8.9838 298.55
8.99954 298.55
9.01534 298.55
9.03135 298.55
9.04583 298.55
9.06149 298.55
9.07748 298.55
9.09353 298.55
9.10886 298.55
9.12375 298.55
