time objective
0.0273092 512.036
0.0307268 512.036
0.034608 512.036
0.0381941 512.036
0.0418204 512.036
0.0461385 512.036
0.0528563 512.036
0.0593704 512.036
0.0660043 512.036
0.0726612 512.036
0.079119 512.036
0.0858096 512.036
0.0925428 512.036
0.0992321 512.036
0.105689 512.036
0.112232 512.036
0.118747 512.036
0.12525 512.036
0.132061 512.036
0.138735 512.036
0.145257 512.036
0.159748 512.036
0.166484 512.036
0.173263 512.036
0.180245 512.036
0.186785 512.036
0.193364 512.036
0.199938 512.036
0.206486 512.036
0.212847 512.036
0.216261 512.036
0.219562 512.036
0.222872 512.036
0.226633 512.036
0.23041 512.036
0.234037 512.036
0.23765 512.036
0.241646 512.036
0.245548 512.036
0.249421 512.036
0.2533 512.036
0.257279 512.036
0.261447 512.036
0.265273 512.036
0.269224 512.036
0.273604 512.036
0.277824 512.036
0.282272 512.036
0.286604 512.036
0.291084 512.036
0.29552 512.036
0.300066 512.036
0.304732 512.036
0.309345 512.036
0.314014 512.036
0.318757 512.036
0.323555 512.036
0.328443 512.036
0.333471 512.036
0.338443 512.036
0.343276 512.036
0.348045 512.036
0.352789 512.036
0.357966 512.036
0.362926 512.036
0.36775 512.036
0.372928 512.036
0.377888 512.036
0.382765 512.036
0.387591 512.036
0.392792 512.036
0.397691 512.036
0.402557 512.036
0.407353 512.036
0.41252 512.036
0.417303 512.036
0.422302 512.036
0.427113 512.036
0.431962 512.036
0.436845 512.036
0.441683 512.036
0.446478 512.036
0.451503 512.036
0.456358 512.036
0.461183 512.036
0.466088 512.036
0.470958 512.036
0.475938 512.036
0.481261 512.036
0.486314 512.036
0.491248 512.036
0.496141 512.036
0.501039 512.036
0.505829 512.036
0.510828 512.036
0.51561 512.036
0.520504 512.036
0.525317 512.036
0.530426 512.036
0.535377 512.036
0.541053 512.036
0.546377 512.036
0.551802 512.036
0.557107 512.036
0.569512 512.036
0.575477 512.036
0.582201 512.036
0.588737 512.036
0.595323 512.036
0.602093 512.036
0.608708 512.036
0.617139 512.036
0.623665 512.036
0.630341 512.036
0.637257 512.036
0.643825 512.036
0.650624 512.036
0.657287 512.036
0.663876 512.036
0.670663 512.036
0.677301 512.036
0.684172 512.036
0.690741 512.036
0.697343 512.036
0.703945 512.036
0.710439 512.036
0.71675 512.036
0.720001 512.036
0.72375 512.036
0.72723 512.036
0.730953 512.036
0.739699 512.036
0.749659 512.036
0.755996 512.036
0.762649 512.036
0.778463 512.036
0.785306 512.036
0.791936 512.036
0.798432 512.036
0.805088 512.036
0.811694 512.036
0.818336 512.036
0.824957 512.036
0.831462 512.036
0.837953 512.036
0.844674 512.036
0.851441 512.036
0.858036 512.036
0.86491 512.036
0.871533 512.036
0.878119 512.036
0.885093 512.036
0.891645 512.036
0.899846 512.036
0.909483 512.036
0.919773 512.036
0.926336 512.036
0.932683 512.036
0.936146 512.036
0.939501 512.036
0.942872 512.036
0.946547 512.036
0.950072 512.036
0.953854 512.036
0.957715 512.036
0.961608 512.036
0.965525 512.036
0.969406 512.036
0.973657 512.036
0.977744 512.036
0.981998 512.036
0.986197 512.036
0.990607 512.036
0.995194 512.036
0.999449 512.036
1.00399 512.036
1.00881 512.036
1.01328 512.036
1.01774 512.036
1.02237 512.036
1.02688 512.036
1.03173 512.036
1.0365 512.036
1.04141 512.036
1.0461 512.036
1.05078 512.036
1.0557 512.036
1.06081 512.036
1.06563 512.036
1.07061 512.036
1.07563 512.036
1.08212 512.036
1.08959 512.036
1.09862 512.036
1.10538 512.036
1.1121 512.036
1.11868 512.036
1.12526 512.036
1.13203 512.036
1.1388 512.036
1.1454 512.036
1.15202 512.036
1.15869 512.036
1.16547 512.036
1.1722 512.036
1.17869 512.036
1.18492 512.036
1.18828 512.036
1.19178 512.036
1.19515 512.036
1.19889 512.036
1.20293 512.036
1.20665 512.036
1.21065 512.036
1.21474 512.036
1.21877 512.036
1.22308 512.036
1.22733 512.036
1.23155 512.036
1.23582 512.036
1.2401 512.036
1.24435 512.036
1.24895 512.036
1.25318 512.036
1.25751 512.036
1.26189 512.036
1.26617 512.036
1.27077 512.036
1.2754 512.036
1.28031 512.036
1.28515 512.036
1.29007 512.036
1.29489 512.036
1.29971 512.036
1.30477 512.036
1.31016 512.036
1.3151 512.036
1.3201 512.036
1.32512 512.036
1.33014 512.036
1.33509 512.036
1.33994 512.036
1.34481 512.036
1.34975 512.036
1.35474 512.036
1.35977 512.036
1.36493 512.036
1.36982 512.036
1.37466 512.036
1.3801 512.036
1.38519 512.036
1.39017 512.036
1.39498 512.036
1.40001 512.036
1.40491 512.036
1.40993 512.036
1.41492 512.036
1.41977 512.036
1.42474 512.036
1.42973 512.036
1.43455 512.036
1.43939 512.036
1.44427 512.036
1.44907 512.036
1.4539 512.036
1.4587 512.036
1.46352 512.036
1.46855 512.036
1.48364 512.036
1.49024 512.036
1.4968 512.036
1.50045 512.036
1.50402 512.036
1.50744 512.036
1.51061 512.036
1.51396 512.036
1.51735 512.036
1.5207 512.036
1.52402 512.036
1.52752 512.036
1.53096 512.036
1.53467 512.036
1.53832 512.036
1.54211 512.036
1.54601 512.036
1.54977 512.036
1.55349 512.036
1.55731 512.036
1.56129 512.036
1.56534 512.036
1.56971 512.036
1.57651 512.036
1.58311 512.036
1.59002 512.036
1.5969 512.036
1.60366 512.036
1.61011 512.036
1.61663 512.036
1.62305 512.036
1.62988 512.036
1.63642 512.036
1.64298 512.036
1.64967 512.036
1.65619 512.036
1.66262 512.036
1.66916 512.036
1.67564 512.036
1.68231 512.036
1.68873 512.036
1.69229 512.036
1.69618 512.036
1.69963 512.036
1.70332 512.036
1.70725 512.036
1.7111 512.036
1.71454 512.036
1.71821 512.036
1.72153 512.036
1.72503 512.036
1.72822 512.036
1.73145 512.036
1.73497 512.036
1.73827 512.036
1.74174 512.036
1.74529 512.036
1.74893 512.036
1.7526 512.036
1.75617 512.036
1.75974 512.036
1.76375 512.036
1.76874 512.036
1.77743 512.036
1.78619 512.036
1.79418 512.036
1.80191 512.036
1.81083 512.036
1.81642 512.036
1.82193 512.036
1.82736 512.036
1.83312 512.036
1.83882 512.036
1.84452 512.036
1.85003 512.036
1.85563 512.036
1.85926 512.036
1.86269 512.036
1.86634 512.036
1.86994 512.036
1.87348 512.036
1.87724 512.036
1.88086 512.036
1.88417 512.036
1.88745 512.036
1.89937 512.036
1.90292 512.036
1.90621 512.036
1.90999 512.036
1.91338 512.036
1.91674 512.036
1.92007 512.036
1.92362 512.036
1.92683 512.036
1.93018 512.036
1.93369 512.036
1.93693 512.036
1.94023 512.036
1.94354 512.036
1.9468 512.036
1.95 512.036
1.95362 512.036
1.95694 512.036
1.96028 512.036
1.96359 512.036
1.96684 512.036
1.97002 512.036
1.97355 512.036
1.97709 512.036
1.98063 512.036
1.984 512.036
1.98717 512.036
1.99067 512.036
1.99395 512.036
1.99715 512.036
2.00052 512.036
2.00388 512.036
2.00709 512.036
2.01052 512.036
2.01384 512.036
2.01719 512.036
2.02047 512.036
2.02392 512.036
2.02709 512.036
2.03036 512.036
2.03387 512.036
2.03745 512.036
2.04079 512.036
2.04414 512.036
2.04756 512.036
2.05085 512.036
2.05413 512.036
2.05741 512.036
2.06063 512.036
2.06383 512.036
2.06702 512.036
2.07022 512.036
2.07348 512.036
2.07676 512.036
2.0801 512.036
2.08357 512.036
2.08717 512.036
2.09056 512.036
2.09399 512.036
2.0972 512.036
2.10081 512.036
2.10426 512.036
2.10783 512.036
2.12847 512.036
2.13206 512.036
2.13554 512.036
2.13892 512.036
2.14226 512.036
2.14562 512.036
2.14892 512.036
2.15227 512.036
2.15564 512.036
2.15907 512.036
2.16263 512.036
2.1662 512.036
2.16994 512.036
2.17369 512.036
2.17728 512.036
2.18072 512.036
2.1844 512.036
2.18794 512.036
2.19167 512.036
2.19508 512.036
2.19854 512.036
2.20202 512.036
2.20543 512.036
2.20869 512.036
2.21193 512.036
2.21933 512.036
2.22264 512.036
2.22606 512.036
2.22953 512.036
2.23291 512.036
2.23626 512.036
2.23961 512.036
2.24306 512.036
2.2493 512.036
2.2527 512.036
2.25597 512.036
2.25929 512.036
2.26272 512.036
2.26592 512.036
2.26916 512.036
2.27251 512.036
2.27576 512.036
2.27895 512.036
2.28222 512.036
2.28539 512.036
2.28868 512.036
2.29184 512.036
2.29503 512.036
2.29826 512.036
2.30159 512.036
2.3049 512.036
2.30819 512.036
2.31146 512.036
2.3146 512.036
2.31789 512.036
2.32121 512.036
2.32445 512.036
2.32796 512.036
2.33124 512.036
2.33436 512.036
2.33767 512.036
2.34104 512.036
2.34428 512.036
2.34776 512.036
2.3512 512.036
2.35448 512.036
2.35778 512.036
2.36111 512.036
2.36448 512.036
2.36773 512.036
2.37093 512.036
2.37425 512.036
2.37754 512.036
2.38075 512.036
2.38396 512.036
2.38713 512.036
2.39033 512.036
2.39365 512.036
2.39692 512.036
2.40015 512.036
2.40342 512.036
2.40665 512.036
2.40986 512.036
2.41326 512.036
2.41669 512.036
2.41992 512.036
2.42324 512.036
2.42658 512.036
2.42981 512.036
2.43317 512.036
2.43665 512.036
2.43992 512.036
2.44326 512.036
2.44654 512.036
2.44988 512.036
2.45318 512.036
2.45641 512.036
2.45967 512.036
2.46292 512.036
2.46607 512.036
2.46936 512.036
2.47264 512.036
2.47581 512.036
2.47916 512.036
2.48249 512.036
2.48589 512.036
2.48918 512.036
2.49249 512.036
2.49579 512.036
2.49908 512.036
2.50236 512.036
2.50555 512.036
2.50876 512.036
2.51309 512.036
2.51644 512.036
2.52003 512.036
2.52358 512.036
2.52724 512.036
2.53113 512.036
2.53491 512.036
2.53873 512.036
2.5426 512.036
2.54671 512.036
2.55071 512.036
2.55479 512.036
2.559 512.036
2.56306 512.036
2.56736 512.036
2.57174 512.036
2.57653 512.036
2.58072 512.036
2.58498 512.036
2.58938 512.036
2.59359 512.036
2.59788 512.036
2.60148 512.036
2.6048 512.036
2.60817 512.036
2.61147 512.036
2.61523 512.036
2.61837 512.036
2.62177 512.036
2.62523 512.036
2.6286 512.036
2.63182 512.036
2.63509 512.036
2.63825 512.036
2.64159 512.036
2.64486 512.036
2.64828 512.036
2.65156 512.036
2.65477 512.036
2.65799 512.036
2.66164 512.036
2.6654 512.036
2.6689 512.036
2.67284 512.036
2.67689 512.036
2.68075 512.036
2.68504 512.036
2.68926 512.036
2.69358 512.036
2.69763 512.036
2.70182 512.036
2.70599 512.036
2.71022 512.036
2.71457 512.036
2.71881 512.036
2.72322 512.036
2.7275 512.036
2.73174 512.036
2.73645 512.036
2.74123 512.036
2.74581 512.036
2.75032 512.036
2.75486 512.036
2.75952 512.036
2.76446 512.036
2.76931 512.036
2.77399 512.036
2.77892 512.036
2.78379 512.036
2.78865 512.036
2.79355 512.036
2.79846 512.036
2.80337 512.036
2.80847 512.036
2.81329 512.036
2.8181 512.036
2.823 512.036
2.82777 512.036
2.83274 512.036
2.83754 512.036
2.84261 512.036
2.84743 512.036
2.85253 512.036
2.86001 512.036
2.86566 512.036
2.8706 512.036
2.87557 512.036
2.88054 512.036
2.88536 512.036
2.89022 512.036
2.89503 512.036
2.89976 512.036
2.90486 512.036
2.90957 512.036
2.9144 512.036
2.91918 512.036
2.924 512.036
2.92889 512.036
2.93386 512.036
2.93867 512.036
2.94362 512.036
2.94861 512.036
2.95344 512.036
2.95815 512.036
2.96294 512.036
2.96781 512.036
2.97272 512.036
2.97756 512.036
2.98241 512.036
2.98713 512.036
2.9919 512.036
2.99672 512.036
3.0015 512.036
3.00625 512.036
3.01121 512.036
3.01829 512.036
3.02313 512.036
3.02826 512.036
3.03313 512.036
3.03796 512.036
3.04303 512.036
3.04797 512.036
3.05285 512.036
3.05776 512.036
3.06269 512.036
3.06749 512.036
3.07234 512.036
3.07712 512.036
3.08196 512.036
3.08675 512.036
3.09155 512.036
3.09654 512.036
3.10136 512.036
3.10622 512.036
3.11097 512.036
3.11575 512.036
3.12065 512.036
3.12545 512.036
3.13033 512.036
3.13524 512.036
3.14029 512.036
3.14525 512.036
3.15011 512.036
3.15532 512.036
3.16026 512.036
3.165 512.036
3.16983 512.036
3.17474 512.036
3.17958 512.036
3.18468 512.036
3.18954 512.036
3.19444 512.036
3.19939 512.036
3.20441 512.036
3.20934 512.036
3.21412 512.036
3.21907 512.036
3.22399 512.036
3.22904 512.036
3.2338 512.036
3.23873 512.036
3.24352 512.036
3.24841 512.036
3.25337 512.036
3.25833 512.036
3.26319 512.036
3.26806 512.036
3.27288 512.036
3.27818 512.036
3.28298 512.036
3.2896 512.036
3.29449 512.036
3.29986 512.036
3.30533 512.036
3.31092 512.036
3.31655 512.036
3.32203 512.036
3.32886 512.036
3.33449 512.036
3.34013 512.036
3.34823 512.036
3.35882 512.036
3.36568 512.036
3.37239 512.036
3.3803 512.036
3.3868 512.036
3.39282 512.036
3.3961 512.036
3.39944 512.036
3.40309 512.036
3.40691 512.036
3.41099 512.036
3.41472 512.036
3.41854 512.036
3.42269 512.036
3.42681 512.036
3.43091 512.036
3.43513 512.036
3.43949 512.036
3.44372 512.036
3.44797 512.036
3.4523 512.036
3.45654 512.036
3.46077 512.036
3.46497 512.036
3.46915 512.036
3.47338 512.036
3.4777 512.036
3.48215 512.036
3.48642 512.036
3.49108 512.036
3.49557 512.036
3.50043 512.036
3.50498 512.036
3.5096 512.036
3.51439 512.036
3.51915 512.036
3.524 512.036
3.52883 512.036
3.53368 512.036
3.53859 512.036
3.54342 512.036
3.54832 512.036
3.55321 512.036
3.55805 512.036
3.56294 512.036
3.56774 512.036
3.57271 512.036
3.5777 512.036
3.5825 512.036
3.5874 512.036
3.59231 512.036
3.5972 512.036
3.60223 512.036
3.60711 512.036
3.61215 512.036
3.617 512.036
3.62185 512.036
3.62683 512.036
3.63206 512.036
3.63746 512.036
3.64279 512.036
3.64803 512.036
3.65341 512.036
3.65883 512.036
3.66957 512.036
3.67555 512.036
3.68256 512.036
3.68942 512.036
3.69608 512.036
3.70281 512.036
3.70951 512.036
3.71604 512.036
3.72293 512.036
3.72906 512.036
3.73264 512.036
3.73597 512.036
3.73934 512.036
3.74316 512.036
3.74689 512.036
3.75076 512.036
3.75472 512.036
3.75878 512.036
3.76293 512.036
3.76707 512.036
3.77141 512.036
3.77576 512.036
3.78032 512.036
3.78483 512.036
3.78928 512.036
3.79364 512.036
3.79788 512.036
3.80243 512.036
3.80694 512.036
3.81161 512.036
3.81649 512.036
3.82122 512.036
3.826 512.036
3.83091 512.036
3.83567 512.036
3.84051 512.036
3.84549 512.036
3.8504 512.036
3.85521 512.036
3.86006 512.036
3.86491 512.036
3.86976 512.036
3.87458 512.036
3.87937 512.036
3.88424 512.036
3.88909 512.036
3.89405 512.036
3.89893 512.036
3.90394 512.036
3.90885 512.036
3.91382 512.036
3.9189 512.036
3.92439 512.036
3.92964 512.036
3.93483 512.036
3.94016 512.036
3.9454 512.036
3.9507 512.036
3.95601 512.036
3.96132 512.036
3.96708 512.036
3.97478 512.036
3.98077 512.036
3.9876 512.036
3.99418 512.036
4.00085 512.036
4.0057 512.036
4.00897 512.036
4.01214 512.036
4.01534 512.036
4.01857 512.036
4.02191 512.036
4.02522 512.036
4.0284 512.036
4.03174 512.036
4.03491 512.036
4.03803 512.036
4.04121 512.036
4.04444 512.036
4.04763 512.036
4.05088 512.036
4.05417 512.036
4.05742 512.036
4.06079 512.036
4.06477 512.036
4.0716 512.036
4.07917 512.036
4.08274 512.036
4.08619 512.036
4.09013 512.036
4.09459 512.036
4.10117 512.036
4.1077 512.036
4.11437 512.036
4.12094 512.036
4.12763 512.036
4.13424 512.036
4.14088 512.036
4.1475 512.036
4.15421 512.036
4.16074 512.036
4.16729 512.036
4.17409 512.036
4.18072 512.036
4.18729 512.036
4.19456 512.036
4.20137 512.036
4.20787 512.036
4.21439 512.036
4.22096 512.036
4.22967 512.036
4.23633 512.036
4.24286 512.036
4.24935 512.036
4.256 512.036
4.26255 512.036
4.26901 512.036
4.27566 512.036
4.28228 512.036
4.28897 512.036
4.29583 512.036
4.30228 512.036
4.30896 512.036
4.31567 512.036
4.32228 512.036
4.32898 512.036
4.33582 512.036
4.34259 512.036
4.34933 512.036
4.35603 512.036
4.36265 512.036
4.3693 512.036
4.37276 512.036
4.37608 512.036
4.37929 512.036
4.38248 512.036
4.38569 512.036
4.38907 512.036
4.39241 512.036
4.39576 512.036
4.39909 512.036
4.40226 512.036
4.40558 512.036
4.40886 512.036
4.41217 512.036
4.41544 512.036
4.41896 512.036
4.42261 512.036
4.42615 512.036
4.42991 512.036
4.43362 512.036
4.4373 512.036
4.44097 512.036
4.44462 512.036
4.44841 512.036
4.45235 512.036
4.45627 512.036
4.46045 512.036
4.4646 512.036
4.46874 512.036
4.47309 512.036
4.47746 512.036
4.48186 512.036
4.48613 512.036
4.49061 512.036
4.49488 512.036
4.49957 512.036
4.50423 512.036
4.50872 512.036
4.51326 512.036
4.51783 512.036
4.52249 512.036
4.52722 512.036
4.53216 512.036
4.53703 512.036
4.54194 512.036
4.5469 512.036
4.55181 512.036
4.55674 512.036
4.56161 512.036
4.56656 512.036
4.57141 512.036
4.57641 512.036
4.58144 512.036
4.58635 512.036
4.59122 512.036
4.596 512.036
4.60081 512.036
4.60563 512.036
4.61044 512.036
4.61534 512.036
4.62031 512.036
4.62507 512.036
4.62992 512.036
4.6348 512.036
4.6396 512.036
4.64461 512.036
4.64961 512.036
4.65441 512.036
4.65918 512.036
4.66395 512.036
4.66869 512.036
4.67354 512.036
4.67836 512.036
4.68323 512.036
4.68821 512.036
4.69303 512.036
4.69781 512.036
4.70262 512.036
4.70762 512.036
4.71304 512.036
4.71832 512.036
4.7297 512.036
4.73514 512.036
4.74963 512.036
4.75626 512.036
4.76286 512.036
4.76973 512.036
4.77652 512.036
4.78298 512.036
4.78962 512.036
4.79613 512.036
4.80259 512.036
4.80873 512.036
4.81215 512.036
4.81542 512.036
4.81872 512.036
4.82223 512.036
4.8258 512.036
4.82931 512.036
4.83286 512.036
4.83673 512.036
4.84057 512.036
4.84441 512.036
4.8483 512.036
4.85226 512.036
4.85619 512.036
4.86038 512.036
4.86462 512.036
4.86874 512.036
4.87298 512.036
4.8771 512.036
4.88141 512.036
4.88565 512.036
4.89018 512.036
4.89446 512.036
4.89871 512.036
4.90288 512.036
4.90718 512.036
4.91159 512.036
4.91591 512.036
4.92031 512.036
4.92467 512.036
4.92897 512.036
4.93317 512.036
4.9374 512.036
4.94161 512.036
4.94592 512.036
4.95029 512.036
4.95483 512.036
4.95936 512.036
4.96407 512.036
4.96882 512.036
4.97383 512.036
4.97876 512.036
4.98364 512.036
4.98862 512.036
4.99354 512.036
4.99838 512.036
5.00338 512.036
5.0081 512.036
5.01295 512.036
5.01782 512.036
5.0227 512.036
5.02754 512.036
5.03249 512.036
5.03725 512.036
5.0421 512.036
5.04684 512.036
5.05175 512.036
5.05659 512.036
5.06157 512.036
5.06646 512.036
5.07142 512.036
5.0764 512.036
5.0815 512.036
5.08642 512.036
5.09122 512.036
5.09611 512.036
5.10099 512.036
5.10601 512.036
5.11077 512.036
5.11573 512.036
5.12067 512.036
5.12546 512.036
5.13025 512.036
5.13524 512.036
5.13999 512.036
5.14474 512.036
5.14945 512.036
5.15423 512.036
5.15901 512.036
5.16376 512.036
5.16867 512.036
5.17344 512.036
5.17823 512.036
5.18313 512.036
5.1879 512.036
5.19285 512.036
5.19772 512.036
5.20244 512.036
5.20738 512.036
5.21234 512.036
5.21721 512.036
5.22225 512.036
5.22711 512.036
5.23188 512.036
5.23686 512.036
5.24172 512.036
5.24667 512.036
5.25144 512.036
5.25653 512.036
5.26133 512.036
5.26615 512.036
5.27109 512.036
5.27616 512.036
5.28107 512.036
5.28594 512.036
5.2908 512.036
5.29578 512.036
5.30088 512.036
5.30568 512.036
5.31057 512.036
5.31539 512.036
5.32021 512.036
5.32506 512.036
5.32982 512.036
5.3345 512.036
5.33933 512.036
5.34429 512.036
5.34909 512.036
5.3676 512.036
5.37233 512.036
5.3759 512.036
5.38087 512.036
5.38645 512.036
5.39198 512.036
5.39762 512.036
5.40311 512.036
5.40867 512.036
5.41334 512.036
5.41709 512.036
5.42045 512.036
5.424 512.036
5.42745 512.036
5.43082 512.036
5.43442 512.036
5.43795 512.036
5.44164 512.036
5.44537 512.036
5.44941 512.036
5.45325 512.036
5.45699 512.036
5.4613 512.036
5.46799 512.036
5.47569 512.036
5.48166 512.036
5.48796 512.036
5.49451 512.036
5.50106 512.036
5.5077 512.036
5.51426 512.036
5.52097 512.036
5.52748 512.036
5.534 512.036
5.54053 512.036
5.54695 512.036
5.55288 512.036
5.55622 512.036
5.55965 512.036
5.5631 512.036
5.56635 512.036
5.56962 512.036
5.57278 512.036
5.57602 512.036
5.57937 512.036
5.58258 512.036
5.58578 512.036
5.58932 512.036
5.59276 512.036
5.59629 512.036
5.5996 512.036
5.60269 512.036
5.60593 512.036
5.60906 512.036
5.6122 512.036
5.61551 512.036
5.61894 512.036
5.62206 512.036
5.62534 512.036
5.62881 512.036
5.63219 512.036
5.6357 512.036
5.63927 512.036
5.64284 512.036
5.64684 512.036
5.65007 512.036
5.65324 512.036
5.65638 512.036
5.65956 512.036
5.66283 512.036
5.666 512.036
5.66917 512.036
5.67262 512.036
5.67593 512.036
5.67904 512.036
5.68231 512.036
5.68557 512.036
5.6887 512.036
5.69196 512.036
5.69525 512.036
5.69847 512.036
5.70161 512.036
5.70923 512.036
5.71272 512.036
5.71601 512.036
5.71925 512.036
5.72241 512.036
5.72563 512.036
5.72877 512.036
5.73203 512.036
5.73538 512.036
5.73864 512.036
5.74206 512.036
5.7453 512.036
5.74854 512.036
5.75188 512.036
5.7551 512.036
5.75827 512.036
5.76173 512.036
5.76496 512.036
5.76823 512.036
5.77152 512.036
5.775 512.036
5.77829 512.036
5.78169 512.036
5.78494 512.036
5.78821 512.036
5.79157 512.036
5.79491 512.036
5.79906 512.036
5.80232 512.036
5.80556 512.036
5.8088 512.036
5.81212 512.036
5.81536 512.036
5.81913 512.036
5.82257 512.036
5.8259 512.036
5.82932 512.036
5.83279 512.036
5.83594 512.036
5.8393 512.036
5.84268 512.036
5.84596 512.036
5.84933 512.036
5.8526 512.036
5.85596 512.036
5.85909 512.036
5.86227 512.036
5.86553 512.036
5.8687 512.036
5.87202 512.036
5.8754 512.036
5.87863 512.036
5.88176 512.036
5.88519 512.036
5.88871 512.036
5.89206 512.036
5.89537 512.036
5.89857 512.036
5.90181 512.036
5.90511 512.036
5.90849 512.036
5.91251 512.036
5.91587 512.036
5.91904 512.036
5.92239 512.036
5.92568 512.036
5.92888 512.036
5.93216 512.036
5.93546 512.036
5.93858 512.036
5.94182 512.036
5.94518 512.036
5.94859 512.036
5.95202 512.036
5.95529 512.036
5.95851 512.036
5.96174 512.036
5.96495 512.036
5.96831 512.036
5.97163 512.036
5.97476 512.036
5.9779 512.036
5.98108 512.036
5.98423 512.036
5.98755 512.036
5.99087 512.036
5.99404 512.036
5.9973 512.036
6.0005 512.036
6.00363 512.036
6.00689 512.036
6.01009 512.036
6.0132 512.036
6.01638 512.036
6.01981 512.036
6.02298 512.036
6.02638 512.036
6.02959 512.036
6.03279 512.036
6.03606 512.036
6.03929 512.036
6.04248 512.036
6.04566 512.036
6.04878 512.036
6.05205 512.036
6.05528 512.036
6.05842 512.036
6.0616 512.036
6.06483 512.036
6.0682 512.036
6.07148 512.036
6.07479 512.036
6.07804 512.036
6.08136 512.036
6.08446 512.036
6.08776 512.036
6.09092 512.036
6.09406 512.036
6.09727 512.036
6.10065 512.036
6.1039 512.036
6.10707 512.036
6.11032 512.036
6.11361 512.036
6.11678 512.036
6.12024 512.036
6.12361 512.036
6.1268 512.036
6.13 512.036
6.13346 512.036
6.13683 512.036
6.1402 512.036
6.14385 512.036
6.14713 512.036
6.15042 512.036
6.15357 512.036
6.15685 512.036
6.16008 512.036
6.16325 512.036
6.16659 512.036
6.17026 512.036
6.17339 512.036
6.17655 512.036
6.17979 512.036
6.18308 512.036
6.18641 512.036
6.18963 512.036
6.19277 512.036
6.19612 512.036
6.19933 512.036
6.20247 512.036
6.20581 512.036
6.20921 512.036
6.21242 512.036
6.21569 512.036
6.21883 512.036
6.22216 512.036
6.22542 512.036
6.22861 512.036
6.23196 512.036
6.23529 512.036
6.23848 512.036
6.24168 512.036
6.24512 512.036
6.24859 512.036
6.25202 512.036
6.25517 512.036
6.25833 512.036
6.26158 512.036
6.26485 512.036
6.26814 512.036
6.27134 512.036
6.27466 512.036
6.27789 512.036
6.28112 512.036
6.28436 512.036
6.28767 512.036
6.29106 512.036
6.29437 512.036
6.29782 512.036
6.30147 512.036
6.30493 512.036
6.30863 512.036
6.31254 512.036
6.31622 512.036
6.3201 512.036
6.32391 512.036
6.3279 512.036
6.33186 512.036
6.33609 512.036
6.3403 512.036
6.34434 512.036
6.34871 512.036
6.35326 512.036
6.35763 512.036
6.36205 512.036
6.36627 512.036
6.37077 512.036
6.37523 512.036
6.37967 512.036
6.38453 512.036
6.3892 512.036
6.39385 512.036
6.39853 512.036
6.40318 512.036
6.40814 512.036
6.41293 512.036
6.41778 512.036
6.42261 512.036
6.4274 512.036
6.43229 512.036
6.43715 512.036
6.44232 512.036
6.4477 512.036
6.45257 512.036
6.45742 512.036
6.4623 512.036
6.46717 512.036
6.47199 512.036
6.47687 512.036
6.48162 512.036
6.48639 512.036
6.49131 512.036
6.49616 512.036
6.50111 512.036
6.50592 512.036
6.5194 512.036
6.52523 512.036
6.53185 512.036
6.53852 512.036
6.54502 512.036
6.55161 512.036
6.55807 512.036
6.56451 512.036
6.57148 512.036
6.57789 512.036
6.58467 512.036
6.59116 512.036
6.59784 512.036
6.60447 512.036
6.61105 512.036
6.61762 512.036
6.62425 512.036
6.63086 512.036
6.63748 512.036
6.64399 512.036
6.65055 512.036
6.65672 512.036
6.66001 512.036
6.66329 512.036
6.66659 512.036
6.66995 512.036
6.67342 512.036
6.67693 512.036
6.68077 512.036
6.68485 512.036
6.68881 512.036
6.6928 512.036
6.69663 512.036
6.70058 512.036
6.70455 512.036
6.70866 512.036
6.71346 512.036
6.71759 512.036
6.72181 512.036
6.7261 512.036
6.73075 512.036
6.73505 512.036
6.73926 512.036
6.74389 512.036
6.7488 512.036
6.75363 512.036
6.75841 512.036
6.76304 512.036
6.76771 512.036
6.77253 512.036
6.77705 512.036
6.78031 512.036
6.78388 512.036
6.78711 512.036
6.79066 512.036
6.79426 512.036
6.79781 512.036
6.80152 512.036
6.8052 512.036
6.80886 512.036
6.81858 512.036
6.82244 512.036
6.82642 512.036
6.83024 512.036
6.83412 512.036
6.83804 512.036
6.84206 512.036
6.84638 512.036
6.85044 512.036
6.85463 512.036
6.85897 512.036
6.86316 512.036
6.86736 512.036
6.87162 512.036
6.87591 512.036
6.88025 512.036
6.88455 512.036
6.88872 512.036
6.89292 512.036
6.8972 512.036
6.90161 512.036
6.90579 512.036
6.9103 512.036
6.91448 512.036
6.91893 512.036
6.92329 512.036
6.92784 512.036
6.93241 512.036
6.93683 512.036
6.94146 512.036
6.94591 512.036
6.95039 512.036
6.95484 512.036
6.95943 512.036
6.96402 512.036
6.96868 512.036
6.97335 512.036
6.97813 512.036
6.9829 512.036
6.98771 512.036
6.99254 512.036
6.99749 512.036
7.00224 512.036
7.00718 512.036
7.01192 512.036
7.01687 512.036
7.0217 512.036
7.02654 512.036
7.03131 512.036
7.03622 512.036
7.04104 512.036
7.04594 512.036
7.05076 512.036
7.0558 512.036
7.06088 512.036
7.06572 512.036
7.07066 512.036
7.07568 512.036
7.08068 512.036
7.08551 512.036
7.09058 512.036
7.09542 512.036
7.10046 512.036
7.10529 512.036
7.11027 512.036
7.11526 512.036
7.12017 512.036
7.12498 512.036
7.12994 512.036
7.1367 512.036
7.14298 512.036
7.14899 512.036
7.15483 512.036
7.16052 512.036
7.16632 512.036
7.17213 512.036
7.17797 512.036
7.18371 512.036
7.18935 512.036
7.19497 512.036
7.20063 512.036
7.20639 512.036
7.21255 512.036
7.21815 512.036
7.2241 512.036
7.2297 512.036
7.23551 512.036
7.24841 512.036
7.25405 512.036
7.25982 512.036
7.26545 512.036
7.27116 512.036
7.2769 512.036
7.28257 512.036
7.28822 512.036
7.29384 512.036
7.29942 512.036
7.30514 512.036
7.31078 512.036
7.31649 512.036
7.32232 512.036
7.3279 512.036
7.33382 512.036
7.33954 512.036
7.34512 512.036
7.35084 512.036
7.35662 512.036
7.36228 512.036
7.36845 512.036
7.37406 512.036
7.3798 512.036
7.38601 512.036
7.39168 512.036
7.39734 512.036
7.403 512.036
7.40885 512.036
7.41461 512.036
7.42021 512.036
7.42603 512.036
7.43198 512.036
7.43768 512.036
7.44348 512.036
7.44904 512.036
7.45944 512.036
7.46617 512.036
7.47265 512.036
7.47935 512.036
7.48607 512.036
7.49278 512.036
7.4995 512.036
7.50593 512.036
7.5127 512.036
7.51928 512.036
7.52595 512.036
7.53263 512.036
7.53934 512.036
7.54588 512.036
7.55249 512.036
7.55901 512.036
7.56568 512.036
7.57265 512.036
7.57913 512.036
7.58603 512.036
7.59295 512.036
7.59964 512.036
7.60635 512.036
7.61296 512.036
7.6198 512.036
7.6266 512.036
7.63327 512.036
7.64006 512.036
7.64665 512.036
7.6527 512.036
7.65619 512.036
7.65959 512.036
7.66291 512.036
7.66643 512.036
7.67003 512.036
7.67383 512.036
7.67761 512.036
7.68135 512.036
7.68503 512.036
7.68895 512.036
7.69286 512.036
7.69676 512.036
7.70062 512.036
7.70476 512.036
7.70903 512.036
7.71364 512.036
7.71795 512.036
7.72222 512.036
7.72683 512.036
7.7314 512.036
7.73613 512.036
7.74094 512.036
7.74581 512.036
7.75062 512.036
7.75545 512.036
7.76052 512.036
7.76532 512.036
7.77016 512.036
7.77499 512.036
7.77996 512.036
7.78484 512.036
7.78968 512.036
7.79453 512.036
7.79946 512.036
7.80454 512.036
7.80947 512.036
7.81471 512.036
7.82242 512.036
7.82736 512.036
7.83271 512.036
7.8377 512.036
7.84261 512.036
7.84767 512.036
7.85278 512.036
7.85761 512.036
7.86253 512.036
7.86733 512.036
7.87288 512.036
7.87789 512.036
7.88289 512.036
7.88776 512.036
7.89273 512.036
7.89757 512.036
7.90301 512.036
7.90819 512.036
7.91387 512.036
7.91905 512.036
7.92417 512.036
7.92985 512.036
7.93965 512.036
7.94747 512.036
7.95307 512.036
7.9565 512.036
7.95974 512.036
7.96299 512.036
7.96661 512.036
7.97026 512.036
7.97375 512.036
7.97731 512.036
7.981 512.036
7.98468 512.036
7.98871 512.036
7.99268 512.036
7.99685 512.036
8.00089 512.036
8.00498 512.036
8.00908 512.036
8.0133 512.036
8.01745 512.036
8.02195 512.036
8.02628 512.036
8.03062 512.036
8.03477 512.036
8.0393 512.036
8.04387 512.036
8.04848 512.036
8.05305 512.036
8.05748 512.036
8.06215 512.036
8.06664 512.036
8.07113 512.036
8.07572 512.036
8.08046 512.036
8.08505 512.036
8.08981 512.036
8.09451 512.036
8.0993 512.036
8.10418 512.036
8.10897 512.036
8.1139 512.036
8.11876 512.036
8.12362 512.036
8.1285 512.036
8.13332 512.036
8.13808 512.036
8.14293 512.036
8.14765 512.036
8.15254 512.036
8.15731 512.036
8.16211 512.036
8.16696 512.036
8.17189 512.036
8.17682 512.036
8.18163 512.036
8.18646 512.036
8.19142 512.036
8.19616 512.036
8.20084 512.036
8.20565 512.036
8.21044 512.036
8.2153 512.036
8.22004 512.036
8.22506 512.036
8.23023 512.036
8.23507 512.036
8.2399 512.036
8.24501 512.036
8.25021 512.036
8.25566 512.036
8.26084 512.036
8.26606 512.036
8.27128 512.036
8.27651 512.036
8.28179 512.036
8.28695 512.036
8.29229 512.036
8.29755 512.036
8.30285 512.036
8.30816 512.036
8.31346 512.036
8.31874 512.036
8.32414 512.036
8.32954 512.036
8.33501 512.036
8.3404 512.036
8.34579 512.036
8.35115 512.036
8.3567 512.036
8.36247 512.036
8.36778 512.036
8.37322 512.036
8.3786 512.036
8.3842 512.036
8.3901 512.036
8.3957 512.036
8.40142 512.036
8.40709 512.036
8.41285 512.036
8.41848 512.036
8.424 512.036
8.42964 512.036
8.43539 512.036
8.44113 512.036
8.44681 512.036
8.45251 512.036
8.45812 512.036
8.46384 512.036
8.46947 512.036
8.47512 512.036
8.48087 512.036
8.48662 512.036
8.49228 512.036
8.4979 512.036
8.50374 512.036
8.50943 512.036
8.51506 512.036
8.52087 512.036
8.5266 512.036
8.53237 512.036
8.53799 512.036
8.54362 512.036
8.54942 512.036
8.55519 512.036
8.56115 512.036
8.56683 512.036
8.57253 512.036
8.57821 512.036
8.5842 512.036
8.58991 512.036
8.59565 512.036
8.60145 512.036
8.60717 512.036
8.61279 512.036
8.6185 512.036
8.62447 512.036
8.63049 512.036
8.63618 512.036
8.64195 512.036
8.64763 512.036
8.65348 512.036
8.65903 512.036
8.66485 512.036
8.67049 512.036
8.67625 512.036
8.68198 512.036
8.6877 512.036
8.69333 512.036
8.69907 512.036
8.70487 512.036
8.71052 512.036
8.71612 512.036
8.72178 512.036
8.72748 512.036
8.73327 512.036
8.73888 512.036
8.74469 512.036
8.75043 512.036
8.75608 512.036
8.76175 512.036
8.76775 512.036
8.77492 512.036
8.78181 512.036
8.78836 512.036
8.79505 512.036
8.80172 512.036
8.80831 512.036
8.8198 512.036
8.82645 512.036
8.83313 512.036
8.83982 512.036
8.84642 512.036
8.85279 512.036
8.85624 512.036
8.85963 512.036
8.86287 512.036
8.86642 512.036
8.87005 512.036
8.87367 512.036
8.87728 512.036
8.88103 512.036
8.88474 512.036
8.88857 512.036
8.89263 512.036
8.89655 512.036
8.90079 512.036
8.90766 512.036
8.91451 512.036
8.92134 512.036
8.92973 512.036
8.93632 512.036
8.9429 512.036
8.94886 512.036
8.95217 512.036
8.95543 512.036
8.95879 512.036
8.96247 512.036
8.96608 512.036
8.9696 512.036
8.97335 512.036
8.97738 512.036
8.98121 512.036
8.98512 512.036
8.98932 512.036
8.99321 512.036
8.99725 512.036
9.00139 512.036
9.00557 512.036
9.0098 512.036
9.01445 512.036
9.01882 512.036
9.02348 512.036
9.02837 512.036
9.03334 512.036
9.03835 512.036
9.04303 512.036
9.04792 512.036
9.05291 512.036
9.05778 512.036
9.0626 512.036
9.0675 512.036
9.07242 512.036
9.07755 512.036
9.08235 512.036
9.08724 512.036
9.09207 512.036
9.09937 512.036
9.10454 512.036
9.1097 512.036
9.11517 512.036
9.12093 512.036
9.12673 512.036
9.13255 512.036
9.13959 512.036
9.14579 512.036
9.15207 512.036
9.15839 512.036
9.16471 512.036
9.17095 512.036
9.17734 512.036
9.18348 512.036
9.18966 512.036
9.19605 512.036
9.20231 512.036
9.20859 512.036
9.21492 512.036
9.22107 512.036
9.22735 512.036
9.23368 512.036
9.24002 512.036
9.24633 512.036
9.25272 512.036
9.25937 512.036
9.26279 512.036
9.26865 512.036
9.27362 512.036
9.27701 512.036
9.28031 512.036
9.28363 512.036
9.28685 512.036
9.29024 512.036
9.29345 512.036
9.29673 512.036
9.30026 512.036
9.30395 512.036
9.30736 512.036
9.31365 512.036
9.32015 512.036
9.32675 512.036
9.33293 512.036
9.33624 512.036
9.33964 512.036
9.34297 512.036
9.34664 512.036
9.35013 512.036
9.35366 512.036
9.35734 512.036
9.36102 512.036
9.36521 512.036
9.37982 512.036
9.38631 512.036
9.39278 512.036
9.39639 512.036
9.40257 512.036
9.40965 512.036
9.41635 512.036
9.42304 512.036
9.42911 512.036
9.43268 512.036
9.43611 512.036
9.43968 512.036
9.44345 512.036
9.4472 512.036
9.45093 512.036
9.4542 512.036
9.45763 512.036
9.46094 512.036
9.46417 512.036
9.46751 512.036
9.4708 512.036
9.47402 512.036
9.47748 512.036
9.48367 512.036
9.48914 512.036
9.49242 512.036
9.49603 512.036
9.4993 512.036
9.50269 512.036
9.50628 512.036
9.50961 512.036
9.51317 512.036
9.51889 512.036
9.52245 512.036
9.5265 512.036
9.53067 512.036
9.53472 512.036
9.5389 512.036
9.54315 512.036
9.54766 512.036
9.55123 512.036
9.55434 512.036
9.55754 512.036
9.56075 512.036
9.56387 512.036
9.56698 512.036
9.57023 512.036
9.57343 512.036
9.5767 512.036
9.57998 512.036
9.58314 512.036
9.5863 512.036
9.58965 512.036
9.59283 512.036
9.59606 512.036
9.59949 512.036
9.60285 512.036
9.60602 512.036
9.60932 512.036
9.61268 512.036
9.61588 512.036
9.61919 512.036
9.62261 512.036
9.62578 512.036
9.62905 512.036
9.63222 512.036
9.63558 512.036
9.63885 512.036
9.64204 512.036
9.64524 512.036
9.64853 512.036
9.65182 512.036
9.65498 512.036
9.65817 512.036
9.66132 512.036
9.66445 512.036
9.66778 512.036
9.67091 512.036
9.67436 512.036
9.67756 512.036
9.68076 512.036
9.68404 512.036
9.68735 512.036
9.69067 512.036
9.69405 512.036
9.69732 512.036
9.70051 512.036
9.70367 512.036
9.70692 512.036
9.71029 512.036
9.71346 512.036
9.7167 512.036
9.71992 512.036
9.72324 512.036
9.72644 512.036
9.72967 512.036
9.73282 512.036
9.73606 512.036
9.73919 512.036
9.74233 512.036
9.74575 512.036
9.74898 512.036
9.75212 512.036
9.75534 512.036
9.7585 512.036
9.76156 512.036
9.76482 512.036
9.7683 512.036
9.77149 512.036
9.77477 512.036
9.77824 512.036
9.78164 512.036
9.78504 512.036
9.7883 512.036
9.79149 512.036
9.79478 512.036
9.79798 512.036
9.80126 512.036
9.80438 512.036
9.80756 512.036
9.8107 512.036
9.81388 512.036
9.81702 512.036
9.82026 512.036
9.82369 512.036
9.82693 512.036
9.83015 512.036
9.83331 512.036
9.83675 512.036
9.83991 512.036
9.84308 512.036
9.84638 512.036
9.84952 512.036
9.8591 512.036
9.86246 512.036
9.86562 512.036
9.86899 512.036
9.87233 512.036
9.87561 512.036
9.8789 512.036
9.8821 512.036
9.88529 512.036
9.88842 512.036
9.89164 512.036
9.89493 512.036
9.89871 512.036
9.90198 512.036
9.90513 512.036
9.90841 512.036
9.91181 512.036
9.91505 512.036
9.91828 512.036
9.92146 512.036
9.92475 512.036
9.9281 512.036
9.93133 512.036
9.93463 512.036
9.9379 512.036
9.94104 512.036
9.94435 512.036
9.9479 512.036
9.9511 512.036
9.95431 512.036
9.95764 512.036
9.96085 512.036
9.96423 512.036
9.96759 512.036
9.9708 512.036
9.97421 512.036
9.97753 512.036
9.98073 512.036
9.98406 512.036
9.98725 512.036
9.99049 512.036
9.99373 512.036
9.99696 512.036
10.0002 512.036
10.0035 512.036
10.0066 512.036
10.0099 512.036
10.0131 512.036
10.0162 512.036
10.0195 512.036
10.0227 512.036
10.0259 512.036
10.0291 512.036
10.0324 512.036
10.0357 512.036
10.0391 512.036
10.0427 512.036
10.0459 512.036
10.0491 512.036
10.0524 512.036
10.0557 512.036
10.059 512.036
10.0624 512.036
10.0655 512.036
10.0688 512.036
10.0721 512.036
10.0754 512.036
10.0786 512.036
10.0818 512.036
10.085 512.036
10.0885 512.036
10.0918 512.036
10.0949 512.036
10.0982 512.036
10.1015 512.036
10.1047 512.036
10.1079 512.036
10.1111 512.036
10.1143 512.036
10.1175 512.036
10.1208 512.036
10.124 512.036
10.1271 512.036
10.1303 512.036
10.1335 512.036
10.1367 512.036
10.1399 512.036
10.143 512.036
10.1462 512.036
10.1495 512.036
10.1528 512.036
10.1561 512.036
10.1593 512.036
10.1626 512.036
10.166 512.036
10.1691 512.036
10.1726 512.036
10.1758 512.036
10.179 512.036
10.1822 512.036
10.1854 512.036
10.1889 512.036
10.1925 512.036
10.1962 512.036
10.2 512.036
10.2037 512.036
10.2076 512.036
10.2117 512.036
10.2158 512.036
10.2198 512.036
10.224 512.036
10.2285 512.036
10.2327 512.036
10.237 512.036
10.2413 512.036
10.246 512.036
10.2503 512.036
10.2546 512.036
10.2592 512.036
10.2639 512.036
10.2688 512.036
10.2734 512.036
10.2781 512.036
10.283 512.036
10.2879 512.036
10.2984 512.036
10.3034 512.036
10.3083 512.036
10.3132 512.036
10.3183 512.036
10.3231 512.036
10.3279 512.036
10.333 512.036
10.3378 512.036
10.3426 512.036
10.3475 512.036
10.3524 512.036
10.3572 512.036
10.362 512.036
10.3668 512.036
10.3716 512.036
10.3765 512.036
10.3812 512.036
10.3862 512.036
10.3911 512.036
10.3962 512.036
10.4013 512.036
10.4062 512.036
10.411 512.036
10.4158 512.036
10.4209 512.036
10.4257 512.036
10.4305 512.036
10.4354 512.036
10.5704 512.036
10.5779 512.036
10.587 512.036
10.5935 512.036
10.6002 512.036
10.6069 512.036
10.6136 512.036
10.6202 512.036
10.6269 512.036
10.6336 512.036
10.6405 512.036
10.6473 512.036
10.6539 512.036
10.6608 512.036
10.6675 512.036
10.6742 512.036
10.681 512.036
10.6876 512.036
10.6941 512.036
10.7009 512.036
10.7075 512.036
10.7143 512.036
10.721 512.036
10.7276 512.036
10.7342 512.036
10.7411 512.036
10.7477 512.036
10.7543 512.036
10.7612 512.036
10.7647 512.036
10.7685 512.036
10.772 512.036
10.7758 512.036
10.78 512.036
10.7841 512.036
10.7883 512.036
10.7999 512.036
10.8058 512.036
10.8122 512.036
10.819 512.036
10.8257 512.036
10.8322 512.036
10.8388 512.036
10.8449 512.036
10.8483 512.036
10.8518 512.036
10.8552 512.036
10.8589 512.036
10.8626 512.036
10.8663 512.036
10.87 512.036
10.8738 512.036
10.8776 512.036
10.8816 512.036
10.8856 512.036
10.8895 512.036
10.8937 512.036
10.898 512.036
10.9025 512.036
10.907 512.036
10.9122 512.036
10.9168 512.036
10.9218 512.036
10.9268 512.036
10.9318 512.036
10.9371 512.036
10.9422 512.036
10.9471 512.036
10.9524 512.036
10.9595 512.036
10.965 512.036
10.9707 512.036
10.9766 512.036
10.9824 512.036
10.9881 512.036
10.9938 512.036
10.9996 512.036
11.0055 512.036
11.0112 512.036
11.017 512.036
11.0227 512.036
11.0287 512.036
11.0345 512.036
11.0407 512.036
11.0465 512.036
11.0522 512.036
11.0581 512.036
11.0637 512.036
11.0694 512.036
11.0753 512.036
11.081 512.036
11.0868 512.036
11.0925 512.036
11.0984 512.036
11.1041 512.036
11.11 512.036
11.1157 512.036
11.1213 512.036
11.1269 512.036
11.1327 512.036
11.1387 512.036
11.1444 512.036
11.1501 512.036
11.1558 512.036
11.1617 512.036
11.1673 512.036
11.1735 512.036
11.1801 512.036
11.1866 512.036
11.193 512.036
11.1994 512.036
11.2056 512.036
11.2118 512.036
11.2181 512.036
11.2246 512.036
11.2309 512.036
11.2371 512.036
11.2434 512.036
11.2496 512.036
11.2558 512.036
11.2622 512.036
11.2685 512.036
11.2747 512.036
11.281 512.036
11.2873 512.036
11.294 512.036
11.3003 512.036
11.3081 512.036
11.3145 512.036
11.3214 512.036
11.3289 512.036
11.3355 512.036
11.3422 512.036
11.349 512.036
11.3554 512.036
11.3621 512.036
11.3691 512.036
11.3757 512.036
11.3823 512.036
11.3898 512.036
11.3965 512.036
11.4031 512.036
11.4096 512.036
11.4163 512.036
11.4227 512.036
11.4293 512.036
11.436 512.036
11.4484 512.036
11.455 512.036
11.4616 512.036
11.4682 512.036
11.4747 512.036
11.4809 512.036
11.4842 512.036
11.4879 512.036
11.4914 512.036
11.4952 512.036
11.4991 512.036
11.5027 512.036
11.5069 512.036
11.5109 512.036
11.515 512.036
11.5192 512.036
11.5235 512.036
11.5277 512.036
11.5321 512.036
11.5364 512.036
11.5407 512.036
11.5453 512.036
11.5495 512.036
11.5541 512.036
11.5588 512.036
11.5636 512.036
11.5685 512.036
11.5742 512.036
11.5796 512.036
11.5851 512.036
11.5902 512.036
11.5955 512.036
11.6008 512.036
11.606 512.036
11.6112 512.036
11.6167 512.036
11.6223 512.036
11.6277 512.036
11.6332 512.036
11.6386 512.036
11.644 512.036
11.65 512.036
11.6554 512.036
11.6608 512.036
11.6663 512.036
11.6718 512.036
11.6776 512.036
11.6831 512.036
11.6889 512.036
11.6945 512.036
11.7001 512.036
11.7058 512.036
11.7129 512.036
11.7185 512.036
11.7245 512.036
11.7302 512.036
11.7359 512.036
11.7415 512.036
11.7472 512.036
11.7531 512.036
11.7589 512.036
11.7646 512.036
11.7709 512.036
11.7766 512.036
11.7822 512.036
11.7879 512.036
11.7935 512.036
11.7993 512.036
11.8048 512.036
11.8105 512.036
11.8162 512.036
11.8219 512.036
11.8275 512.036
11.8332 512.036
11.8388 512.036
11.8445 512.036
11.8501 512.036
11.8559 512.036
11.8615 512.036
11.8672 512.036
11.8729 512.036
11.8786 512.036
11.8843 512.036
11.8902 512.036
11.8958 512.036
11.9015 512.036
11.9072 512.036
11.9131 512.036
11.9188 512.036
11.9245 512.036
11.9303 512.036
11.9361 512.036
11.9416 512.036
11.9472 512.036
11.9529 512.036
11.9587 512.036
11.9646 512.036
11.9702 512.036
11.9762 512.036
11.9819 512.036
11.9876 512.036
11.9933 512.036
11.9989 512.036
12.0047 512.036
12.0104 512.036
12.0161 512.036
12.0218 512.036
12.0277 512.036
12.0335 512.036
12.0394 512.036
12.0451 512.036
12.051 512.036
12.0568 512.036
12.0626 512.036
12.0684 512.036
12.074 512.036
12.0796 512.036
12.0853 512.036
12.0911 512.036
12.098 512.036
12.1037 512.036
12.1099 512.036
12.1161 512.036
12.1223 512.036
12.129 512.036
12.1358 512.036
12.142 512.036
12.1482 512.036
12.1545 512.036
12.1611 512.036
12.1675 512.036
12.177 512.036
12.1836 512.036
12.1903 512.036
12.1969 512.036
12.2034 512.036
12.21 512.036
12.2201 512.036
12.2269 512.036
12.2335 512.036
12.2403 512.036
12.2472 512.036
12.2538 512.036
12.2603 512.036
12.2669 512.036
12.2735 512.036
12.28 512.036
12.2866 512.036
12.2931 512.036
12.2996 512.036
12.3063 512.036
12.3131 512.036
12.3197 512.036
12.3263 512.036
12.3332 512.036
12.34 512.036
12.3466 512.036
12.3532 512.036
12.3597 512.036
12.3662 512.036
12.3728 512.036
12.3794 512.036
12.3861 512.036
12.3929 512.036
12.3996 512.036
12.4061 512.036
12.4126 512.036
12.4194 512.036
12.4261 512.036
12.4326 512.036
12.4391 512.036
12.4458 512.036
12.4526 512.036
12.4591 512.036
12.4656 512.036
12.4723 512.036
12.4788 512.036
12.4855 512.036
12.4921 512.036
12.4986 512.036
12.5051 512.036
12.5119 512.036
12.5187 512.036
12.5248 512.036
12.5283 512.036
12.5316 512.036
12.535 512.036
12.5386 512.036
12.5421 512.036
12.5459 512.036
12.5497 512.036
12.5535 512.036
12.5576 512.036
12.5615 512.036
12.5656 512.036
12.57 512.036
12.5745 512.036
12.579 512.036
12.5833 512.036
12.5878 512.036
12.5923 512.036
12.5968 512.036
12.6012 512.036
12.6058 512.036
12.6104 512.036
12.6151 512.036
12.6197 512.036
12.6247 512.036
12.6296 512.036
12.6346 512.036
12.6396 512.036
12.6449 512.036
12.6496 512.036
12.6547 512.036
12.6596 512.036
12.6647 512.036
12.6695 512.036
12.6744 512.036
12.6792 512.036
12.6841 512.036
12.6889 512.036
12.6937 512.036
12.6985 512.036
12.7033 512.036
12.7082 512.036
12.7141 512.036
12.7192 512.036
12.7244 512.036
12.7295 512.036
12.7347 512.036
12.7399 512.036
12.7453 512.036
12.7508 512.036
12.7563 512.036
12.7617 512.036
12.7672 512.036
12.7728 512.036
12.7782 512.036
12.7836 512.036
12.789 512.036
12.7944 512.036
12.7998 512.036
12.8055 512.036
12.8113 512.036
12.8169 512.036
12.8226 512.036
12.8282 512.036
12.8338 512.036
12.8395 512.036
12.8452 512.036
12.8508 512.036
12.8565 512.036
12.8621 512.036
12.8679 512.036
12.8735 512.036
12.8792 512.036
12.885 512.036
12.8906 512.036
12.8962 512.036
12.902 512.036
12.9084 512.036
12.9141 512.036
12.9199 512.036
12.9257 512.036
12.9313 512.036
12.9371 512.036
12.9429 512.036
12.9488 512.036
12.9544 512.036
12.9601 512.036
12.9657 512.036
12.9715 512.036
12.9772 512.036
12.9829 512.036
12.9885 512.036
12.9943 512.036
13.0001 512.036
13.0058 512.036
13.0113 512.036
13.017 512.036
13.0227 512.036
13.0284 512.036
13.034 512.036
13.0397 512.036
13.0455 512.036
13.0511 512.036
13.0569 512.036
13.0625 512.036
13.0682 512.036
13.0738 512.036
13.0795 512.036
13.0851 512.036
13.0908 512.036
13.0967 512.036
13.1023 512.036
13.108 512.036
13.114 512.036
13.1196 512.036
13.1254 512.036
13.1311 512.036
13.1371 512.036
13.1428 512.036
13.1485 512.036
13.1541 512.036
13.1599 512.036
13.1655 512.036
13.1712 512.036
13.177 512.036
13.1827 512.036
13.1886 512.036
13.1942 512.036
13.1999 512.036
13.2056 512.036
13.2113 512.036
13.2171 512.036
13.2228 512.036
13.2285 512.036
13.2343 512.036
13.24 512.036
13.2455 512.036
13.2513 512.036
13.2568 512.036
13.2625 512.036
13.2681 512.036
13.2739 512.036
13.2796 512.036
13.2852 512.036
13.2908 512.036
13.2964 512.036
13.3022 512.036
13.3078 512.036
13.3135 512.036
13.3194 512.036
13.3252 512.036
13.3309 512.036
13.3366 512.036
13.3426 512.036
13.3483 512.036
13.354 512.036
13.3597 512.036
13.3658 512.036
13.3714 512.036
13.377 512.036
13.3827 512.036
13.3883 512.036
13.3939 512.036
13.3996 512.036
13.4052 512.036
13.4108 512.036
13.4166 512.036
13.4222 512.036
13.4281 512.036
13.434 512.036
13.4397 512.036
13.446 512.036
13.4517 512.036
13.4574 512.036
13.4633 512.036
13.469 512.036
13.4747 512.036
13.4804 512.036
13.4861 512.036
13.4918 512.036
13.4975 512.036
13.5031 512.036
13.5088 512.036
13.5143 512.036
13.5201 512.036
13.5257 512.036
13.5313 512.036
13.537 512.036
13.5432 512.036
13.5489 512.036
13.5547 512.036
13.5603 512.036
13.566 512.036
13.5716 512.036
13.5772 512.036
13.5829 512.036
13.5886 512.036
13.5943 512.036
13.5999 512.036
13.6058 512.036
13.6114 512.036
13.6172 512.036
13.6228 512.036
13.6285 512.036
13.6342 512.036
13.6397 512.036
13.6453 512.036
13.651 512.036
13.6567 512.036
13.6623 512.036
13.6681 512.036
13.6737 512.036
13.6794 512.036
13.6851 512.036
13.6907 512.036
13.6966 512.036
13.7022 512.036
13.7079 512.036
13.7138 512.036
13.7195 512.036
13.7252 512.036
13.731 512.036
13.7373 512.036
13.743 512.036
13.7487 512.036
13.7595 512.036
13.7662 512.036
13.773 512.036
13.7798 512.036
13.7862 512.036
13.7929 512.036
13.7995 512.036
13.8059 512.036
13.8127 512.036
13.8194 512.036
13.826 512.036
13.8326 512.036
13.8391 512.036
13.8456 512.036
13.8522 512.036
13.8587 512.036
13.8654 512.036
13.8722 512.036
13.8786 512.036
13.8853 512.036
13.8918 512.036
13.8985 512.036
13.9047 512.036
13.9082 512.036
13.9115 512.036
13.9148 512.036
13.9184 512.036
13.922 512.036
13.9256 512.036
13.9292 512.036
13.9329 512.036
13.9367 512.036
13.9404 512.036
13.9445 512.036
13.9483 512.036
13.9522 512.036
13.9565 512.036
13.9607 512.036
13.9648 512.036
13.9691 512.036
13.9733 512.036
13.9776 512.036
13.9818 512.036
13.9862 512.036
13.9905 512.036
13.9952 512.036
13.9996 512.036
14.0048 512.036
14.0096 512.036
14.0143 512.036
14.0195 512.036
14.0243 512.036
14.0291 512.036
14.0339 512.036
14.0388 512.036
14.0437 512.036
14.0489 512.036
14.0554 512.036
14.0619 512.036
14.0687 512.036
14.0755 512.036
14.082 512.036
14.0897 512.036
14.0963 512.036
14.1029 512.036
14.1096 512.036
14.1162 512.036
14.1227 512.036
14.1295 512.036
14.1362 512.036
14.1428 512.036
14.1496 512.036
14.1565 512.036
14.1632 512.036
14.169 512.036
14.1725 512.036
14.176 512.036
14.1793 512.036
14.183 512.036
14.1866 512.036
14.1901 512.036
14.1938 512.036
14.1974 512.036
14.2017 512.036
14.2054 512.036
14.2094 512.036
14.2133 512.036
14.2174 512.036
14.2216 512.036
14.2257 512.036
14.2302 512.036
14.2345 512.036
14.2388 512.036
14.2432 512.036
14.2477 512.036
14.2523 512.036
14.2569 512.036
14.2617 512.036
14.2664 512.036
14.271 512.036
14.2758 512.036
14.2807 512.036
14.2855 512.036
14.2903 512.036
14.2951 512.036
14.2998 512.036
14.3047 512.036
14.3095 512.036
14.3143 512.036
14.3191 512.036
14.324 512.036
14.3288 512.036
14.3336 512.036
14.3383 512.036
14.3432 512.036
14.3479 512.036
14.3528 512.036
14.3576 512.036
14.3624 512.036
14.3674 512.036
14.3721 512.036
14.3769 512.036
14.3884 512.036
14.3933 512.036
14.3981 512.036
14.4032 512.036
14.4082 512.036
14.4131 512.036
14.418 512.036
14.4228 512.036
14.4295 512.036
14.4346 512.036
14.44 512.036
14.4454 512.036
14.4509 512.036
14.4564 512.036
14.4618 512.036
14.4672 512.036
14.4727 512.036
14.4781 512.036
14.4834 512.036
14.4888 512.036
14.4943 512.036
14.4997 512.036
14.505 512.036
14.5103 512.036
14.5158 512.036
14.5212 512.036
14.5268 512.036
14.5324 512.036
14.5381 512.036
14.5438 512.036
14.5495 512.036
14.5551 512.036
14.5608 512.036
14.5666 512.036
14.5725 512.036
14.5781 512.036
14.5838 512.036
14.5895 512.036
14.5951 512.036
14.6008 512.036
14.6064 512.036
14.6122 512.036
14.6178 512.036
14.6236 512.036
14.6292 512.036
14.635 512.036
14.6408 512.036
14.6465 512.036
14.6521 512.036
14.6577 512.036
14.6634 512.036
14.6691 512.036
14.6748 512.036
14.6805 512.036
14.6863 512.036
14.692 512.036
14.6978 512.036
14.7036 512.036
14.7092 512.036
14.7149 512.036
14.7209 512.036
14.7266 512.036
14.7324 512.036
14.7383 512.036
14.7438 512.036
14.7495 512.036
14.7552 512.036
14.7609 512.036
14.7666 512.036
14.7722 512.036
14.7778 512.036
14.7833 512.036
14.7891 512.036
14.7948 512.036
14.8004 512.036
14.8061 512.036
14.8118 512.036
14.8174 512.036
14.8233 512.036
14.829 512.036
14.8347 512.036
14.8404 512.036
14.846 512.036
14.852 512.036
14.8578 512.036
14.8634 512.036
14.8691 512.036
14.8746 512.036
14.8802 512.036
14.8858 512.036
14.8915 512.036
14.8973 512.036
14.9028 512.036
14.9085 512.036
14.9141 512.036
14.9196 512.036
14.9254 512.036
14.9313 512.036
14.9369 512.036
14.9428 512.036
14.9484 512.036
14.954 512.036
14.9596 512.036
14.9654 512.036
14.971 512.036
14.9768 512.036
14.9825 512.036
14.9882 512.036
14.994 512.036
14.9998 512.036
15.0054 512.036
15.0112 512.036
15.0169 512.036
15.0226 512.036
15.0285 512.036
15.0344 512.036
15.0401 512.036
15.0457 512.036
15.0513 512.036
15.0572 512.036
15.063 512.036
15.0689 512.036
15.0746 512.036
15.0806 512.036
15.0868 512.036
15.0925 512.036
15.098 512.036
15.1038 512.036
15.1094 512.036
15.115 512.036
15.1208 512.036
15.1265 512.036
15.1322 512.036
15.138 512.036
15.1436 512.036
15.1492 512.036
15.1547 512.036
15.1604 512.036
15.166 512.036
15.1715 512.036
15.1772 512.036
15.183 512.036
15.1886 512.036
15.1942 512.036
15.1999 512.036
15.2055 512.036
15.2111 512.036
15.2168 512.036
15.2225 512.036
15.2281 512.036
15.2341 512.036
15.2397 512.036
15.2453 512.036
15.2513 512.036
15.2572 512.036
15.263 512.036
15.2689 512.036
15.2746 512.036
15.2805 512.036
15.2863 512.036
15.2921 512.036
15.2979 512.036
15.3036 512.036
15.3093 512.036
15.3149 512.036
15.3209 512.036
15.3277 512.036
15.3344 512.036
15.3412 512.036
15.3479 512.036
15.3545 512.036
15.3613 512.036
15.3679 512.036
15.3745 512.036
15.3806 512.036
15.3841 512.036
15.3874 512.036
15.3907 512.036
15.3941 512.036
15.3976 512.036
15.4012 512.036
15.4049 512.036
15.4089 512.036
15.4126 512.036
15.4164 512.036
15.4204 512.036
15.4244 512.036
15.4283 512.036
15.4324 512.036
15.4366 512.036
15.4407 512.036
15.4448 512.036
15.4489 512.036
15.4533 512.036
15.4576 512.036
15.4619 512.036
15.4662 512.036
15.4708 512.036
15.4753 512.036
15.48 512.036
15.4846 512.036
15.4895 512.036
15.4941 512.036
15.4989 512.036
15.5036 512.036
15.5086 512.036
15.5136 512.036
15.5183 512.036
15.5231 512.036
15.528 512.036
15.5327 512.036
15.5376 512.036
15.5424 512.036
15.5474 512.036
15.5522 512.036
15.557 512.036
15.562 512.036
15.5669 512.036
15.5723 512.036
15.5774 512.036
15.5826 512.036
15.5877 512.036
15.5929 512.036
15.5983 512.036
15.6035 512.036
15.6088 512.036
15.6141 512.036
15.6194 512.036
15.6248 512.036
15.6303 512.036
15.6357 512.036
15.6412 512.036
15.6467 512.036
15.6525 512.036
15.6582 512.036
15.6635 512.036
15.669 512.036
15.6744 512.036
15.6799 512.036
15.6856 512.036
15.6913 512.036
15.6969 512.036
15.7027 512.036
15.7086 512.036
15.7143 512.036
15.7199 512.036
15.7256 512.036
15.7312 512.036
15.737 512.036
15.7428 512.036
15.7486 512.036
15.7544 512.036
15.76 512.036
15.7656 512.036
15.7714 512.036
15.777 512.036
15.7828 512.036
15.7885 512.036
15.7941 512.036
15.7999 512.036
15.8056 512.036
15.8112 512.036
15.8169 512.036
15.8226 512.036
15.8281 512.036
15.8339 512.036
15.8397 512.036
15.8453 512.036
15.8514 512.036
15.8574 512.036
15.8631 512.036
15.869 512.036
15.8748 512.036
15.8806 512.036
15.8864 512.036
15.8923 512.036
15.8979 512.036
15.9036 512.036
15.9093 512.036
15.9149 512.036
15.9208 512.036
15.9265 512.036
15.9324 512.036
15.9382 512.036
15.9494 512.036
15.9553 512.036
15.9618 512.036
15.9695 512.036
15.9761 512.036
15.9827 512.036
15.9895 512.036
15.9963 512.036
16.0029 512.036
16.0095 512.036
16.0161 512.036
16.0284 512.036
16.0337 512.036
16.0371 512.036
16.0404 512.036
16.0441 512.036
16.048 512.036
16.0515 512.036
16.0551 512.036
16.0588 512.036
16.0625 512.036
16.0664 512.036
16.0703 512.036
16.0741 512.036
16.0781 512.036
16.0821 512.036
16.086 512.036
16.09 512.036
16.0941 512.036
16.0982 512.036
16.1024 512.036
16.1067 512.036
16.111 512.036
16.1154 512.036
16.1196 512.036
16.1239 512.036
16.128 512.036
16.1323 512.036
16.1367 512.036
16.1412 512.036
16.1454 512.036
16.1498 512.036
16.1542 512.036
16.1588 512.036
16.1633 512.036
16.168 512.036
16.1727 512.036
16.1775 512.036
16.1821 512.036
16.187 512.036
16.1918 512.036
16.1966 512.036
16.2013 512.036
16.2062 512.036
16.211 512.036
16.2159 512.036
16.2207 512.036
16.2255 512.036
16.2308 512.036
16.2361 512.036
16.2415 512.036
16.2466 512.036
16.252 512.036
16.2572 512.036
16.2623 512.036
16.2676 512.036
16.273 512.036
16.2784 512.036
16.2838 512.036
16.2891 512.036
16.2947 512.036
16.3001 512.036
16.3055 512.036
16.3109 512.036
16.3164 512.036
16.3218 512.036
16.3272 512.036
16.3327 512.036
16.3382 512.036
16.3436 512.036
16.3491 512.036
16.3544 512.036
16.3598 512.036
16.3652 512.036
16.3707 512.036
16.3762 512.036
16.3819 512.036
16.3877 512.036
16.3934 512.036
16.3991 512.036
16.4048 512.036
16.4104 512.036
16.416 512.036
16.4217 512.036
16.4273 512.036
16.4332 512.036
16.4388 512.036
16.4444 512.036
16.4501 512.036
16.4557 512.036
16.4614 512.036
16.4671 512.036
16.4728 512.036
16.4785 512.036
16.4842 512.036
16.4897 512.036
16.4954 512.036
16.5011 512.036
16.5067 512.036
16.5127 512.036
16.5183 512.036
16.5239 512.036
16.5297 512.036
16.5354 512.036
16.541 512.036
16.5467 512.036
16.5526 512.036
16.5583 512.036
16.564 512.036
16.5696 512.036
16.5755 512.036
16.5812 512.036
16.587 512.036
16.5926 512.036
16.5983 512.036
16.6039 512.036
16.6097 512.036
16.6153 512.036
16.6209 512.036
16.6266 512.036
16.6322 512.036
16.638 512.036
16.6438 512.036
16.6494 512.036
16.655 512.036
16.6608 512.036
16.6664 512.036
16.6723 512.036
16.678 512.036
16.6837 512.036
16.6896 512.036
16.6954 512.036
16.701 512.036
16.7067 512.036
16.7131 512.036
16.7188 512.036
16.7244 512.036
16.73 512.036
16.7357 512.036
16.7413 512.036
16.747 512.036
16.7528 512.036
16.7584 512.036
16.764 512.036
16.7699 512.036
16.7759 512.036
16.7816 512.036
16.7871 512.036
16.7928 512.036
16.7985 512.036
16.8041 512.036
16.8097 512.036
16.8153 512.036
16.821 512.036
16.8266 512.036
16.8323 512.036
16.838 512.036
16.8437 512.036
16.8503 512.036
16.856 512.036
16.8619 512.036
16.8674 512.036
16.873 512.036
16.8789 512.036
16.8847 512.036
16.8905 512.036
16.8961 512.036
16.9018 512.036
16.9076 512.036
16.9132 512.036
16.9188 512.036
16.9246 512.036
16.9303 512.036
16.9361 512.036
16.9417 512.036
16.9474 512.036
16.9533 512.036
16.9591 512.036
16.9648 512.036
16.9704 512.036
16.9761 512.036
16.9817 512.036
16.9873 512.036
16.9929 512.036
16.9987 512.036
17.0043 512.036
17.0099 512.036
17.0156 512.036
17.0213 512.036
17.027 512.036
17.0326 512.036
17.0383 512.036
17.0438 512.036
17.0496 512.036
17.0552 512.036
17.0608 512.036
17.0665 512.036
17.0723 512.036
17.0779 512.036
17.0836 512.036
17.0893 512.036
17.0948 512.036
17.1006 512.036
17.1062 512.036
17.1119 512.036
17.1177 512.036
17.1232 512.036
17.1288 512.036
17.1346 512.036
17.1404 512.036
17.1461 512.036
17.1519 512.036
17.1576 512.036
17.1632 512.036
17.1689 512.036
17.1747 512.036
17.1802 512.036
17.1858 512.036
17.1914 512.036
17.197 512.036
17.2027 512.036
17.2084 512.036
17.2141 512.036
17.2198 512.036
17.2255 512.036
17.2311 512.036
17.2366 512.036
17.2425 512.036
17.2481 512.036
17.2539 512.036
17.2595 512.036
17.2652 512.036
17.2708 512.036
17.2765 512.036
17.2822 512.036
17.2877 512.036
17.2934 512.036
17.2992 512.036
17.3048 512.036
17.3106 512.036
17.3164 512.036
17.3221 512.036
17.3281 512.036
17.3337 512.036
17.3396 512.036
17.3454 512.036
17.3511 512.036
17.3571 512.036
17.3627 512.036
17.3683 512.036
17.3742 512.036
17.3797 512.036
17.3854 512.036
17.391 512.036
17.3965 512.036
17.4023 512.036
17.4079 512.036
17.4136 512.036
17.4192 512.036
17.4251 512.036
17.4308 512.036
17.4365 512.036
17.4421 512.036
17.448 512.036
17.4536 512.036
17.4592 512.036
17.4648 512.036
17.4704 512.036
