d = 0
  id=0, 17(0.21934), 29(0.212942), 30(0.0678916), 40(0.0332526), 44(0.113762), 403(0.286187), 405(0.0665275), 
  id=1, 17(0.21934), 29(0.212942), 30(0.0678916), 44(0.113762), 141(0.0333243), 403(0.286187), 405(0.0665276), 
  id=2, 17(0.21934), 29(0.212942), 30(0.0678918), 44(0.113762), 141(0.0330622), 403(0.286187), 405(0.0665277), 
  id=3, 17(0.21934), 29(0.212942), 30(0.0678917), 44(0.113762), 141(0.0332848), 403(0.286187), 405(0.0665278), 
  id=4, 40(0.0332527), 44(0.113762), 45(0.287075), 54(0.0332562), 59(0.137112), 149(0.0736668), 403(0.286187), 417(0.0355644), 
  id=5, 17(0.219341), 29(0.212942), 30(0.067892), 44(0.113762), 141(0.0333247), 403(0.286187), 405(0.0665279), 
  id=6, 17(0.21934), 29(0.212942), 30(0.0678918), 40(0.0332528), 44(0.113762), 403(0.286187), 405(0.0665279), 
  id=7, 17(0.21934), 29(0.212942), 30(0.0678919), 40(0.0332528), 44(0.113762), 403(0.286187), 405(0.0665278), 
  id=8, 17(0.21934), 29(0.212942), 30(0.0678919), 44(0.113762), 141(0.0330073), 403(0.286187), 405(0.0665277), 
  id=9, 17(0.21934), 29(0.212942), 30(0.0678918), 40(0.0332527), 44(0.113762), 54(0.0332562), 403(0.253027), 405(0.0665278), 
  id=10, 17(0.21934), 29(0.212942), 30(0.0678918), 44(0.113762), 141(0.0332171), 403(0.286187), 405(0.0665277), 
  id=11, 17(0.21934), 29(0.212942), 30(0.0678918), 40(0.0332527), 44(0.113762), 54(0.0332562), 141(0.0333245), 403(0.219703), 405(0.0665278), 
  id=12, 17(0.21934), 29(0.212942), 30(0.0678918), 40(0.0332527), 44(0.113762), 403(0.286187), 405(0.0659329), 
  id=13, 17(0.21934), 29(0.212942), 30(0.0678918), 40(0.0332064), 44(0.113762), 403(0.286187), 405(0.0665278), 
  id=14, 17(0.21934), 29(0.212942), 30(0.0678918), 40(0.0332527), 44(0.113762), 54(0.0332562), 141(0.0332859), 403(0.286187), 
  id=15, 40(0.0332526), 44(0.113762), 45(0.287076), 59(0.137112), 149(0.0736666), 403(0.286187), 405(0.0665277), 
  id=16, 17(0.21934), 29(0.212934), 30(0.0678918), 44(0.113762), 141(0.0333245), 403(0.286187), 405(0.0665277), 
  id=17, 17(0.21934), 29(0.212942), 30(0.0678918), 40(0.0332527), 44(0.113762), 403(0.286102), 405(0.0665277), 
  id=18, 17(0.21934), 29(0.212942), 30(0.0678917), 44(0.113762), 54(0.0332562), 403(0.286187), 405(0.0665277), 
  id=19, 17(0.015745), 29(0.212942), 30(0.0678918), 40(0.0332527), 44(0.113762), 54(0.0332563), 59(0.137111), 141(0.0333245), 403(0.286187), 405(0.0665278), 
  id=20, 17(0.21934), 29(0.212942), 30(0.0346641), 40(0.0332527), 44(0.113762), 141(0.0333245), 403(0.286187), 405(0.0665278), 
  id=21, 17(0.21934), 29(0.212942), 30(0.0678918), 40(0.0332527), 44(0.113762), 141(0.0333245), 403(0.252959), 405(0.0665277), 
  id=22, 17(0.185358), 29(0.212942), 30(0.0678918), 40(0.0332527), 44(0.113762), 54(0.0332562), 403(0.286187), 405(0.0665278), 
  id=23, 17(0.152856), 29(0.212942), 30(0.0678918), 40(0.0332527), 44(0.113762), 54(0.0332562), 141(0.0333245), 403(0.286187), 405(0.0665278), 
  id=24, 40(0.0332527), 44(0.113762), 45(0.222912), 54(0.0332562), 59(0.137112), 141(0.0333245), 149(0.0736667), 403(0.286187), 405(0.0665278), 
  id=25, 17(0.21934), 29(0.212891), 30(0.0678918), 40(0.0332527), 44(0.113762), 403(0.286187), 405(0.0665277), 
  id=26, 17(0.21934), 29(0.212942), 30(0.0678918), 40(0.0332527), 44(0.113762), 141(0.0333245), 403(0.252959), 405(0.0665278), 
  id=27, 17(0.152856), 29(0.212942), 30(0.0678918), 40(0.0332527), 44(0.113762), 54(0.0332562), 141(0.0333245), 403(0.286187), 405(0.0665277), 
  id=28, 40(0.0332527), 44(0.113762), 45(0.287076), 59(0.137112), 149(0.0736667), 403(0.286187), 405(0.0333802), 417(0.0355643), 
  id=29, 17(0.21934), 29(0.212942), 40(0.0332527), 44(0.113762), 54(0.0332563), 141(0.0333245), 403(0.286187), 405(0.0665278), 
  id=30, 17(0.186113), 29(0.212942), 30(0.0678918), 40(0.0332527), 44(0.113762), 141(0.0333245), 403(0.286187), 405(0.0665277), 
  id=31, 40(0.0332527), 44(0.113762), 45(0.287076), 54(0.0332562), 59(0.137112), 141(0.0333245), 149(0.0736667), 403(0.186458), 405(0.0665277), 417(0.0355643), 
  id=32, 29(0.212942), 30(0.0678918), 40(0.0332527), 44(0.113762), 45(0.287076), 59(0.111218), 141(0.0333245), 149(0.0736667), 405(0.0665277), 
  id=33, 17(0.21934), 29(0.212942), 40(0.0332527), 44(0.113762), 59(0.137112), 141(0.0333245), 149(0.0736667), 403(0.110073), 405(0.0665277), 
  id=34, 17(0.21934), 29(0.146458), 30(0.0678918), 40(0.0332527), 44(0.113762), 54(0.0332562), 141(0.0333245), 403(0.286187), 405(0.0665278), 
  id=35, 17(0.21934), 29(0.212942), 30(0.0678919), 44(0.113762), 141(0.0329058), 403(0.286187), 405(0.0665277), 
  id=36, 29(0.212942), 30(0.0678918), 40(0.0332527), 45(0.287076), 54(0.0332562), 69(0.045818), 141(0.0333245), 403(0.286187), 
  id=37, 17(0.0157448), 29(0.212942), 30(0.0678919), 40(0.0332527), 44(0.113762), 54(0.0332562), 59(0.137111), 141(0.0333245), 403(0.286187), 405(0.0665278), 
  id=38, 17(0.0833682), 29(0.212942), 40(0.0332527), 44(0.113762), 54(0.0332562), 59(0.137111), 141(0.0333245), 403(0.286187), 405(0.0665277), 
  id=39, 17(0.186181), 29(0.212942), 30(0.0678918), 40(0.0332527), 44(0.113762), 54(0.0332562), 403(0.286187), 405(0.0665277), 
  id=40, 29(0.212942), 30(0.0678918), 40(0.0332527), 44(0.113762), 54(0.0332562), 69(0.220528), 141(0.0333245), 149(0.0736667), 403(0.143789), 405(0.0665277), 
  id=41, 17(0.21934), 29(0.212942), 40(0.0332527), 44(0.113762), 54(0.0332562), 141(0.0333245), 403(0.286187), 405(0.0665278), 
  id=42, 29(0.106221), 45(0.287076), 54(0.0332562), 69(0.220528), 403(0.286187), 405(0.0665278), 
  id=43, 17(0.0482341), 30(0.0678918), 40(0.0332527), 45(0.287076), 54(0.0332562), 59(0.137112), 141(0.0333245), 149(0.0736667), 403(0.286187), 
  id=44, 17(0.21934), 29(0.212942), 40(0.0332526), 44(0.113762), 54(0.0332562), 141(0.0333245), 403(0.286187), 405(0.0665278), 
  id=45, 40(0.0332527), 44(0.113762), 45(0.287076), 54(0.0324223), 59(0.137111), 149(0.0736667), 403(0.286187), 417(0.0355643), 
  id=46, 17(0.21934), 29(0.212942), 30(0.0678918), 44(0.113762), 54(0.0332562), 59(0.137112), 141(0.0333245), 149(0.0736667), 403(0.0421773), 405(0.0665278), 
  id=47, 40(0.0332527), 44(0.0473583), 45(0.287076), 54(0.0332562), 59(0.137112), 149(0.0736667), 403(0.286187), 405(0.0665278), 417(0.0355643), 
  id=48, 30(0.0678918), 40(0.0332526), 44(0.113762), 54(0.0332562), 59(0.137111), 69(0.220528), 141(0.0333245), 403(0.286187), 405(0.0665277), 
  id=49, 29(0.0665841), 40(0.0332527), 44(0.113762), 45(0.287076), 54(0.0332562), 59(0.137112), 69(0.220528), 141(0.0333245), 149(0.0736666), 
  id=50, 30(0.0678918), 40(0.0332527), 44(0.113762), 45(0.15502), 54(0.0332562), 59(0.137112), 141(0.0333245), 149(0.0736667), 403(0.286187), 405(0.0665278), 
  id=51, 40(0.0332527), 44(0.113762), 45(0.0689111), 54(0.0332562), 59(0.137112), 69(0.220528), 141(0.0333245), 149(0.0736667), 403(0.286187), 
  id=52, 40(0.0332527), 45(0.287076), 59(0.137111), 69(0.220528), 87(0.212784), 149(0.0736667), 417(0.0355642), 
  id=53, 17(0.21934), 29(0.212942), 30(0.0678918), 40(0.0332527), 44(0.113762), 54(0.0332562), 141(0.0333245), 403(0.219703), 405(0.0665278), 
  id=54, 29(0.212942), 44(0.113762), 59(0.0667036), 69(0.220528), 141(0.0333245), 403(0.286187), 405(0.0665278), 
  id=55, 40(0.0332527), 44(0.113762), 45(0.031914), 54(0.0332562), 59(0.137112), 69(0.220528), 149(0.0736667), 403(0.286187), 405(0.0665277), 
  id=56, 29(0.212942), 30(0.0678918), 40(0.0332527), 44(0.113762), 54(0.0332562), 59(0.137112), 69(0.0157451), 141(0.0333245), 403(0.286187), 405(0.0665277), 
  id=57, 29(0.212942), 40(0.0332527), 45(0.287076), 141(0.0333245), 149(0.0736666), 403(0.286187), 405(0.0665278), 
  id=58, 17(0.180172), 29(0.212942), 40(0.0332527), 44(0.113762), 141(0.0333245), 149(0.0736666), 403(0.286187), 405(0.0665277), 
  id=59, 45(0.287076), 54(0.0332562), 59(0.137112), 69(0.147139), 149(0.0736667), 403(0.286187), 417(0.0355643), 
  id=60, 29(0.212942), 30(0.0678918), 40(0.0332527), 44(0.113762), 69(0.220528), 141(0.0333245), 403(0.248212), 405(0.0665278), 
  id=61, 17(0.0624506), 29(0.212942), 44(0.113762), 69(0.220528), 141(0.0333245), 403(0.286187), 405(0.0665278), 
  id=62, 40(0.0332527), 44(0.113762), 45(0.141577), 54(0.0332563), 59(0.137112), 69(0.220528), 141(0.0333245), 403(0.286187), 
  id=63, 40(0.0332528), 45(0.287076), 59(0.137111), 69(0.220528), 87(0.212785), 149(0.0736666), 417(0.0355643), 
  id=64, 40(0.0332527), 44(0.113762), 54(0.0332563), 59(0.137112), 69(0.220528), 141(0.0333247), 149(0.0736669), 403(0.286187), 405(0.0665278), 
  id=65, 40(0.0332528), 44(0.113762), 54(0.0332562), 59(0.137111), 69(0.220528), 141(0.0333244), 149(0.0736667), 403(0.286187), 405(0.0665278), 
  id=66, 29(0.212942), 40(0.0332527), 44(0.113762), 54(0.0332563), 59(0.137112), 69(0.220528), 87(0.212784), 141(0.0333246), 
  id=67, 40(0.0332527), 44(0.113762), 54(0.0332562), 59(0.137111), 69(0.220528), 87(0.212784), 141(0.0333245), 403(0.149242), 405(0.0665278), 
  id=68, 40(0.0332527), 44(0.113762), 45(0.0757857), 54(0.0332562), 59(0.137112), 69(0.220528), 87(0.212784), 141(0.0333245), 149(0.0736667), 405(0.0665277), 
  id=69, 40(0.0332527), 44(0.113762), 54(0.0332562), 59(0.137112), 69(0.220528), 87(0.212784), 141(0.0333245), 149(0.0736667), 403(0.0757856), 405(0.0665278), 
  id=70, 29(0.212942), 30(0.0678918), 44(0.113762), 54(0.0332562), 69(0.220528), 141(0.0333245), 403(0.251649), 405(0.0665277), 
  id=71, 17(0.21934), 30(0.0678918), 40(0.0332527), 54(0.0332562), 69(0.220528), 141(0.0333245), 149(0.0384194), 403(0.286187), 405(0.0665278), 
  id=72, 40(0.0332528), 45(0.286296), 69(0.220528), 141(0.0333245), 149(0.0736667), 403(0.286187), 405(0.0665279), 
  id=73, 44(0.113762), 59(0.137111), 69(0.220528), 87(0.212785), 141(0.0333245), 149(0.0736667), 403(0.141322), 405(0.0665277), 
  id=74, 29(0.212942), 30(0.0101077), 54(0.0332562), 59(0.137112), 69(0.220528), 141(0.0333245), 403(0.286187), 405(0.0665277), 
  id=75, 45(0.287076), 54(0.0332562), 59(0.137112), 69(0.220528), 87(0.110007), 141(0.0333245), 149(0.0736667), 405(0.0665277), 417(0.0355643), 
  id=76, 40(0.0332527), 54(0.0332562), 59(0.137112), 69(0.220528), 87(0.116145), 141(0.0333245), 149(0.0736667), 403(0.286187), 405(0.0665278), 
  id=77, 40(0.0332526), 44(0.106482), 54(0.0332562), 69(0.220528), 87(0.212784), 141(0.0333244), 149(0.0736667), 403(0.286187), 
  id=78, 45(0.287076), 59(0.137112), 69(0.220528), 87(0.212784), 149(0.0736667), 223(0.0332692), 417(0.0355643), 
  id=79, 44(0.113762), 54(0.0332562), 59(0.137112), 69(0.220528), 87(0.212784), 141(0.0333245), 149(0.0736667), 223(0.0746599), 352(0.0343786), 405(0.0665277), 
  id=80, 29(0.0336299), 44(0.113762), 54(0.0332562), 69(0.220528), 87(0.212784), 141(0.0333245), 403(0.286187), 405(0.0665277), 
  id=81, 45(0.287076), 59(0.137112), 69(0.220528), 87(0.212784), 141(0.03312), 149(0.0736666), 417(0.0355643), 
  id=82, 59(0.137112), 69(0.220528), 87(0.212784), 149(0.0736667), 223(0.0746599), 246(0.0864197), 250(0.194829), 
  id=83, 59(0.137112), 69(0.220528), 87(0.212784), 149(0.0736666), 223(0.0746599), 246(0.0857596), 352(0.195376), 
  id=84, 54(0.0332562), 59(0.0840011), 69(0.220528), 87(0.212784), 141(0.0333245), 223(0.0746599), 258(0.0873192), 260(0.0587504), 352(0.195376), 
  id=85, 54(0.0332562), 59(0.137112), 69(0.220528), 87(0.212784), 141(0.0333245), 223(0.0746599), 246(0.0864197), 258(0.0873192), 352(0.0480684), 405(0.0665277), 
  id=86, 69(0.220528), 87(0.212785), 149(0.0736668), 223(0.0746598), 246(0.0864196), 250(0.0492245), 258(0.0873193), 352(0.195376), 
  id=87, 69(0.220528), 87(0.138292), 223(0.0746599), 250(0.283824), 258(0.0873192), 352(0.195376), 
  id=88, 69(0.220528), 87(0.212784), 149(0.0736667), 223(0.0746599), 246(0.0864197), 250(0.0449544), 258(0.0873192), 352(0.195376), 
  id=89, 87(0.212785), 223(0.0746599), 246(0.0864197), 250(0.283824), 258(0.0873192), 260(0.0587505), 352(0.195376), 
  id=90, 69(0.220528), 87(0.212785), 223(0.0746599), 246(0.0864197), 250(0.283824), 258(0.0873192), 352(0.0339627), 
  id=91, 69(0.220528), 87(0.212784), 223(0.0746599), 246(0.0864197), 250(0.122913), 258(0.0873192), 352(0.195376), 
  id=92, 59(0.121682), 69(0.220528), 87(0.212784), 223(0.07466), 246(0.0864198), 258(0.0873192), 352(0.195376), 
  id=93, 69(0.220528), 87(0.212784), 223(0.0746599), 246(0.0606567), 250(0.283824), 258(0.0873192), 260(0.0587504), 
  id=94, 87(0.212785), 223(0.0746599), 246(0.0864196), 250(0.283824), 258(0.0873192), 260(0.0587504), 352(0.195376), 
  id=95, 69(0.220528), 87(0.212784), 223(0.0746599), 246(0.0864197), 250(0.210032), 352(0.195376), 
  id=96, 87(0.212784), 223(0.0746594), 246(0.0864193), 250(0.283824), 258(0.0873189), 260(0.0587501), 352(0.195375), 
  id=97, 87(0.212784), 223(0.0746599), 246(0.0864198), 250(0.283824), 258(0.0873194), 260(0.0587505), 352(0.195376), 
  id=98, 87(0.212784), 223(0.0746601), 246(0.08642), 250(0.283824), 258(0.0873193), 260(0.0587506), 352(0.195376), 
  id=99, 87(0.212785), 223(0.07466), 246(0.0864197), 250(0.283824), 258(0.0873192), 260(0.0587506), 352(0.195376), 
  id=100, 87(0.212784), 223(0.0746598), 246(0.0864198), 250(0.283824), 258(0.0873194), 260(0.0587506), 352(0.195376), 
  id=101, 87(0.212784), 223(0.0746599), 246(0.0864197), 250(0.283824), 258(0.0873195), 260(0.0587506), 352(0.195376), 
  id=102, 87(0.212785), 223(0.0746599), 246(0.0864198), 250(0.283824), 258(0.0873192), 260(0.0587505), 352(0.195376), 
  id=103, 87(0.212785), 223(0.07466), 246(0.0864197), 250(0.283824), 258(0.0873194), 260(0.0587504), 352(0.195376), 
  id=104, 87(0.212785), 223(0.0746599), 246(0.0864197), 250(0.283824), 258(0.0873192), 260(0.0587506), 352(0.195376), 
d = 1
  id=105, 17(0.21934), 29(0.212942), 30(0.0678127), 44(0.113762), 141(0.0333246), 403(0.286187), 405(0.0665277), 
  id=106, 17(0.21934), 29(0.212942), 30(0.0678157), 44(0.113762), 141(0.0333242), 403(0.286187), 405(0.0665276), 
  id=107, 17(0.21934), 29(0.212942), 30(0.0678157), 44(0.113762), 141(0.0333243), 403(0.286187), 405(0.0665277), 
  id=108, 45(0.287076), 59(0.137112), 149(0.0736668), 320(0.466546), 417(0.0355644), 
  id=109, 17(0.21934), 29(0.212942), 30(0.0678159), 44(0.113762), 45(0.0997942), 403(0.286187), 
  id=110, 45(0.287075), 144(0.210529), 320(0.466545), 417(0.0355642), 
  id=111, 17(0.21934), 29(0.212942), 30(0.0678159), 44(0.113762), 141(0.0332662), 403(0.286187), 405(0.0665278), 
  id=112, 29(0.212942), 141(0.0333245), 149(0.0736668), 152(0.287362), 164(0.184664), 332(0.0174479), 403(0.190489), 
  id=113, 332(0.0174478), 333(0.982552), 
  id=114, 17(0.21934), 29(0.212942), 30(0.0678159), 44(0.113762), 141(0.0333244), 403(0.286187), 405(0.0665277), 
  id=115, 45(0.287076), 59(0.137111), 149(0.0736665), 320(0.466546), 417(0.0355643), 
  id=116, 17(0.21934), 29(0.212941), 30(0.0678157), 44(0.113762), 141(0.0333243), 403(0.286187), 405(0.0665277), 
  id=117, 17(0.21934), 29(0.136505), 44(0.113762), 59(0.137112), 141(0.0333244), 149(0.0736667), 403(0.286187), 
  id=118, 17(0.219341), 29(0.212942), 30(0.0678162), 44(0.113763), 141(0.033325), 403(0.286187), 405(0.0665281), 
  id=119, 45(0.287076), 59(0.137112), 144(0.0737031), 320(0.466545), 417(0.0355643), 
  id=120, 29(0.212942), 44(0.113762), 45(0.109644), 59(0.137111), 149(0.0736666), 403(0.286187), 405(0.0665278), 
  id=121, 144(0.210529), 152(0.287362), 320(0.466545), 417(0.0355643), 
  id=122, 45(0.112036), 59(0.137112), 144(0.210529), 149(0.0736667), 320(0.466545), 
  id=123, 17(0.21934), 29(0.212942), 44(0.113762), 141(0.0333245), 149(0.0678132), 403(0.286187), 405(0.0665277), 
  id=124, 52(0.317446), 144(0.210529), 152(0.287362), 164(0.184664), 
  id=125, 332(0.0174478), 333(0.982552), 
  id=126, 45(0.287076), 59(0.137112), 144(0.210529), 149(0.0736667), 152(0.287362), 
  id=127, 45(0.0364895), 59(0.137112), 149(0.0736667), 320(0.466545), 403(0.286187), 
  id=128, 45(0.1491), 52(0.317446), 144(0.210529), 152(0.287362), 417(0.0355643), 
  id=129, 17(0.21934), 29(0.212942), 30(0.0677576), 44(0.113762), 141(0.0333245), 403(0.286187), 405(0.0665278), 
  id=130, 52(0.317446), 144(0.210529), 152(0.287362), 164(0.184664), 
  id=131, 44(0.113762), 45(0.287075), 59(0.137112), 149(0.0736667), 403(0.286187), 405(0.0665278), 417(0.0355644), 
  id=132, 332(0.0174478), 333(0.982552), 
  id=133, 45(0.287076), 59(0.137111), 149(0.0718673), 320(0.466545), 417(0.0355643), 
  id=134, 45(0.287076), 59(0.137111), 149(0.0736667), 320(0.466545), 417(0.0354062), 
  id=135, 45(0.287076), 144(0.210529), 320(0.466546), 417(0.0355648), 
  id=136, 45(0.287076), 59(0.137111), 144(0.210529), 149(0.0736666), 196(0.0206094), 320(0.25178), 332(0.0174478), 
  id=137, 144(0.210529), 152(0.287362), 320(0.466545), 332(0.0174478), 417(0.0181162), 
  id=138, 332(0.0174478), 333(0.982552), 
  id=139, 45(0.0748032), 59(0.137112), 144(0.210529), 149(0.0736666), 320(0.466546), 417(0.0355643), 
  id=140, 45(0.287076), 59(0.137112), 149(0.0735842), 320(0.466546), 417(0.0355643), 
  id=141, 17(0.21934), 29(0.212942), 44(0.0426283), 59(0.137112), 141(0.0333244), 403(0.286187), 405(0.0665276), 
  id=142, 45(0.287075), 144(0.210528), 320(0.466545), 417(0.035564), 
  id=143, 332(0.0174478), 333(0.982552), 
  id=144, 144(0.210529), 152(0.287362), 320(0.466545), 417(0.0355643), 
  id=145, 52(0.317446), 144(0.210529), 152(0.287362), 164(0.184664), 
  id=146, 332(0.0174478), 333(0.982552), 
  id=147, 29(0.212942), 30(0.067816), 44(0.113762), 59(0.137111), 141(0.0333246), 149(0.0736666), 403(0.286187), 405(0.0665279), 
  id=148, 332(0.0174478), 333(0.982552), 
  id=149, 44(0.113762), 45(0.251917), 59(0.137111), 141(0.0333245), 149(0.0736667), 403(0.286187), 405(0.0665277), 417(0.0355644), 
  id=150, 332(0.0174473), 333(0.982552), 
  id=151, 44(0.113762), 45(0.287076), 59(0.137111), 141(0.0333246), 149(0.0736665), 403(0.286187), 405(0.0665278), 
  id=152, 52(0.317446), 144(0.210529), 152(0.287362), 164(0.184664), 
  id=153, 52(0.317446), 144(0.210529), 152(0.287362), 164(0.184664), 
  id=154, 29(0.212942), 45(0.0491789), 59(0.137112), 87(0.212784), 141(0.0333245), 403(0.286187), 405(0.0665279), 
  id=155, 52(0.315629), 144(0.210529), 152(0.287362), 164(0.184664), 
  id=156, 332(0.0174478), 333(0.982552), 
  id=157, 45(0.287076), 59(0.137112), 87(0.212785), 149(0.0736668), 152(0.287362), 
  id=158, 29(0.0746963), 44(0.113762), 59(0.137112), 87(0.212785), 141(0.0333245), 149(0.0736667), 403(0.286187), 405(0.0665278), 
  id=159, 52(0.317446), 87(0.210529), 152(0.287362), 164(0.184664), 
  id=160, 52(0.317446), 144(0.210529), 152(0.287362), 164(0.184664), 
  id=161, 44(0.113762), 45(0.0746973), 59(0.137112), 87(0.212784), 141(0.0333246), 149(0.0736664), 403(0.286187), 405(0.0665278), 
  id=162, 45(0.0412025), 59(0.137112), 87(0.212784), 144(0.210529), 149(0.0736665), 152(0.287362), 417(0.0355644), 
  id=163, 87(0.212784), 196(0.0206094), 199(0.134571), 332(0.0174478), 333(0.614587), 
  id=164, 52(0.317446), 87(0.210529), 152(0.287362), 164(0.184664), 
  id=165, 45(0.287076), 59(0.137111), 87(0.212784), 144(0.0576563), 149(0.0736668), 196(0.0206094), 199(0.134571), 223(0.0746598), 
  id=166, 332(0.0174478), 333(0.982552), 
  id=167, 44(0.113762), 59(0.137112), 87(0.212785), 141(0.0333245), 149(0.0736669), 223(0.0746601), 403(0.286187), 405(0.0665278), 
  id=168, 332(0.0174478), 333(0.982552), 
  id=169, 199(0.134571), 332(0.0174479), 333(0.847981), 
  id=170, 45(0.0412025), 59(0.137112), 87(0.212785), 144(0.210529), 149(0.0736666), 152(0.287362), 417(0.0355643), 
  id=171, 29(0.212942), 44(0.113762), 87(0.212784), 141(0.0333245), 149(0.0726312), 403(0.286187), 405(0.0665276), 
  id=172, 45(0.287076), 59(0.137112), 87(0.212784), 149(0.0736666), 223(0.0746598), 320(0.177166), 417(0.0355643), 
  id=173, 332(0.0174478), 333(0.982552), 
  id=174, 87(0.108238), 196(0.0206094), 199(0.134571), 223(0.0746599), 320(0.466545), 352(0.195376), 
  id=175, 196(0.0206094), 199(0.134571), 242(0.0194808), 332(0.0174479), 333(0.61249), 352(0.195376), 
  id=176, 332(0.0174478), 333(0.982552), 
  id=177, 59(0.137112), 87(0.212785), 149(0.0736666), 164(0.184664), 196(0.0206094), 223(0.0746598), 246(0.0864197), 250(0.0129286), 352(0.195376), 
  id=178, 59(0.137112), 87(0.212784), 149(0.0736666), 196(0.0206095), 199(0.134571), 223(0.07466), 250(0.149286), 352(0.195376), 
  id=179, 44(0.113762), 59(0.137111), 87(0.212784), 141(0.0333244), 149(0.0736666), 223(0.0746597), 403(0.286187), 405(0.0665276), 
  id=180, 87(0.212784), 164(0.0607269), 196(0.0206094), 199(0.134571), 223(0.0746599), 250(0.283824), 332(0.0174478), 352(0.195376), 
  id=181, 87(0.212784), 196(0.0206094), 199(0.134571), 223(0.0746598), 250(0.283824), 260(0.0587503), 332(0.0174478), 352(0.195376), 
  id=182, 59(0.137111), 87(0.212785), 196(0.0206093), 199(0.134571), 223(0.0746597), 242(0.0194808), 246(0.0864198), 250(0.116555), 352(0.195376), 
  id=183, 59(0.137111), 87(0.212785), 141(0.0333245), 149(0.0736667), 164(0.184664), 223(0.0746599), 246(0.0864198), 352(0.195376), 
  id=184, 29(0.212942), 44(0.111706), 87(0.212784), 141(0.0333244), 223(0.0746599), 403(0.286187), 405(0.0665277), 
  id=185, 196(0.0206094), 199(0.134571), 333(0.844754), 
  id=186, 87(0.212784), 164(0.184664), 196(0.0206094), 199(0.134571), 242(0.0194808), 250(0.283824), 263(0.126468), 332(0.0174478), 
  id=187, 332(0.0174392), 333(0.982552), 
  id=188, 87(0.212784), 196(0.0206094), 199(0.134571), 223(0.0746599), 242(0.0194808), 246(0.0864197), 250(0.196937), 260(0.0587504), 352(0.195376), 
  id=189, 87(0.152469), 196(0.0206095), 199(0.134571), 250(0.283824), 263(0.212427), 352(0.195376), 
  id=190, 196(0.0206094), 199(0.134571), 242(0.0194808), 263(0.212427), 332(0.0174478), 333(0.595463), 
  id=191, 87(0.212784), 152(0.124546), 196(0.0206095), 223(0.0746599), 246(0.0864198), 250(0.283824), 352(0.195376), 
  id=192, 196(0.0206095), 199(0.134571), 223(0.0746599), 242(0.0194807), 250(0.283824), 260(0.0587505), 263(0.212427), 352(0.195376), 
  id=193, 59(0.137112), 87(0.212784), 149(0.0736666), 196(0.0206095), 199(0.109585), 223(0.0746598), 246(0.0864198), 258(0.0873192), 352(0.195376), 
  id=194, 196(0.0206094), 199(0.134571), 242(0.0194808), 263(0.212427), 332(0.0174479), 333(0.595439), 
  id=195, 59(0.137111), 87(0.212784), 149(0.0736667), 196(0.0206094), 199(0.134571), 223(0.0746599), 246(0.0864196), 260(0.0284978), 352(0.195376), 417(0.0355643), 
  id=196, 196(0.0206094), 199(0.134571), 223(0.0746599), 250(0.283824), 258(0.0155297), 260(0.0587504), 263(0.212427), 352(0.195376), 
  id=197, 199(0.0174478), 333(0.982552), 
  id=198, 196(0.0206094), 199(0.134571), 223(0.0746599), 250(0.283824), 260(0.0587504), 263(0.212427), 332(0.0174479), 352(0.195376), 
  id=199, 196(0.0206094), 199(0.134571), 242(0.0194808), 246(0.0745356), 250(0.283824), 260(0.0587504), 263(0.212427), 352(0.195376), 
  id=200, 87(0.212784), 223(0.0746598), 246(0.0864198), 250(0.283824), 258(0.0873191), 260(0.0587504), 352(0.195376), 
  id=201, 87(0.212784), 196(0.0206094), 223(0.0746599), 242(0.0194808), 246(0.0864197), 250(0.283824), 258(0.0873192), 260(0.0190933), 352(0.195376), 
  id=202, 87(0.133711), 196(0.0206094), 199(0.134571), 242(0.0194808), 250(0.283824), 263(0.212427), 352(0.195376), 
  id=203, 196(0.0206094), 199(0.134571), 242(0.0194808), 250(0.283824), 260(0.0587504), 263(0.212427), 332(0.0174478), 352(0.0580458), 360(0.0399553), 434(0.154888), 
  id=204, 196(0.0206094), 199(0.134571), 242(0.0194807), 250(0.283824), 260(0.0587504), 263(0.212427), 332(0.0174479), 333(0.0572045), 352(0.195376), 
  id=205, 196(0.0206095), 199(0.134571), 242(0.0194808), 250(0.283824), 263(0.212427), 276(0.108338), 332(0.0174479), 352(0.195376), 
  id=206, 196(0.0206094), 199(0.134571), 242(0.0194808), 263(0.212427), 332(0.0174479), 333(0.595463), 
  id=207, 87(0.212784), 196(0.0206094), 199(0.134571), 242(0.0194807), 246(0.0864196), 250(0.283824), 352(0.195376), 360(0.0399554), 
  id=208, 196(0.0206094), 199(0.134571), 242(0.0194808), 250(0.283824), 263(0.212427), 352(0.195376), 434(0.133711), 
  id=209, 199(0.134571), 333(0.86539), 
  id=210, 87(0.193489), 223(0.0746598), 242(0.0194807), 246(0.0864197), 250(0.283824), 258(0.0873192), 260(0.0587503), 352(0.195376), 
  id=211, 87(0.212784), 196(0.0206094), 223(0.0746599), 250(0.283824), 258(0.0873192), 260(0.0587504), 276(0.0656136), 352(0.195376), 
  id=212, 196(0.0206094), 199(0.134571), 242(0.0194808), 250(0.182113), 260(0.0587505), 263(0.212427), 332(0.0174479), 352(0.195376), 434(0.154888), 
  id=213, 87(0.212784), 164(0.146936), 223(0.0746599), 246(0.0864197), 250(0.283824), 352(0.195376), 
  id=214, 196(0.0206094), 199(0.134571), 242(0.0194808), 250(0.210491), 260(0.0587504), 263(0.212427), 276(0.108338), 352(0.195376), 360(0.0399553), 
  id=215, 87(0.212784), 223(0.0746599), 246(0.0864196), 250(0.283824), 258(0.0873191), 260(0.0587504), 352(0.195376), 
  id=216, 196(0.0206095), 199(0.134571), 242(0.0194808), 260(0.0587505), 263(0.212427), 276(0.108338), 332(0.0174478), 333(0.232604), 352(0.195376), 
  id=217, 196(0.0206094), 199(0.134571), 223(0.0746599), 242(0.0194808), 246(0.0864197), 258(0.0494114), 260(0.0587505), 263(0.212427), 276(0.108338), 352(0.195376), 360(0.0399553), 
  id=218, 87(0.212784), 152(0.157648), 164(0.184664), 223(0.0746599), 246(0.0864197), 250(0.283824), 
  id=219, 196(0.0206094), 199(0.134571), 242(0.0194808), 250(0.283824), 260(0.0587504), 263(0.212427), 276(0.0350052), 352(0.195376), 360(0.0399553), 
  id=220, 223(0.0746599), 246(0.0864196), 250(0.283824), 258(0.0873191), 260(0.0587504), 263(0.212427), 360(0.0399553), 434(0.154888), 
  id=221, 196(0.0206093), 223(0.0746598), 242(0.0194807), 246(0.0864198), 250(0.283824), 260(0.0587504), 276(0.105139), 352(0.195376), 434(0.154888), 
  id=222, 87(0.212784), 223(0.0746599), 250(0.283824), 260(0.0587505), 263(0.174453), 352(0.195376), 
  id=223, 223(0.0746599), 246(0.0864197), 250(0.283824), 258(0.0873193), 260(0.0587505), 263(0.212428), 360(0.0399554), 434(0.154887), 
  id=224, 196(0.0206094), 199(0.134571), 242(0.0194808), 250(0.123172), 258(0.0873192), 260(0.0587504), 263(0.212427), 276(0.108338), 352(0.195376), 360(0.0399553), 
  id=225, 196(0.0206094), 199(0.134571), 223(0.0746599), 242(0.0194808), 250(0.283824), 260(0.0587504), 263(0.0574703), 352(0.195376), 434(0.154888), 
  id=226, 87(0.212784), 223(0.0104526), 246(0.0864197), 258(0.0873192), 263(0.212427), 352(0.195376), 360(0.0399553), 434(0.154888), 
  id=227, 87(0.212784), 164(0.184664), 242(0.0194808), 246(0.0864196), 250(0.283824), 263(0.212427), 
  id=228, 199(0.134571), 242(0.0194808), 246(0.0864197), 250(0.283824), 263(0.130725), 276(0.108338), 352(0.195376), 360(0.0399553), 
  id=229, 87(0.212784), 223(0.0160899), 242(0.0194808), 246(0.0864197), 250(0.283824), 258(0.0873192), 260(0.0587504), 352(0.195376), 360(0.0399553), 
  id=230, 196(0.0206094), 199(0.134571), 223(0.0746599), 242(0.0194808), 246(0.0864197), 250(0.283824), 260(0.0587504), 352(0.195376), 360(0.0399553), 434(0.086353), 
  id=231, 87(0.212784), 223(0.0746599), 246(0.0864197), 250(0.283824), 260(0.0587505), 352(0.195376), 360(0.0399553), 434(0.0468249), 
  id=232, 199(0.134571), 246(0.0864197), 250(0.283824), 260(0.0587505), 276(0.108338), 352(0.131999), 360(0.0399553), 434(0.154888), 
  id=233, 196(0.0206094), 199(0.134571), 242(0.0194808), 250(0.283824), 260(0.0587504), 263(0.212427), 276(0.108338), 360(0.0399553), 434(0.121569), 
  id=234, 196(0.0206094), 199(0.134571), 223(0.0746599), 242(0.0194808), 250(0.283824), 258(0.0641719), 260(0.0587504), 276(0.108338), 352(0.195376), 360(0.0399553), 
  id=235, 87(0.212784), 242(0.0194808), 246(0.0864197), 250(0.283824), 260(0.0587504), 263(0.212427), 360(0.0399553), 434(0.0863578), 
  id=236, 223(0.0746598), 242(0.0194807), 246(0.0864198), 250(0.283824), 258(0.0873193), 263(0.212427), 352(0.195376), 360(0.0399554), 
  id=237, 223(0.0746599), 246(0.0864197), 250(0.283824), 258(0.0873192), 260(0.0587505), 276(0.0186937), 352(0.195376), 360(0.0399553), 434(0.154888), 
  id=238, 242(0.0194808), 250(0.283824), 258(0.0873192), 260(0.0587505), 263(0.212427), 276(0.108338), 360(0.0396689), 368(0.03488), 434(0.154888), 
  id=239, 87(0.0597554), 223(0.0746599), 246(0.0864197), 250(0.283824), 258(0.0873192), 263(0.212427), 352(0.195376), 
  id=240, 196(0.0206094), 223(0.0746599), 242(0.0194808), 246(0.0864197), 258(0.0873192), 263(0.212427), 276(0.0739845), 352(0.195376), 360(0.0399553), 368(0.03488), 434(0.154888), 
  id=241, 242(0.0194808), 250(0.283824), 258(0.0873192), 263(0.212427), 276(0.108338), 352(0.195376), 434(0.0931147), 
  id=242, 242(0.0194809), 250(0.283824), 260(0.0587504), 263(0.212427), 352(0.195376), 360(0.0399553), 368(0.03488), 434(0.154888), 
  id=243, 196(0.0206094), 199(0.134571), 242(0.0194808), 250(0.0556034), 260(0.0587504), 263(0.212427), 276(0.108338), 352(0.195376), 360(0.0399553), 434(0.154888), 
  id=244, 223(0.0746599), 246(0.0864197), 250(0.194293), 258(0.0873193), 260(0.0587504), 276(0.108338), 352(0.195376), 360(0.0399553), 434(0.154888), 
  id=245, 196(0.0206094), 199(0.134571), 242(0.0194808), 250(0.0207234), 260(0.0587504), 263(0.212427), 276(0.108338), 352(0.195376), 360(0.0399553), 368(0.03488), 434(0.154888), 
  id=246, 87(0.212784), 196(0.0206094), 223(0.0746599), 242(0.0194808), 246(0.0864197), 260(0.0355571), 263(0.212427), 276(0.108338), 360(0.0399553), 368(0.03488), 434(0.154888), 
  id=247, 87(0.212785), 223(0.0746598), 246(0.0864197), 250(0.0321914), 258(0.0873192), 260(0.0587505), 263(0.212427), 352(0.195376), 360(0.0399553), 
  id=248, 196(0.0206094), 223(0.0746599), 242(0.0194808), 246(0.0864197), 250(0.102272), 258(0.0873192), 260(0.0587504), 263(0.212427), 276(0.108338), 360(0.0399553), 368(0.03488), 434(0.154888), 
  id=249, 242(0.0194808), 246(0.0864197), 250(0.283824), 260(0.0573407), 263(0.212427), 276(0.108338), 352(0.195376), 368(0.0348799), 
  id=250, 196(0.0206094), 199(0.134571), 223(0.0746557), 242(0.0194809), 258(0.0873193), 260(0.0587503), 263(0.212427), 352(0.195376), 360(0.0399554), 434(0.154888), 
  id=251, 87(0.212784), 223(0.0746599), 242(0.0194808), 246(0.0864197), 250(0.283824), 258(0.0873192), 260(0.0587504), 360(0.0218738), 434(0.154888), 
  id=252, 87(0.212784), 242(0.0194807), 246(0.0864197), 258(0.0873193), 260(0.0587504), 263(0.156251), 276(0.108338), 352(0.195376), 360(0.0399553), 368(0.03488), 
  id=253, 196(0.0206094), 199(0.134571), 242(0.0194808), 250(0.0207234), 260(0.0587504), 263(0.212427), 276(0.108338), 352(0.195376), 360(0.0399553), 368(0.03488), 434(0.154888), 
  id=254, 223(0.0746599), 242(0.0194808), 246(0.0864196), 250(0.168131), 258(0.0873192), 263(0.212427), 352(0.195376), 434(0.154888), 
  id=255, 87(0.065357), 223(0.0746599), 246(0.0864197), 250(0.283824), 258(0.0873192), 260(0.0587504), 276(0.108338), 352(0.195376), 360(0.0399553), 
  id=256, 246(0.0547792), 250(0.283824), 260(0.0587504), 263(0.212427), 352(0.195376), 360(0.0399553), 434(0.154888), 
  id=257, 196(0.0206094), 199(0.134571), 242(0.0194808), 250(0.283824), 263(0.212427), 276(0.108338), 360(0.0399553), 368(0.0236458), 434(0.154888), 
  id=258, 242(0.0194808), 246(0.0679867), 250(0.283824), 258(0.0873192), 260(0.0587504), 263(0.212427), 352(0.195376), 360(0.0399553), 368(0.03488), 
  id=259, 196(0.0206094), 223(0.0746599), 242(0.0194808), 246(0.0864197), 250(0.283824), 260(0.0587504), 263(0.212427), 352(0.0540605), 368(0.03488), 434(0.154888), 
  id=260, 196(0.0206094), 223(0.07466), 242(0.0194808), 250(0.283824), 258(0.0873193), 260(0.0587505), 276(0.108338), 352(0.191761), 434(0.154888), 
  id=261, 196(0.0206094), 242(0.0194808), 250(0.283824), 258(0.0873192), 260(0.0587504), 263(0.0314588), 276(0.108338), 352(0.195376), 360(0.0399553), 434(0.154888), 
  id=262, 223(0.0746598), 242(0.0194808), 246(0.0864197), 250(0.283824), 258(0.0873193), 260(0.0587503), 276(0.108338), 352(0.050327), 360(0.0399553), 368(0.0348799), 434(0.154888), 
  id=263, 223(0.0746599), 242(0.0194808), 246(0.0864197), 250(0.283824), 258(0.0873192), 260(0.0587504), 276(0.108338), 352(0.195376), 360(0.0399553), 368(0.03488), 434(0.0109673), 
  id=264, 223(0.0746599), 242(0.0194808), 246(0.0864198), 250(0.283824), 258(0.0873192), 260(0.0520598), 263(0.212427), 276(0.108338), 360(0.0399554), 368(0.03488), 
  id=265, 196(0.0206094), 242(0.0194808), 246(0.0864197), 250(0.283824), 258(0.0873192), 260(0.0587504), 263(0.105535), 276(0.108338), 360(0.0399553), 368(0.03488), 434(0.154888), 
  id=266, 242(0.0194808), 246(0.0864197), 258(0.0873192), 260(0.0587504), 263(0.212427), 276(0.108338), 352(0.195376), 360(0.0399553), 368(0.03488), 434(0.154888), 
  id=267, 242(0.0194807), 246(0.0864197), 250(0.283824), 258(0.0873193), 260(0.0455872), 263(0.212427), 276(0.108338), 434(0.154888), 
  id=268, 199(0.134571), 250(0.283824), 263(0.212427), 352(0.138599), 360(0.0399553), 368(0.03488), 434(0.154888), 
  id=269, 223(0.0746599), 242(0.0194808), 246(0.0864197), 250(0.283824), 258(0.0873192), 260(0.0587504), 263(0.119334), 352(0.195376), 360(0.0399553), 368(0.03488), 
  id=270, 250(0.201696), 258(0.0873192), 263(0.212427), 276(0.108338), 352(0.195376), 360(0.0399553), 434(0.154888), 
  id=271, 242(0.0191875), 250(0.283824), 258(0.0873192), 260(0.0587504), 263(0.212427), 276(0.108338), 360(0.0399553), 368(0.03488), 434(0.154888), 
  id=272, 223(0.0746599), 242(0.0194808), 246(0.0864197), 250(0.197717), 258(0.0873192), 260(0.0587505), 263(0.212427), 276(0.108338), 434(0.154888), 
  id=273, 223(0.0746599), 242(0.0194808), 246(0.0864198), 250(0.137382), 258(0.0873192), 260(0.0587504), 276(0.108338), 352(0.195376), 360(0.0399553), 368(0.03488), 434(0.154888), 
  id=274, 242(0.0194808), 246(0.0864197), 250(0.283824), 258(0.0873192), 260(0.0587504), 263(0.126127), 276(0.108338), 360(0.0399553), 368(0.03488), 434(0.154888), 
  id=275, 242(0.0194808), 246(0.0864197), 250(0.214593), 258(0.0873192), 260(0.0587504), 276(0.108338), 352(0.195376), 360(0.0399553), 368(0.03488), 434(0.154888), 
  id=276, 242(0.0194808), 250(0.088585), 258(0.0873193), 260(0.0587504), 263(0.212427), 276(0.108338), 352(0.195376), 360(0.0399553), 368(0.03488), 434(0.154888), 
  id=277, 242(0.0194808), 246(0.0864197), 250(0.148235), 263(0.212427), 276(0.108338), 352(0.195376), 360(0.0399553), 368(0.03488), 434(0.154888), 
  id=278, 246(0.0864198), 250(0.283824), 258(0.0873194), 263(0.212427), 276(0.108338), 360(0.0399553), 368(0.0266675), 434(0.154888), 
  id=279, 223(0.0196175), 250(0.283824), 258(0.0873192), 260(0.0587504), 263(0.212427), 276(0.108338), 360(0.0399553), 368(0.03488), 434(0.154888), 
  id=280, 242(0.0194808), 250(0.283824), 260(0.0587504), 263(0.212427), 276(0.108338), 352(0.122336), 360(0.0399553), 434(0.154888), 
  id=281, 242(0.0194808), 250(0.283824), 258(0.0873192), 260(0.0587504), 263(0.0171881), 276(0.108338), 352(0.195376), 360(0.0399553), 368(0.03488), 434(0.154888), 
  id=282, 242(0.0194808), 250(0.283824), 260(0.0584395), 263(0.212427), 352(0.195376), 360(0.0399553), 368(0.03488), 434(0.154888), 
  id=283, 223(0.0382435), 246(0.0864197), 250(0.283824), 263(0.212427), 276(0.108338), 352(0.195376), 360(0.0399553), 368(0.03488), 
  id=284, 242(0.0194808), 246(0.0864197), 250(0.283824), 258(0.0873193), 263(0.18198), 276(0.108338), 360(0.0399553), 368(0.03488), 434(0.154888), 
  id=285, 242(0.0194808), 250(0.283824), 258(0.0873192), 260(0.0587504), 263(0.212427), 276(0.108338), 360(0.0399554), 368(0.03488), 434(0.154888), 
  id=286, 223(0.0746599), 242(0.0194808), 246(0.0864197), 250(0.283824), 258(0.0873192), 260(0.0587504), 263(0.0514845), 276(0.108338), 360(0.0399553), 368(0.03488), 434(0.154888), 
  id=287, 242(0.0194808), 246(0.0864197), 250(0.283824), 258(0.0873193), 260(0.0587504), 263(0.126031), 276(0.108338), 360(0.0399553), 368(0.03488), 434(0.154888), 
  id=288, 223(0.0746599), 246(0.0864197), 250(0.283824), 263(0.212427), 276(0.108338), 360(0.0399553), 368(0.03488), 434(0.154888), 
  id=289, 242(0.0194808), 246(0.0864198), 250(0.283824), 258(0.0873192), 263(0.183552), 276(0.108338), 360(0.0399554), 368(0.03488), 434(0.154888), 
  id=290, 223(0.0746599), 246(0.0864197), 258(0.0873193), 260(0.0587505), 263(0.212427), 276(0.108338), 352(0.142362), 360(0.0399553), 368(0.03488), 434(0.154888), 
  id=291, 242(0.0194808), 246(0.0864197), 258(0.0873192), 260(0.0587504), 263(0.212427), 276(0.108338), 352(0.195376), 360(0.0399553), 368(0.03488), 434(0.154888), 
  id=292, 242(0.0194808), 246(0.0864197), 250(0.197541), 258(0.0873193), 260(0.0587504), 263(0.212427), 276(0.108338), 360(0.0399553), 368(0.03488), 434(0.154888), 
  id=293, 246(0.0864197), 250(0.217022), 258(0.0873193), 260(0.0587505), 263(0.212427), 276(0.108338), 360(0.0399553), 368(0.03488), 434(0.154888), 
  id=294, 242(0.0194807), 246(0.0864195), 250(0.283824), 260(0.0587503), 263(0.212427), 276(0.108338), 360(0.0399552), 368(0.03488), 434(0.154887), 
  id=295, 246(0.0864197), 250(0.283824), 258(0.020517), 260(0.0587504), 263(0.212427), 276(0.108338), 360(0.0399553), 368(0.03488), 434(0.154888), 
  id=296, 250(0.283824), 260(0.0587505), 263(0.212427), 276(0.108338), 352(0.106303), 360(0.0399553), 368(0.03488), 434(0.154888), 
  id=297, 242(0.0194808), 246(0.0864197), 250(0.0894844), 260(0.0587504), 263(0.212427), 276(0.108338), 352(0.195376), 360(0.0399553), 368(0.03488), 434(0.154888), 
  id=298, 250(0.142946), 258(0.0873192), 260(0.0587504), 263(0.212427), 276(0.108338), 352(0.195376), 360(0.0399553), 434(0.154888), 
  id=299, 242(0.0194808), 246(0.0864197), 250(0.197541), 258(0.0873192), 260(0.0587504), 263(0.212427), 276(0.108338), 360(0.0399553), 368(0.03488), 434(0.154888), 
  id=300, 246(0.0864197), 250(0.217022), 258(0.0873193), 260(0.0587505), 263(0.212427), 276(0.108338), 360(0.0399553), 368(0.03488), 434(0.154888), 
  id=301, 242(0.019481), 246(0.0864199), 250(0.283825), 260(0.0587507), 263(0.212427), 276(0.108339), 360(0.0399555), 368(0.0348802), 434(0.154888), 
  id=302, 242(0.0194807), 246(0.0864195), 250(0.283824), 260(0.0587504), 263(0.212427), 276(0.108338), 360(0.0399552), 368(0.0348799), 434(0.154888), 
  id=303, 242(0.0194808), 246(0.0864197), 250(0.283824), 258(0.0873193), 263(0.212427), 276(0.108338), 360(0.0120929), 368(0.03488), 434(0.154888), 
  id=304, 246(0.0864197), 250(0.217022), 258(0.0873193), 260(0.0587504), 263(0.212427), 276(0.108338), 360(0.0399553), 368(0.03488), 434(0.154888), 
  id=305, 242(0.0194808), 250(0.283824), 258(0.0873191), 260(0.0587503), 263(0.212427), 276(0.108338), 360(0.0399552), 368(0.0348798), 434(0.154888), 
  id=306, 242(0.0194808), 250(0.283824), 258(0.0872835), 260(0.0587505), 263(0.212427), 276(0.108338), 360(0.0399554), 368(0.03488), 434(0.154888), 
  id=307, 246(0.0864197), 250(0.217022), 258(0.0873192), 260(0.0587504), 263(0.212427), 276(0.108338), 360(0.0399553), 368(0.03488), 434(0.154888), 
  id=308, 246(0.0864198), 250(0.021305), 258(0.0873193), 260(0.0587505), 263(0.212427), 276(0.108338), 352(0.195376), 360(0.0399553), 368(0.03488), 434(0.154888), 
  id=309, 242(0.0194808), 246(0.0864197), 250(0.197541), 258(0.0873193), 260(0.0587504), 263(0.212427), 276(0.108338), 360(0.0399553), 368(0.03488), 434(0.154888), 
  id=310, 246(0.0196175), 250(0.283824), 258(0.0873192), 260(0.0587505), 263(0.212427), 276(0.108338), 360(0.0399553), 368(0.03488), 434(0.154888), 
  id=311, 242(0.0194809), 250(0.283824), 258(0.0873193), 260(0.0587506), 263(0.212427), 276(0.108338), 360(0.0399555), 368(0.03488), 434(0.154888), 
  id=312, 242(0.0194808), 246(0.0864197), 250(0.197541), 258(0.0873192), 260(0.0587504), 263(0.212427), 276(0.108338), 360(0.0399553), 368(0.03488), 434(0.154888), 
  id=313, 242(0.0194807), 250(0.28378), 258(0.0873192), 260(0.0587504), 263(0.212427), 276(0.108338), 360(0.0399552), 368(0.03488), 434(0.154888), 
  id=314, 246(0.0864197), 250(0.217022), 258(0.0873192), 260(0.0587504), 263(0.212427), 276(0.108338), 360(0.0399553), 368(0.03488), 434(0.154888), 
  id=315, 242(0.0193479), 250(0.283824), 258(0.0873193), 260(0.0587505), 263(0.212427), 276(0.108338), 360(0.0399553), 368(0.03488), 434(0.154888), 
d = 2
  id=316, 45(0.287076), 59(0.137112), 149(0.0736668), 320(0.466546), 417(0.0355644), 
  id=317, 29(0.212942), 45(0.287076), 54(0.0332562), 59(0.137112), 69(0.220528), 141(0.0333245), 149(0.0736666), 
  id=318, 29(0.212942), 45(0.287076), 54(0.0332561), 59(0.137111), 69(0.220528), 141(0.0333244), 149(0.0736666), 
  id=319, 45(0.287076), 59(0.137112), 149(0.0736669), 320(0.466546), 417(0.0355645), 
  id=320, 45(0.287075), 59(0.137111), 149(0.0736664), 320(0.466545), 417(0.035564), 
  id=321, 45(0.287076), 59(0.137111), 149(0.0736665), 320(0.466546), 417(0.0355643), 
  id=322, 29(0.212942), 45(0.287076), 54(0.0332562), 59(0.137111), 69(0.220528), 141(0.0333245), 149(0.0736666), 
  id=323, 29(0.212942), 54(0.0332562), 59(0.137111), 69(0.220528), 141(0.0333246), 149(0.0736666), 332(0.0174478), 333(0.269627), 
  id=324, 45(0.287075), 59(0.137111), 149(0.0736666), 320(0.466545), 417(0.0355641), 
  id=325, 29(0.212942), 45(0.287076), 54(0.0332563), 59(0.137111), 69(0.220528), 141(0.0333246), 149(0.0736666), 
  id=326, 29(0.212941), 45(0.269564), 54(0.0332563), 59(0.137112), 69(0.220528), 141(0.0333246), 149(0.0736666), 332(0.0174479), 
  id=327, 45(0.287076), 59(0.137112), 149(0.0736666), 320(0.466545), 417(0.0355642), 
  id=328, 29(0.212942), 45(0.287076), 54(0.0332563), 59(0.137112), 69(0.220528), 141(0.0333245), 149(0.0736666), 
  id=329, 29(0.212925), 45(0.287076), 54(0.0332563), 59(0.137111), 69(0.220528), 141(0.0333246), 149(0.0736666), 
  id=330, 54(0.0332562), 330(0.966744), 
  id=331, 45(0.287075), 59(0.137112), 149(0.0736669), 320(0.466546), 417(0.0355643), 
  id=332, 196(0.0206094), 199(0.134571), 242(0.0194808), 332(0.0174478), 333(0.807891), 
  id=333, 196(0.0206094), 199(0.134571), 242(0.0194808), 332(0.0174478), 333(0.807891), 
  id=334, 59(0.137111), 69(0.220528), 149(0.0736668), 196(0.0206095), 199(0.134571), 242(0.0194808), 250(0.181051), 332(0.0174477), 352(0.195376), 
  id=335, 69(0.109888), 196(0.0206094), 199(0.134571), 242(0.0194808), 250(0.283824), 260(0.0587505), 263(0.159553), 332(0.0174479), 352(0.195376), 
  id=336, 196(0.0206094), 199(0.134571), 332(0.0174479), 333(0.807891), 352(0.0194809), 
  id=337, 196(0.0206094), 199(0.134571), 242(0.0194459), 332(0.0174478), 333(0.807891), 
  id=338, 196(0.0206094), 199(0.134571), 242(0.0194808), 332(0.0174479), 333(0.807891), 
  id=339, 196(0.0206093), 199(0.134571), 242(0.0194808), 250(0.151942), 258(0.0873194), 260(0.0587506), 263(0.159553), 332(0.0174478), 352(0.195376), 434(0.154888), 
  id=340, 69(0.220528), 196(0.0206095), 199(0.134571), 242(0.0194808), 250(0.283824), 263(0.125104), 352(0.195376), 
  id=341, 196(0.0206094), 199(0.134571), 242(0.0194808), 332(0.0174479), 333(0.807891), 
  id=342, 69(0.220528), 196(0.0206093), 242(0.0194808), 250(0.283824), 258(0.0873192), 260(0.0587505), 263(0.0736675), 352(0.195376), 360(0.0399553), 
  id=343, 196(0.0206095), 199(0.134571), 242(0.0194807), 250(0.283824), 258(0.0873192), 260(0.0587504), 263(0.159553), 352(0.195376), 434(0.040027), 
  id=344, 196(0.0206094), 199(0.134571), 242(0.0194808), 250(0.283824), 260(0.0587505), 263(0.159553), 332(0.0174478), 352(0.195376), 360(0.0399553), 434(0.070024), 
  id=345, 196(0.0206094), 199(0.134571), 242(0.0194808), 260(0.0587504), 263(0.159553), 332(0.0174478), 333(0.394212), 352(0.195376), 
  id=346, 69(0.220528), 149(0.0736667), 196(0.0206094), 242(0.0194808), 250(0.283824), 258(0.0873192), 260(0.0587504), 352(0.195376), 360(0.0399553), 
  id=347, 196(0.0206094), 199(0.134571), 242(0.0194808), 250(0.283824), 260(0.0587504), 263(0.159553), 333(0.323211), 
  id=348, 196(0.0206095), 199(0.134571), 242(0.0194807), 250(0.283824), 258(0.0873193), 260(0.0587505), 263(0.159553), 352(0.195376), 360(0.0399554), 
  id=349, 69(0.139309), 196(0.0206093), 242(0.0194807), 250(0.283824), 258(0.0873192), 260(0.0587505), 352(0.195376), 360(0.0399553), 434(0.154888), 
  id=350, 196(0.0206093), 199(0.134571), 242(0.0194809), 250(0.283824), 258(0.0873193), 260(0.0587504), 263(0.159553), 352(0.0406935), 360(0.0399554), 434(0.154888), 
  id=351, 196(0.0206094), 199(0.134571), 242(0.0194807), 250(0.283824), 260(0.0587503), 263(0.159553), 352(0.195376), 434(0.127346), 
  id=352, 196(0.0206095), 199(0.134571), 242(0.0194808), 250(0.283824), 258(0.0873193), 260(0.0587505), 263(0.159552), 352(0.195376), 360(0.0398378), 
  id=353, 196(0.0206093), 199(0.134571), 242(0.0194808), 250(0.283824), 258(0.0873191), 260(0.0587505), 263(0.159553), 352(0.0401183), 360(0.0399554), 434(0.154888), 
  id=354, 242(0.0194807), 250(0.283824), 258(0.0873193), 260(0.0587504), 263(0.159553), 352(0.195376), 360(0.0399552), 434(0.154888), 
  id=355, 242(0.0193976), 250(0.283824), 258(0.0873192), 260(0.0587506), 263(0.159553), 352(0.195376), 360(0.0399553), 434(0.154888), 
  id=356, 242(0.0194807), 250(0.283824), 258(0.0873192), 260(0.0587504), 263(0.159553), 352(0.195376), 360(0.0399555), 434(0.154888), 
  id=357, 242(0.0194808), 250(0.283824), 258(0.0873193), 260(0.0587503), 263(0.159553), 352(0.195376), 360(0.0399553), 434(0.154888), 
  id=358, 199(0.134571), 242(0.0194807), 250(0.283824), 260(0.0114989), 263(0.159553), 352(0.195376), 360(0.0399554), 434(0.154888), 
  id=359, 242(0.0194807), 250(0.283824), 258(0.0873193), 260(0.0587503), 263(0.159553), 352(0.195376), 360(0.0399553), 434(0.154888), 
  id=360, 199(0.0872259), 242(0.0194807), 250(0.283824), 260(0.0587503), 263(0.159553), 352(0.195376), 360(0.0399554), 434(0.154888), 
  id=361, 242(0.0194809), 250(0.283824), 258(0.0873194), 260(0.0587505), 263(0.159553), 352(0.195376), 360(0.0399554), 434(0.154888), 
  id=362, 242(0.0194806), 250(0.283824), 258(0.0873192), 260(0.0587505), 263(0.159553), 352(0.1953), 360(0.0399553), 434(0.154888), 
  id=363, 242(0.0194809), 250(0.283824), 258(0.0873192), 260(0.0587506), 263(0.159553), 352(0.195376), 360(0.0399552), 434(0.154888), 
  id=364, 242(0.0194808), 250(0.283824), 258(0.0873193), 260(0.0587504), 263(0.159553), 352(0.195376), 360(0.0399553), 434(0.154888), 
  id=365, 242(0.0194808), 250(0.283824), 258(0.0873192), 260(0.0587504), 263(0.159553), 352(0.195376), 360(0.0399552), 434(0.154888), 
  id=366, 242(0.0194809), 250(0.283824), 258(0.0873194), 260(0.0587503), 263(0.159553), 352(0.195376), 360(0.0399553), 434(0.154888), 
  id=367, 242(0.0194808), 250(0.283824), 258(0.0873193), 260(0.0587505), 263(0.159553), 352(0.195376), 360(0.0399554), 434(0.154888), 
  id=368, 242(0.0194808), 250(0.283824), 258(0.0873193), 260(0.0587505), 263(0.159553), 352(0.195376), 360(0.0399554), 434(0.154888), 
  id=369, 242(0.0194809), 250(0.283824), 258(0.0873192), 260(0.0587506), 263(0.159553), 352(0.195376), 360(0.0399552), 434(0.154888), 
  id=370, 242(0.0194808), 250(0.283824), 258(0.0873193), 260(0.0587505), 263(0.159553), 352(0.195376), 360(0.0399552), 434(0.154888), 
  id=371, 242(0.0194808), 250(0.283824), 258(0.0873192), 260(0.0587504), 263(0.159553), 352(0.195376), 360(0.0399555), 434(0.154888), 
  id=372, 242(0.0194808), 250(0.283824), 258(0.0873193), 260(0.0587505), 263(0.159552), 352(0.195376), 360(0.0399554), 434(0.154888), 
  id=373, 242(0.0194808), 250(0.283825), 258(0.0873191), 260(0.0587504), 263(0.159553), 352(0.195376), 360(0.0399555), 434(0.154888), 
  id=374, 242(0.0194808), 250(0.283824), 258(0.0873192), 260(0.0587505), 263(0.159553), 352(0.195376), 360(0.0399554), 434(0.154888), 
d = 3
  id=375, 29(0.212942), 40(0.0332527), 44(0.113762), 54(0.0252066), 69(0.220528), 141(0.0333245), 149(0.0736667), 403(0.286187), 
  id=376, 29(0.212942), 40(0.0332527), 44(0.113762), 54(0.0332563), 69(0.14588), 141(0.0333245), 149(0.0736666), 403(0.286187), 405(0.0665278), 
  id=377, 29(0.212942), 40(0.0332527), 44(0.113762), 54(0.0332562), 69(0.145879), 141(0.0333246), 149(0.0736667), 403(0.286187), 405(0.0665277), 
  id=378, 29(0.212942), 40(0.0332527), 44(0.113762), 54(0.0332562), 69(0.14588), 141(0.0333245), 149(0.0736667), 403(0.286187), 405(0.0665277), 
  id=379, 29(0.212942), 40(0.0332527), 44(0.113762), 54(0.0332562), 69(0.145881), 141(0.0333245), 149(0.0736667), 403(0.286187), 405(0.0665277), 
  id=380, 29(0.212942), 40(0.0332527), 44(0.113762), 54(0.0332562), 69(0.146928), 141(0.0333245), 149(0.0736667), 403(0.286187), 405(0.0665278), 
  id=381, 29(0.212942), 40(0.0332527), 44(0.113762), 54(0.0332563), 69(0.145879), 141(0.0333245), 149(0.0736667), 403(0.286187), 405(0.0665278), 
  id=382, 29(0.212942), 40(0.0332527), 44(0.113762), 54(0.0332562), 69(0.220332), 141(0.0333246), 403(0.286187), 405(0.0665277), 
  id=383, 29(0.212942), 40(0.0332527), 44(0.113762), 54(0.0332562), 69(0.145879), 141(0.0333245), 149(0.0736666), 403(0.286187), 405(0.0665277), 
  id=384, 29(0.212942), 40(0.0332527), 44(0.113762), 54(0.0332562), 69(0.220528), 141(0.0333245), 403(0.286187), 405(0.0665277), 
  id=385, 29(0.212942), 40(0.0332527), 44(0.113762), 54(0.0332563), 69(0.145951), 141(0.0333245), 149(0.0736667), 403(0.286187), 405(0.0665278), 
  id=386, 29(0.212942), 40(0.0332526), 44(0.113762), 54(0.0332562), 69(0.22025), 141(0.0333245), 403(0.286187), 405(0.0665277), 
  id=387, 29(0.212942), 40(0.0332527), 44(0.113762), 54(0.0332562), 69(0.219547), 141(0.0333245), 403(0.286187), 405(0.0665278), 
  id=388, 29(0.212942), 40(0.0332528), 44(0.113762), 54(0.0332564), 69(0.220528), 141(0.0333246), 403(0.286187), 405(0.0665279), 
  id=389, 29(0.212942), 40(0.0332527), 54(0.0332562), 69(0.220528), 141(0.0333245), 149(0.0736667), 199(0.134571), 403(0.253535), 
  id=390, 29(0.212942), 40(0.0331729), 44(0.113762), 54(0.0332562), 69(0.220528), 141(0.0333244), 403(0.286187), 405(0.0665277), 
  id=391, 40(0.0332527), 44(0.113762), 54(0.0332563), 69(0.220528), 141(0.0333245), 149(0.0736666), 199(0.134571), 403(0.286187), 405(0.0665277), 
  id=392, 40(0.0332527), 44(0.113762), 54(0.0332563), 69(0.220528), 141(0.0333245), 149(0.0736667), 199(0.134571), 403(0.286187), 405(0.0665278), 
d = 4
  id=393, 17(0.21934), 29(0.212942), 30(0.0678918), 44(0.113762), 54(0.0332564), 403(0.286187), 405(0.0665279), 
  id=394, 17(0.21934), 29(0.212918), 30(0.0678919), 44(0.113762), 54(0.0332562), 403(0.286187), 405(0.0665278), 
  id=395, 17(0.21934), 29(0.212929), 30(0.0678918), 44(0.113762), 54(0.0332562), 403(0.286187), 405(0.0665277), 
  id=396, 17(0.21934), 29(0.212942), 30(0.0678527), 44(0.113762), 54(0.0332563), 403(0.286187), 405(0.0665277), 
  id=397, 17(0.21934), 29(0.212942), 30(0.0678919), 44(0.113762), 54(0.0332562), 403(0.286187), 405(0.0665278), 
  id=398, 17(0.21934), 29(0.212942), 30(0.067892), 44(0.113762), 54(0.0332563), 403(0.286187), 405(0.0665277), 
  id=399, 17(0.21934), 29(0.212942), 30(0.0678918), 44(0.113762), 54(0.0332563), 403(0.286187), 405(0.0665278), 
  id=400, 17(0.219324), 29(0.212942), 30(0.0678917), 44(0.113762), 54(0.0332561), 403(0.286187), 405(0.0665278), 
  id=401, 17(0.21934), 29(0.212917), 30(0.0678919), 44(0.113762), 54(0.0332561), 403(0.286187), 405(0.0665277), 
  id=402, 17(0.21934), 29(0.212942), 30(0.0678919), 44(0.113762), 54(0.0332563), 403(0.286187), 405(0.0665278), 
  id=403, 17(0.21934), 29(0.212942), 30(0.0678918), 44(0.113762), 54(0.0332156), 403(0.286187), 405(0.0665278), 
  id=404, 17(0.21934), 29(0.212913), 30(0.0678917), 44(0.113762), 54(0.0332563), 403(0.286187), 405(0.0665277), 
  id=405, 17(0.21934), 29(0.212942), 30(0.0678918), 44(0.113753), 54(0.0332563), 403(0.286187), 405(0.0665279), 
  id=406, 17(0.219308), 29(0.212942), 30(0.0678918), 44(0.113762), 54(0.0332562), 403(0.286187), 405(0.0665276), 
  id=407, 29(0.212942), 44(0.113762), 54(0.0332563), 87(0.212784), 223(0.07466), 403(0.285934), 405(0.0665276), 
  id=408, 44(0.113762), 54(0.0332563), 87(0.212784), 196(0.0195976), 223(0.0746599), 250(0.283824), 352(0.195376), 405(0.0665278), 
  id=409, 87(0.212784), 196(0.0206094), 223(0.0746599), 250(0.283824), 263(0.212427), 352(0.195376), 
  id=410, 87(0.212784), 196(0.0206093), 223(0.07466), 250(0.283824), 263(0.212427), 352(0.195376), 
  id=411, 87(0.212785), 196(0.0206093), 223(0.0746599), 250(0.283824), 263(0.212427), 352(0.195376), 
d = 5
  id=412, 332(0.0174478), 333(0.982552), 
  id=413, 40(0.0332528), 44(0.113762), 45(0.287076), 59(0.137111), 69(0.220528), 141(0.0333244), 149(0.0736666), 403(0.101213), 
  id=414, 40(0.0332526), 44(0.113762), 45(0.287076), 59(0.137111), 69(0.220528), 141(0.0333245), 149(0.0736666), 403(0.101213), 
  id=415, 332(0.0174478), 333(0.982552), 
  id=416, 40(0.0332527), 44(0.113762), 45(0.287076), 59(0.137112), 69(0.220528), 141(0.0333245), 149(0.0736667), 403(0.101213), 
  id=417, 40(0.0332528), 44(0.113762), 45(0.287076), 59(0.137112), 69(0.220528), 141(0.0333244), 149(0.0736667), 403(0.101213), 
  id=418, 332(0.0174478), 333(0.982552), 
  id=419, 332(0.0174478), 333(0.982552), 
  id=420, 332(0.0174478), 333(0.982552), 
  id=421, 332(0.0174478), 333(0.982509), 
  id=422, 332(0.0174478), 333(0.982534), 
  id=423, 69(0.220528), 223(0.0746597), 242(0.0194809), 246(0.0864198), 250(0.283824), 258(0.0873192), 260(0.0587505), 360(0.0139376), 434(0.154888), 
  id=424, 223(0.0746599), 242(0.0194808), 246(0.0864197), 250(0.283824), 258(0.0873192), 260(0.0587506), 263(0.212427), 360(0.0219864), 434(0.154888), 
  id=425, 223(0.07466), 242(0.0194809), 246(0.0864197), 250(0.283824), 258(0.0699162), 260(0.0587504), 263(0.212428), 332(0.017448), 360(0.0219942), 434(0.154888), 
  id=426, 69(0.220528), 141(0.0333246), 223(0.0746601), 246(0.0864197), 250(0.283824), 258(0.0873194), 260(0.0587504), 434(0.154888), 
  id=427, 223(0.0746598), 242(0.0194808), 246(0.0864199), 250(0.283824), 258(0.0873193), 260(0.0587505), 263(0.212427), 360(0.0219892), 434(0.154888), 
  id=428, 223(0.0572213), 242(0.0194809), 246(0.0864196), 250(0.283824), 258(0.0873192), 260(0.0587504), 263(0.212427), 332(0.0174479), 360(0.0219942), 434(0.154888), 
  id=429, 223(0.0746599), 242(0.0194808), 246(0.0864196), 250(0.283824), 258(0.0873193), 260(0.0587505), 263(0.212427), 360(0.0219943), 434(0.154888), 
  id=430, 223(0.0746599), 242(0.0194808), 246(0.0864198), 250(0.283824), 258(0.0873193), 260(0.0587506), 263(0.212427), 360(0.0219942), 434(0.154887), 
  id=431, 223(0.0746599), 242(0.019481), 246(0.0864198), 250(0.283824), 258(0.0873194), 260(0.0587505), 263(0.212408), 360(0.0219942), 434(0.154888), 
  id=432, 223(0.0746599), 242(0.0194807), 246(0.0864197), 250(0.283824), 258(0.0873192), 260(0.0587504), 263(0.212427), 360(0.0219941), 434(0.154888), 
  id=433, 223(0.07466), 242(0.0194808), 246(0.0864198), 250(0.283824), 258(0.0873193), 260(0.0587505), 263(0.212427), 360(0.0219943), 434(0.154888), 
  id=434, 223(0.0746598), 242(0.0194808), 246(0.0864197), 250(0.283824), 258(0.0873193), 260(0.0587505), 263(0.212428), 360(0.0219943), 434(0.154888), 
  id=435, 223(0.07466), 242(0.0194809), 246(0.0864197), 250(0.283824), 258(0.0873192), 260(0.0587504), 263(0.212427), 360(0.0219943), 434(0.154887), 
  id=436, 223(0.07466), 242(0.0194808), 246(0.0864198), 250(0.283824), 258(0.0873192), 260(0.0587504), 263(0.212427), 360(0.0219943), 434(0.154888), 
  id=437, 223(0.0746597), 242(0.0194808), 246(0.0864198), 250(0.283824), 258(0.0873192), 260(0.0587504), 263(0.212427), 360(0.0219942), 434(0.154888), 
  id=438, 223(0.0746598), 242(0.0194807), 246(0.0864198), 250(0.283824), 258(0.0873191), 260(0.0587504), 263(0.212427), 360(0.0219942), 434(0.154888), 
  id=439, 223(0.0746597), 242(0.0194807), 246(0.0864198), 250(0.283824), 258(0.0873193), 260(0.0587504), 263(0.212427), 360(0.0219942), 434(0.154888), 
