d = 0
  id=0, 40(0.250201), 57(0.249812), 329(0.499987), 
  id=1, 40(0.250201), 57(0.249812), 329(0.499987), 
  id=2, 40(0.250201), 57(0.249812), 329(0.499987), 
  id=3, 40(0.250201), 57(0.249812), 329(0.499987), 
  id=4, 40(0.250201), 57(0.249812), 329(0.499987), 
  id=5, 40(0.250201), 57(0.249812), 329(0.499987), 
  id=6, 40(0.250201), 57(0.249812), 329(0.499987), 
  id=7, 40(0.250201), 57(0.249812), 329(0.499987), 
  id=8, 40(0.250201), 57(0.249812), 329(0.499987), 
  id=9, 40(0.250201), 57(0.249812), 329(0.499987), 
  id=10, 40(0.250201), 57(0.249812), 329(0.499987), 
  id=11, 40(0.250201), 57(0.249812), 329(0.499987), 
  id=12, 40(0.250201), 57(0.249812), 329(0.499987), 
  id=13, 40(0.250201), 57(0.249812), 329(0.499987), 
  id=14, 40(0.250201), 57(0.249812), 329(0.499987), 
  id=15, 40(0.250201), 57(0.249812), 329(0.499987), 
  id=16, 40(0.250201), 57(0.249812), 329(0.499987), 
  id=17, 40(0.250201), 57(0.249812), 329(0.499987), 
  id=18, 40(0.250201), 57(0.249812), 329(0.499987), 
  id=19, 40(0.250201), 57(0.249812), 329(0.499987), 
  id=20, 40(0.250201), 57(0.249812), 329(0.499987), 
  id=21, 40(0.250201), 57(0.249812), 329(0.499987), 
  id=22, 40(0.250201), 57(0.249812), 329(0.499987), 
  id=23, 40(0.250201), 57(0.249812), 329(0.499987), 
  id=24, 40(0.250201), 57(0.249812), 329(0.499987), 
  id=25, 40(0.250201), 57(0.249812), 329(0.499987), 
  id=26, 40(0.250201), 57(0.249812), 329(0.499987), 
  id=27, 40(0.250201), 57(0.249812), 329(0.499987), 
  id=28, 40(0.250201), 57(0.249812), 329(0.499987), 
  id=29, 40(0.250201), 57(0.249812), 329(0.499987), 
  id=30, 40(0.250201), 57(0.249812), 329(0.499987), 
  id=31, 40(0.250201), 57(0.249812), 329(0.499987), 
  id=32, 40(0.250201), 57(0.249812), 329(0.499987), 
  id=33, 40(0.250201), 57(0.249812), 329(0.499987), 
  id=34, 40(0.250201), 57(0.249812), 329(0.499987), 
  id=35, 40(0.250201), 57(0.249812), 329(0.499987), 
  id=36, 40(0.250201), 57(0.249812), 329(0.499987), 
  id=37, 40(0.250201), 57(0.249812), 329(0.499987), 
  id=38, 40(0.250201), 57(0.249812), 329(0.499987), 
  id=39, 40(0.250201), 57(0.249812), 329(0.499987), 
  id=40, 40(0.250201), 57(0.249812), 329(0.499987), 
  id=41, 40(0.250201), 57(0.249812), 329(0.499987), 
  id=42, 40(0.250201), 57(0.249812), 329(0.499987), 
  id=43, 40(0.250201), 57(0.249812), 329(0.499987), 
  id=44, 40(0.250201), 57(0.249812), 329(0.499987), 
  id=45, 40(0.250201), 57(0.249812), 329(0.499987), 
  id=46, 40(0.250201), 57(0.249812), 329(0.499987), 
  id=47, 40(0.250201), 57(0.249812), 329(0.499987), 
  id=48, 40(0.250201), 57(0.249812), 329(0.499987), 
  id=49, 40(0.250201), 57(0.249812), 329(0.499987), 
  id=50, 40(0.250201), 57(0.249812), 329(0.499987), 
  id=51, 40(0.250201), 57(0.249812), 329(0.499987), 
  id=52, 40(0.250201), 57(0.249761), 329(0.499987), 
  id=53, 40(0.250201), 57(0.249812), 329(0.499987), 
  id=54, 40(0.250201), 57(0.249812), 329(0.499987), 
  id=55, 40(0.250201), 57(0.249812), 329(0.499987), 
  id=56, 40(0.250201), 57(0.249812), 329(0.499987), 
  id=57, 40(0.250201), 57(0.249812), 329(0.499987), 
  id=58, 40(0.250201), 57(0.249812), 329(0.499987), 
  id=59, 40(0.250201), 57(0.249812), 329(0.499987), 
  id=60, 40(0.250201), 57(0.249812), 329(0.499987), 
  id=61, 40(0.250201), 57(0.249812), 329(0.499987), 
  id=62, 40(0.250201), 57(0.249812), 329(0.499987), 
  id=63, 40(0.250201), 57(0.24976), 329(0.499987), 
  id=64, 40(0.250201), 57(0.249812), 329(0.499987), 
  id=65, 40(0.250201), 57(0.249812), 329(0.499987), 
  id=66, 40(0.250201), 57(0.249812), 329(0.499987), 
  id=67, 40(0.250201), 57(0.249812), 329(0.499987), 
  id=68, 40(0.250201), 57(0.249812), 329(0.499987), 
  id=69, 40(0.250201), 57(0.249812), 329(0.499987), 
  id=70, 40(0.250201), 57(0.249812), 329(0.499987), 
  id=71, 40(0.250201), 57(0.249812), 329(0.499987), 
  id=72, 40(0.250201), 57(0.249812), 329(0.499987), 
  id=73, 40(0.250201), 57(0.249812), 329(0.499987), 
  id=74, 40(0.250201), 57(0.249812), 329(0.499987), 
  id=75, 40(0.250201), 57(0.249812), 329(0.499987), 
  id=76, 40(0.250201), 57(0.249812), 329(0.499987), 
  id=77, 40(0.250201), 57(0.249812), 329(0.499987), 
  id=78, 40(0.250201), 57(0.249812), 329(0.499987), 
  id=79, 57(0.249812), 249(0.249912), 329(0.499987), 
  id=80, 40(0.250201), 57(0.249812), 329(0.499987), 
  id=81, 40(0.250201), 57(0.249812), 329(0.499987), 
  id=82, 57(0.124973), 228(0.125125), 250(0.124725), 329(0.499987), 427(0.125138), 
  id=83, 57(0.249812), 250(0.124724), 329(0.499987), 427(0.125137), 
  id=84, 57(0.249812), 249(0.250128), 329(0.499987), 
  id=85, 57(0.249812), 249(0.250116), 329(0.499987), 
  id=86, 228(0.125125), 249(0.124973), 250(0.124725), 329(0.499987), 427(0.125138), 
  id=87, 228(0.125125), 249(0.250128), 250(0.124725), 329(0.374833), 427(0.125138), 
  id=88, 57(0.249812), 249(0.250128), 250(0.124725), 329(0.250198), 427(0.125138), 
  id=89, 228(0.125125), 234(0.124971), 249(0.250128), 250(0.124725), 329(0.249761), 427(0.125138), 
  id=90, 57(0.249812), 249(0.250128), 250(0.124725), 329(0.375335), 
  id=91, 228(0.125125), 234(0.124971), 249(0.250128), 250(0.124725), 329(0.2498), 427(0.125138), 
  id=92, 57(0.124687), 249(0.250128), 250(0.124725), 329(0.499987), 
  id=93, 228(0.125125), 249(0.250128), 250(0.124725), 329(0.49986), 
  id=94, 57(0.249812), 228(0.125125), 234(0.124971), 249(0.250128), 250(0.124725), 427(0.125138), 
  id=95, 228(0.125125), 234(0.124971), 249(0.250128), 250(0.124725), 329(0.249762), 427(0.125138), 
  id=96, 228(0.125125), 234(0.124971), 249(0.250128), 250(0.124725), 329(0.249761), 427(0.125138), 
  id=97, 57(0.249756), 228(0.125125), 234(0.124971), 249(0.250128), 250(0.124725), 427(0.125138), 
  id=98, 57(0.249812), 228(0.125125), 234(0.124942), 249(0.250128), 250(0.124725), 427(0.125138), 
  id=99, 228(0.125125), 234(0.124971), 249(0.250128), 250(0.124725), 329(0.249761), 427(0.125138), 
  id=100, 228(0.125125), 234(0.124971), 249(0.250128), 250(0.124725), 329(0.249763), 427(0.125138), 
  id=101, 57(0.249761), 228(0.125125), 234(0.124971), 249(0.250128), 250(0.124725), 427(0.125138), 
  id=102, 228(0.125125), 234(0.124971), 249(0.250128), 250(0.124725), 329(0.249761), 427(0.125138), 
  id=103, 57(0.249744), 228(0.125125), 234(0.124971), 249(0.250128), 250(0.124725), 427(0.125137), 
  id=104, 228(0.125125), 234(0.124971), 249(0.250128), 250(0.124725), 329(0.249762), 427(0.125137), 
d = 1
  id=105, 40(0.250201), 57(0.249812), 329(0.499987), 
  id=106, 40(0.250201), 57(0.249812), 329(0.499987), 
  id=107, 40(0.250201), 57(0.249812), 329(0.499987), 
  id=108, 40(0.250201), 57(0.249812), 329(0.499987), 
  id=109, 40(0.250201), 57(0.249812), 329(0.499987), 
  id=110, 40(0.249785), 137(0.125125), 329(0.499987), 391(0.125103), 
  id=111, 40(0.250201), 57(0.249812), 329(0.499987), 
  id=112, 40(0.250201), 180(0.249749), 329(0.499987), 
  id=113, 57(0.249812), 137(0.125125), 180(0.249749), 329(0.250211), 391(0.125103), 
  id=114, 40(0.250201), 57(0.249812), 329(0.499987), 
  id=115, 40(0.250201), 57(0.249812), 329(0.499987), 
  id=116, 40(0.250201), 57(0.249812), 329(0.499987), 
  id=117, 40(0.250201), 57(0.249812), 329(0.499987), 
  id=118, 40(0.250201), 57(0.249812), 329(0.499987), 
  id=119, 40(0.250201), 57(0.124687), 137(0.125125), 329(0.499987), 
  id=120, 40(0.250201), 57(0.249812), 329(0.499987), 
  id=121, 137(0.125125), 180(0.249749), 329(0.499987), 391(0.125103), 
  id=122, 40(0.250201), 57(0.124687), 137(0.125125), 329(0.499987), 
  id=123, 40(0.250201), 57(0.249812), 329(0.499987), 
  id=124, 40(0.250201), 137(0.125125), 180(0.124687), 329(0.499987), 
  id=125, 137(0.125125), 180(0.249749), 224(0.249749), 228(0.125125), 391(0.125103), 427(0.125137), 
  id=126, 40(0.250201), 57(0.249812), 329(0.499987), 
  id=127, 40(0.249979), 57(0.249812), 329(0.499987), 
  id=128, 40(0.250201), 137(0.125125), 180(0.124687), 329(0.499987), 
  id=129, 40(0.250201), 57(0.249812), 329(0.499987), 
  id=130, 137(0.125125), 180(0.249749), 329(0.499987), 391(0.125103), 
  id=131, 40(0.250201), 57(0.249812), 329(0.499987), 
  id=132, 57(0.125136), 137(0.125125), 180(0.249749), 224(0.249749), 391(0.125103), 427(0.125138), 
  id=133, 40(0.250201), 57(0.249812), 329(0.499987), 
  id=134, 40(0.250201), 57(0.249812), 329(0.499987), 
  id=135, 137(0.125125), 180(0.249749), 329(0.499987), 391(0.125103), 
  id=136, 57(0.249812), 137(0.125125), 180(0.249749), 329(0.250211), 391(0.125103), 
  id=137, 137(0.125125), 180(0.249749), 329(0.374885), 391(0.125103), 427(0.125138), 
  id=138, 137(0.125125), 180(0.249749), 224(0.249749), 228(0.125125), 391(0.125103), 427(0.125138), 
  id=139, 40(0.249785), 137(0.125125), 329(0.499987), 391(0.125103), 
  id=140, 40(0.250201), 57(0.124687), 137(0.125125), 329(0.499987), 
  id=141, 40(0.250201), 57(0.249812), 329(0.499987), 
  id=142, 40(0.250201), 57(0.124687), 137(0.125125), 329(0.499987), 
  id=143, 137(0.125125), 180(0.249749), 224(0.249749), 234(0.125136), 391(0.125103), 427(0.125138), 
  id=144, 137(0.125125), 180(0.249749), 329(0.499987), 391(0.125103), 
  id=145, 137(0.125125), 180(0.249749), 329(0.374885), 391(0.125103), 427(0.125138), 
  id=146, 137(0.125125), 180(0.249749), 224(0.249749), 228(0.125125), 391(0.125103), 427(0.125138), 
  id=147, 40(0.250201), 57(0.249812), 329(0.499987), 
  id=148, 137(0.125125), 180(0.249749), 224(0.249749), 234(0.125136), 391(0.125103), 427(0.125138), 
  id=149, 40(0.250201), 57(0.249812), 329(0.499987), 
  id=150, 137(0.125125), 180(0.249749), 224(0.249749), 234(0.125035), 391(0.125103), 427(0.125138), 
  id=151, 40(0.250201), 57(0.249812), 329(0.499987), 
  id=152, 137(0.125125), 180(0.249749), 329(0.499987), 391(0.125103), 
  id=153, 137(0.125125), 180(0.249749), 329(0.374885), 391(0.125103), 427(0.125138), 
  id=154, 40(0.250201), 57(0.249812), 329(0.499987), 
  id=155, 40(0.2502), 180(0.249749), 329(0.499987), 
  id=156, 137(0.125125), 180(0.249749), 224(0.249749), 228(0.125067), 391(0.125103), 427(0.125138), 
  id=157, 57(0.249812), 180(0.249749), 329(0.499987), 
  id=158, 40(0.250201), 57(0.249812), 329(0.499987), 
  id=159, 137(0.125125), 180(0.249749), 329(0.499987), 427(0.125138), 
  id=160, 137(0.125125), 180(0.249749), 329(0.499987), 391(0.125103), 
  id=161, 40(0.250201), 57(0.249812), 329(0.499987), 
  id=162, 137(0.125125), 180(0.249749), 329(0.499987), 391(0.125103), 
  id=163, 180(0.249749), 224(0.249749), 228(0.125125), 234(0.125136), 391(0.125103), 427(0.125138), 
  id=164, 137(0.125125), 180(0.249749), 329(0.374885), 391(0.125103), 427(0.125138), 
  id=165, 57(0.249812), 180(0.249749), 329(0.375335), 391(0.125103), 
  id=166, 180(0.249749), 224(0.249749), 228(0.125125), 234(0.125136), 391(0.125103), 427(0.125138), 
  id=167, 40(0.250201), 57(0.249812), 329(0.499987), 
  id=168, 180(0.249749), 224(0.249749), 228(0.125125), 234(0.125136), 391(0.125103), 427(0.125138), 
  id=169, 180(0.249749), 224(0.249749), 228(0.125125), 234(0.125136), 391(0.125103), 427(0.125138), 
  id=170, 137(0.125125), 180(0.249749), 329(0.499987), 391(0.125103), 
  id=171, 40(0.250201), 57(0.249812), 329(0.499987), 
  id=172, 40(0.125033), 57(0.249812), 329(0.499987), 391(0.125103), 
  id=173, 180(0.249749), 224(0.249749), 228(0.125113), 234(0.125136), 391(0.125103), 427(0.125138), 
  id=174, 137(0.125125), 180(0.249749), 224(0.249749), 234(0.125136), 391(0.125103), 427(0.125138), 
  id=175, 180(0.249749), 224(0.249749), 228(0.125125), 234(0.125107), 391(0.125103), 427(0.125138), 
  id=176, 180(0.249749), 224(0.249749), 228(0.125125), 234(0.125136), 391(0.125103), 427(0.125138), 
  id=177, 180(0.249749), 329(0.499987), 391(0.124873), 427(0.125138), 
  id=178, 180(0.249749), 329(0.499987), 391(0.125103), 427(0.125122), 
  id=179, 40(0.250201), 57(0.249812), 329(0.499987), 
  id=180, 180(0.249749), 224(0.249749), 228(0.125125), 234(0.125136), 391(0.125103), 427(0.125138), 
  id=181, 180(0.249749), 224(0.249749), 228(0.125125), 234(0.125136), 391(0.125103), 427(0.125138), 
  id=182, 180(0.249749), 224(0.249749), 228(0.125125), 249(0.124928), 391(0.125103), 427(0.125138), 
  id=183, 57(0.125126), 180(0.249749), 329(0.499987), 427(0.125138), 
  id=184, 40(0.250201), 57(0.249812), 329(0.499987), 
  id=185, 180(0.249749), 224(0.249749), 228(0.125125), 234(0.125136), 391(0.125103), 427(0.125138), 
  id=186, 180(0.249749), 224(0.249597), 228(0.125125), 234(0.125136), 391(0.125103), 427(0.125138), 
  id=187, 180(0.249749), 224(0.249749), 228(0.125125), 234(0.125136), 391(0.125103), 427(0.125138), 
  id=188, 224(0.249749), 228(0.125125), 234(0.125136), 249(0.249749), 391(0.125103), 427(0.125138), 
  id=189, 180(0.249749), 224(0.249749), 228(0.125066), 234(0.125136), 391(0.125103), 427(0.125138), 
  id=190, 180(0.249749), 224(0.249749), 228(0.125125), 234(0.125136), 391(0.125103), 427(0.125138), 
  id=191, 180(0.249749), 228(0.124932), 249(0.250128), 250(0.124725), 391(0.125103), 427(0.125138), 
  id=192, 224(0.249749), 228(0.124747), 234(0.125136), 249(0.250128), 391(0.125103), 427(0.125138), 
  id=193, 224(0.124592), 249(0.250128), 329(0.499987), 391(0.125103), 
  id=194, 180(0.249749), 224(0.249749), 228(0.125125), 234(0.125136), 391(0.125103), 427(0.125138), 
  id=195, 224(0.249749), 234(0.125136), 249(0.250128), 250(0.124725), 391(0.125103), 427(0.125137), 
  id=196, 180(0.249749), 224(0.249749), 234(0.125136), 250(0.124725), 391(0.125103), 427(0.124904), 
  id=197, 224(0.249749), 228(0.125125), 234(0.125136), 249(0.249749), 391(0.125103), 427(0.125138), 
  id=198, 180(0.249749), 228(0.125125), 234(0.125136), 249(0.250128), 391(0.123678), 427(0.125138), 
  id=199, 224(0.249749), 228(0.125125), 234(0.125136), 249(0.249822), 250(0.124725), 427(0.125138), 
  id=200, 180(0.249749), 228(0.125125), 234(0.125136), 249(0.250128), 250(0.124725), 427(0.125138), 
  id=201, 180(0.249749), 224(0.125125), 234(0.125136), 249(0.250128), 250(0.124725), 427(0.125138), 
  id=202, 180(0.249749), 224(0.249708), 228(0.125125), 234(0.125136), 391(0.125103), 427(0.125138), 
  id=203, 224(0.249749), 228(0.125125), 234(0.125136), 249(0.250128), 391(0.125103), 427(0.124759), 
  id=204, 224(0.249749), 228(0.125125), 234(0.125136), 249(0.250128), 391(0.125103), 427(0.124759), 
  id=205, 224(0.24937), 228(0.125125), 234(0.125136), 249(0.250128), 391(0.125103), 427(0.125138), 
  id=206, 224(0.249749), 228(0.125125), 234(0.125136), 249(0.249749), 391(0.125103), 427(0.125138), 
  id=207, 224(0.124646), 228(0.125125), 234(0.125136), 249(0.250128), 250(0.124725), 391(0.125103), 427(0.125138), 
  id=208, 180(0.124725), 224(0.249749), 228(0.125125), 234(0.125136), 249(0.250128), 427(0.125138), 
  id=209, 224(0.249749), 228(0.125125), 234(0.125136), 249(0.249749), 391(0.125103), 427(0.125138), 
  id=210, 180(0.249749), 228(0.125125), 234(0.125136), 249(0.250128), 250(0.124725), 427(0.125138), 
  id=211, 224(0.249749), 228(0.125125), 234(0.125136), 249(0.250128), 250(0.124725), 427(0.125138), 
  id=212, 224(0.249749), 228(0.125125), 234(0.125136), 249(0.250128), 250(0.123961), 427(0.125138), 
  id=213, 180(0.249749), 228(0.125125), 234(0.125136), 249(0.250128), 250(0.124725), 427(0.125138), 
  id=214, 224(0.249749), 228(0.125125), 234(0.125136), 249(0.250128), 391(0.124725), 427(0.125138), 
  id=215, 224(0.249749), 228(0.125125), 234(0.125136), 249(0.250128), 250(0.124725), 427(0.125138), 
  id=216, 224(0.249749), 228(0.125125), 234(0.125136), 249(0.249749), 391(0.125103), 427(0.125138), 
  id=217, 224(0.249749), 228(0.125125), 234(0.125136), 249(0.250128), 391(0.124725), 427(0.125138), 
  id=218, 180(0.249749), 228(0.125125), 234(0.125136), 249(0.250128), 250(0.124725), 427(0.125138), 
  id=219, 180(0.124152), 224(0.249749), 228(0.125125), 234(0.125136), 250(0.124725), 391(0.125103), 427(0.125138), 
  id=220, 224(0.249749), 228(0.125125), 234(0.125136), 249(0.250128), 250(0.124725), 427(0.125138), 
  id=221, 224(0.249749), 228(0.125125), 234(0.125136), 249(0.250128), 250(0.124725), 427(0.125138), 
  id=222, 180(0.249749), 228(0.125125), 234(0.125136), 249(0.250128), 250(0.124725), 427(0.125138), 
  id=223, 224(0.249749), 228(0.125125), 234(0.125136), 249(0.250128), 250(0.124725), 427(0.125138), 
  id=224, 224(0.249749), 228(0.125125), 234(0.125136), 249(0.250128), 250(0.124725), 427(0.125138), 
  id=225, 224(0.249749), 228(0.125125), 234(0.125136), 249(0.250128), 250(0.124725), 391(0.125016), 
  id=226, 224(0.249749), 228(0.125125), 234(0.125136), 249(0.250128), 250(0.124725), 427(0.125138), 
  id=227, 180(0.249749), 228(0.125125), 234(0.125136), 249(0.250128), 250(0.124725), 427(0.125138), 
  id=228, 224(0.249749), 228(0.125125), 234(0.125136), 249(0.250128), 250(0.124725), 427(0.125138), 
  id=229, 180(0.249441), 228(0.125125), 234(0.125136), 249(0.250128), 250(0.124725), 427(0.125138), 
  id=230, 224(0.249749), 228(0.125125), 234(0.125136), 249(0.250128), 250(0.124725), 427(0.125138), 
  id=231, 224(0.249729), 228(0.125125), 234(0.125136), 249(0.250128), 250(0.124725), 427(0.125138), 
  id=232, 224(0.249749), 228(0.125125), 234(0.125136), 249(0.250128), 250(0.124725), 427(0.125138), 
  id=233, 224(0.249749), 228(0.125125), 234(0.125136), 249(0.25011), 250(0.124725), 427(0.125138), 
  id=234, 224(0.249749), 228(0.125125), 234(0.125136), 249(0.250128), 250(0.124725), 427(0.125138), 
  id=235, 180(0.249749), 228(0.125125), 234(0.125136), 249(0.250128), 250(0.124725), 427(0.125138), 
  id=236, 224(0.249749), 228(0.125125), 234(0.125136), 249(0.250128), 250(0.124725), 427(0.125138), 
  id=237, 224(0.249749), 228(0.125125), 234(0.125136), 249(0.250128), 250(0.124725), 427(0.125138), 
  id=238, 224(0.249749), 228(0.125125), 234(0.125136), 249(0.250128), 250(0.124725), 427(0.125138), 
  id=239, 224(0.249749), 228(0.125125), 234(0.125136), 249(0.250128), 250(0.124725), 427(0.125138), 
  id=240, 224(0.249749), 228(0.125125), 234(0.125136), 249(0.250128), 250(0.124725), 427(0.125138), 
  id=241, 224(0.249749), 228(0.125125), 234(0.125136), 249(0.250128), 250(0.124725), 427(0.125138), 
  id=242, 224(0.249749), 228(0.125125), 234(0.125136), 249(0.250128), 250(0.124725), 427(0.125138), 
  id=243, 224(0.249749), 228(0.125125), 234(0.125136), 249(0.250128), 250(0.124725), 427(0.125138), 
  id=244, 224(0.249749), 228(0.125125), 234(0.125136), 249(0.250128), 250(0.124725), 427(0.125138), 
  id=245, 224(0.249749), 228(0.125125), 234(0.125136), 249(0.250128), 250(0.124725), 427(0.125138), 
  id=246, 224(0.249749), 228(0.125125), 234(0.125136), 249(0.250128), 250(0.124725), 427(0.125138), 
  id=247, 224(0.249749), 228(0.125125), 234(0.125136), 249(0.250128), 250(0.124725), 427(0.125138), 
  id=248, 224(0.249749), 228(0.125125), 234(0.125136), 249(0.250128), 250(0.124725), 427(0.125138), 
  id=249, 224(0.249749), 228(0.125125), 234(0.125136), 249(0.250128), 250(0.124725), 427(0.125138), 
  id=250, 224(0.249749), 228(0.125125), 234(0.125136), 249(0.250128), 250(0.124725), 427(0.125138), 
  id=251, 224(0.249749), 228(0.125125), 234(0.125136), 249(0.250128), 250(0.124725), 427(0.125138), 
  id=252, 224(0.249749), 228(0.125125), 234(0.125136), 249(0.250128), 250(0.124725), 427(0.125138), 
  id=253, 224(0.249749), 228(0.125125), 234(0.125136), 249(0.250128), 250(0.124725), 427(0.125138), 
  id=254, 224(0.249749), 228(0.125125), 234(0.125136), 249(0.250128), 250(0.124725), 427(0.125138), 
  id=255, 224(0.249749), 228(0.125125), 234(0.125136), 249(0.250128), 250(0.124725), 427(0.125138), 
  id=256, 224(0.249749), 228(0.125125), 234(0.125136), 249(0.250128), 250(0.124725), 427(0.125138), 
  id=257, 224(0.249749), 228(0.125125), 234(0.125136), 249(0.250128), 250(0.124725), 427(0.125138), 
  id=258, 224(0.249749), 228(0.125125), 234(0.125136), 249(0.250128), 250(0.124725), 427(0.125138), 
  id=259, 224(0.249749), 228(0.125125), 234(0.125136), 249(0.250128), 250(0.124725), 427(0.125138), 
  id=260, 224(0.249749), 228(0.125125), 234(0.125136), 249(0.250128), 250(0.124725), 427(0.125138), 
  id=261, 224(0.249749), 228(0.125125), 234(0.125136), 249(0.250128), 250(0.124725), 427(0.125138), 
  id=262, 224(0.249749), 228(0.125125), 234(0.125136), 249(0.250128), 250(0.124725), 427(0.125138), 
  id=263, 224(0.249749), 228(0.125125), 234(0.125136), 249(0.250128), 250(0.124725), 427(0.125138), 
  id=264, 224(0.249698), 228(0.125125), 234(0.125136), 249(0.250128), 250(0.124725), 427(0.125138), 
  id=265, 224(0.249749), 228(0.125125), 234(0.125136), 249(0.250128), 250(0.124725), 427(0.125138), 
  id=266, 224(0.249749), 228(0.125125), 234(0.125136), 249(0.250128), 250(0.124725), 427(0.125138), 
  id=267, 224(0.249749), 228(0.125125), 234(0.125136), 249(0.250128), 250(0.124725), 427(0.125138), 
  id=268, 224(0.249749), 228(0.125125), 234(0.125136), 249(0.250128), 250(0.124725), 427(0.125138), 
  id=269, 224(0.249749), 228(0.125125), 234(0.125136), 249(0.250128), 250(0.124725), 427(0.125138), 
  id=270, 224(0.249749), 228(0.125125), 234(0.125136), 249(0.250128), 250(0.124725), 427(0.125138), 
  id=271, 224(0.249749), 228(0.125125), 234(0.125136), 249(0.250128), 250(0.124725), 427(0.125138), 
  id=272, 224(0.249749), 228(0.125125), 234(0.125136), 249(0.250128), 250(0.124725), 427(0.125138), 
  id=273, 224(0.249749), 228(0.125125), 234(0.125136), 249(0.250128), 250(0.124725), 427(0.125138), 
  id=274, 224(0.249749), 228(0.125125), 234(0.125136), 249(0.250128), 250(0.124725), 427(0.125138), 
  id=275, 224(0.249749), 228(0.125125), 234(0.125136), 249(0.250128), 250(0.124725), 427(0.125138), 
  id=276, 224(0.249749), 228(0.125125), 234(0.125136), 249(0.250128), 250(0.124725), 427(0.125138), 
  id=277, 224(0.249749), 228(0.125125), 234(0.125136), 249(0.250128), 250(0.124725), 427(0.125138), 
  id=278, 224(0.249749), 228(0.125125), 234(0.125136), 249(0.250128), 250(0.124725), 427(0.125138), 
  id=279, 224(0.249749), 228(0.125125), 234(0.125136), 249(0.250128), 250(0.124725), 427(0.125138), 
  id=280, 224(0.249749), 228(0.125125), 234(0.125136), 249(0.250128), 250(0.124725), 427(0.125138), 
  id=281, 224(0.249749), 228(0.125125), 234(0.125136), 249(0.250128), 250(0.124725), 427(0.125138), 
  id=282, 224(0.249749), 228(0.125125), 234(0.125136), 249(0.250128), 250(0.124725), 427(0.125138), 
  id=283, 224(0.249749), 228(0.125125), 234(0.125136), 249(0.250128), 250(0.124725), 427(0.125138), 
  id=284, 224(0.249749), 228(0.125125), 234(0.125136), 249(0.250128), 250(0.124725), 427(0.125138), 
  id=285, 224(0.249749), 228(0.125125), 234(0.125136), 249(0.250128), 250(0.124725), 427(0.125138), 
  id=286, 224(0.249749), 228(0.125125), 234(0.125136), 249(0.250128), 250(0.124725), 427(0.125138), 
  id=287, 224(0.249749), 228(0.125125), 234(0.125136), 249(0.250128), 250(0.124725), 427(0.125138), 
  id=288, 224(0.249749), 228(0.125125), 234(0.125136), 249(0.250128), 250(0.124725), 427(0.125138), 
  id=289, 224(0.249749), 228(0.125125), 234(0.125136), 249(0.250128), 250(0.124725), 427(0.125138), 
  id=290, 224(0.249749), 228(0.125125), 234(0.125136), 249(0.250128), 250(0.124725), 427(0.125138), 
  id=291, 224(0.249749), 228(0.125125), 234(0.125136), 249(0.250128), 250(0.124725), 427(0.125138), 
  id=292, 224(0.249749), 228(0.125125), 234(0.125136), 249(0.250128), 250(0.124725), 427(0.125138), 
  id=293, 224(0.249749), 228(0.125125), 234(0.125136), 249(0.250128), 250(0.124725), 427(0.125138), 
  id=294, 224(0.249749), 228(0.125125), 234(0.125136), 249(0.250128), 250(0.124725), 427(0.125138), 
  id=295, 224(0.249749), 228(0.125125), 234(0.125136), 249(0.250128), 250(0.124725), 427(0.125138), 
  id=296, 224(0.249749), 228(0.125125), 234(0.125136), 249(0.250128), 250(0.124725), 427(0.125138), 
  id=297, 224(0.249749), 228(0.125125), 234(0.125136), 249(0.250128), 250(0.124725), 427(0.125138), 
  id=298, 224(0.249749), 228(0.125125), 234(0.125136), 249(0.250128), 250(0.124725), 427(0.125138), 
  id=299, 224(0.249749), 228(0.125125), 234(0.125136), 249(0.250128), 250(0.124725), 427(0.125138), 
  id=300, 224(0.249749), 228(0.125125), 234(0.125136), 249(0.250128), 250(0.124725), 427(0.125138), 
  id=301, 224(0.249749), 228(0.125125), 234(0.125136), 249(0.250128), 250(0.124725), 427(0.125138), 
  id=302, 224(0.249749), 228(0.125125), 234(0.125136), 249(0.250128), 250(0.124725), 427(0.125138), 
  id=303, 224(0.249749), 228(0.125125), 234(0.125136), 249(0.250128), 250(0.124725), 427(0.125138), 
  id=304, 224(0.249749), 228(0.125125), 234(0.125136), 249(0.250128), 250(0.124725), 427(0.125138), 
  id=305, 224(0.249749), 228(0.125125), 234(0.125136), 249(0.250128), 250(0.124725), 427(0.125138), 
  id=306, 224(0.249749), 228(0.125125), 234(0.125136), 249(0.250128), 250(0.124725), 427(0.125138), 
  id=307, 224(0.249749), 228(0.125125), 234(0.125136), 249(0.250128), 250(0.124725), 427(0.125138), 
  id=308, 224(0.249749), 228(0.125125), 234(0.125136), 249(0.250128), 250(0.124725), 427(0.125138), 
  id=309, 224(0.249749), 228(0.125125), 234(0.125136), 249(0.250128), 250(0.124725), 427(0.125138), 
  id=310, 224(0.249749), 228(0.125125), 234(0.125136), 249(0.250128), 250(0.124725), 427(0.125138), 
  id=311, 224(0.249749), 228(0.125125), 234(0.125136), 249(0.250128), 250(0.124725), 427(0.125138), 
  id=312, 224(0.249749), 228(0.125125), 234(0.125136), 249(0.250128), 250(0.124725), 427(0.125138), 
  id=313, 224(0.249749), 228(0.125125), 234(0.125136), 249(0.250128), 250(0.124725), 427(0.125138), 
  id=314, 224(0.249749), 228(0.125125), 234(0.125136), 249(0.250128), 250(0.124725), 427(0.125138), 
  id=315, 224(0.249749), 228(0.125125), 234(0.125136), 249(0.250128), 250(0.124725), 427(0.125138), 
d = 2
  id=316, 40(0.250201), 57(0.249812), 329(0.499987), 
  id=317, 40(0.250201), 57(0.249812), 329(0.499987), 
  id=318, 40(0.250201), 57(0.249812), 329(0.499987), 
  id=319, 40(0.250201), 57(0.249812), 329(0.499987), 
  id=320, 40(0.250201), 57(0.249808), 329(0.499987), 
  id=321, 40(0.250201), 57(0.249812), 329(0.499987), 
  id=322, 40(0.250201), 57(0.249812), 329(0.499987), 
  id=323, 40(0.250201), 57(0.249812), 329(0.499982), 
  id=324, 40(0.250201), 57(0.249812), 329(0.499987), 
  id=325, 40(0.250201), 57(0.249812), 329(0.499987), 
  id=326, 40(0.250201), 57(0.249811), 329(0.499987), 
  id=327, 40(0.250201), 57(0.249801), 329(0.499987), 
  id=328, 40(0.250201), 57(0.249812), 329(0.499987), 
  id=329, 40(0.250201), 57(0.249812), 329(0.499987), 
  id=330, 40(0.250201), 57(0.249812), 329(0.499987), 
  id=331, 40(0.250189), 57(0.249812), 329(0.499987), 
  id=332, 224(0.249749), 228(0.125125), 234(0.125136), 249(0.250128), 250(0.124713), 427(0.125138), 
  id=333, 224(0.249749), 228(0.125125), 234(0.125136), 249(0.250128), 250(0.124714), 427(0.125138), 
  id=334, 224(0.249749), 228(0.125125), 234(0.125136), 250(0.124725), 329(0.250117), 427(0.125138), 
  id=335, 224(0.249749), 228(0.125125), 234(0.125136), 249(0.250128), 250(0.124714), 427(0.125138), 
  id=336, 224(0.249749), 228(0.125125), 234(0.125136), 249(0.250128), 250(0.124713), 427(0.125138), 
  id=337, 224(0.249749), 228(0.125125), 234(0.125136), 249(0.250128), 250(0.124714), 427(0.125138), 
  id=338, 224(0.249749), 228(0.125125), 234(0.125136), 249(0.250128), 250(0.124714), 427(0.125138), 
  id=339, 224(0.249749), 228(0.125125), 234(0.125136), 249(0.250128), 250(0.124714), 427(0.125138), 
  id=340, 224(0.249738), 228(0.125125), 234(0.125136), 249(0.250128), 250(0.124725), 427(0.125138), 
  id=341, 224(0.249749), 228(0.125125), 234(0.125136), 249(0.250128), 250(0.124713), 427(0.125138), 
  id=342, 228(0.125125), 234(0.125136), 249(0.250128), 250(0.124725), 329(0.249739), 427(0.125138), 
  id=343, 224(0.249749), 228(0.125125), 234(0.125136), 249(0.250128), 250(0.124725), 427(0.125138), 
  id=344, 224(0.249749), 228(0.125125), 234(0.125136), 249(0.250128), 250(0.124714), 427(0.125138), 
  id=345, 224(0.249749), 228(0.125125), 234(0.125136), 249(0.250128), 250(0.124714), 427(0.125138), 
  id=346, 224(0.249749), 228(0.125125), 249(0.250128), 250(0.124725), 329(0.125136), 427(0.125138), 
  id=347, 224(0.249749), 228(0.125125), 234(0.125136), 249(0.250128), 250(0.124714), 427(0.125138), 
  id=348, 224(0.249749), 228(0.125125), 234(0.125136), 249(0.250128), 250(0.124725), 427(0.125138), 
  id=349, 224(0.249749), 228(0.125125), 234(0.125136), 249(0.250128), 250(0.124725), 427(0.125138), 
  id=350, 224(0.249749), 228(0.125125), 234(0.125136), 249(0.250128), 250(0.124725), 427(0.125138), 
  id=351, 224(0.249749), 228(0.125125), 234(0.125136), 249(0.250128), 250(0.124725), 427(0.125138), 
  id=352, 224(0.249749), 228(0.125125), 234(0.125136), 249(0.250128), 250(0.124725), 427(0.125138), 
  id=353, 224(0.249749), 228(0.125125), 234(0.125136), 249(0.250128), 250(0.124725), 427(0.125138), 
  id=354, 224(0.249749), 228(0.125125), 234(0.125136), 249(0.250128), 250(0.124725), 427(0.125138), 
  id=355, 224(0.249749), 228(0.125125), 234(0.125136), 249(0.250128), 250(0.124725), 427(0.125138), 
  id=356, 224(0.249749), 228(0.125125), 234(0.125136), 249(0.250128), 250(0.124725), 427(0.125138), 
  id=357, 224(0.249749), 228(0.125125), 234(0.125136), 249(0.250128), 250(0.124725), 427(0.125138), 
  id=358, 224(0.249749), 228(0.125125), 234(0.125136), 249(0.250128), 250(0.124725), 427(0.125138), 
  id=359, 224(0.249749), 228(0.125125), 234(0.125136), 249(0.250128), 250(0.124725), 427(0.125138), 
  id=360, 224(0.249749), 228(0.125125), 234(0.125136), 249(0.250128), 250(0.124725), 427(0.125138), 
  id=361, 224(0.249749), 228(0.125125), 234(0.125136), 249(0.250128), 250(0.124725), 427(0.125138), 
  id=362, 224(0.249749), 228(0.125125), 234(0.125136), 249(0.250128), 250(0.124725), 427(0.125138), 
  id=363, 224(0.249747), 228(0.125125), 234(0.125136), 249(0.250128), 250(0.124725), 427(0.125138), 
  id=364, 224(0.249749), 228(0.125125), 234(0.125136), 249(0.250128), 250(0.124725), 427(0.125138), 
  id=365, 224(0.249749), 228(0.125125), 234(0.125136), 249(0.250128), 250(0.124725), 427(0.125138), 
  id=366, 224(0.249749), 228(0.125125), 234(0.125136), 249(0.250128), 250(0.124725), 427(0.125138), 
  id=367, 224(0.249749), 228(0.125125), 234(0.125136), 249(0.250128), 250(0.124725), 427(0.125138), 
  id=368, 224(0.249749), 228(0.125125), 234(0.125136), 249(0.250128), 250(0.124725), 427(0.125138), 
  id=369, 224(0.249749), 228(0.125125), 234(0.125136), 249(0.250128), 250(0.124725), 427(0.125138), 
  id=370, 224(0.249749), 228(0.125125), 234(0.125136), 249(0.250128), 250(0.124725), 427(0.125138), 
  id=371, 224(0.249749), 228(0.125125), 234(0.125136), 249(0.250128), 250(0.124725), 427(0.125138), 
  id=372, 224(0.249749), 228(0.125125), 234(0.125136), 249(0.250128), 250(0.124725), 427(0.125138), 
  id=373, 224(0.249749), 228(0.125125), 234(0.125136), 249(0.250128), 250(0.124725), 427(0.125138), 
  id=374, 224(0.249749), 228(0.125125), 234(0.125136), 249(0.250128), 250(0.124725), 427(0.125138), 
d = 3
  id=375, 40(0.250201), 57(0.249812), 329(0.499987), 
  id=376, 40(0.250201), 57(0.249812), 329(0.499987), 
  id=377, 40(0.250201), 57(0.249812), 329(0.499987), 
  id=378, 40(0.250201), 57(0.249812), 329(0.499987), 
  id=379, 40(0.250201), 57(0.249812), 329(0.499987), 
  id=380, 40(0.250201), 57(0.249812), 329(0.499987), 
  id=381, 40(0.250201), 57(0.249812), 329(0.499987), 
  id=382, 40(0.250201), 57(0.249812), 329(0.499987), 
  id=383, 40(0.250201), 57(0.249812), 329(0.499987), 
  id=384, 40(0.250201), 57(0.249812), 329(0.499987), 
  id=385, 40(0.250201), 57(0.249812), 329(0.499987), 
  id=386, 40(0.250201), 57(0.249812), 329(0.499987), 
  id=387, 40(0.250201), 57(0.249812), 329(0.499987), 
  id=388, 40(0.250201), 57(0.249812), 329(0.499987), 
  id=389, 40(0.250201), 57(0.249812), 329(0.499987), 
  id=390, 40(0.250201), 57(0.249812), 329(0.499987), 
  id=391, 40(0.250201), 57(0.249812), 329(0.499987), 
  id=392, 40(0.250201), 57(0.249812), 329(0.499987), 
d = 4
  id=393, 40(0.250201), 57(0.249812), 329(0.499987), 
  id=394, 40(0.250201), 57(0.249812), 329(0.499987), 
  id=395, 40(0.250201), 57(0.249812), 329(0.499987), 
  id=396, 40(0.250201), 57(0.249812), 329(0.499987), 
  id=397, 40(0.250201), 57(0.249812), 329(0.499987), 
  id=398, 40(0.250201), 57(0.249812), 329(0.499987), 
  id=399, 40(0.250201), 57(0.249812), 329(0.499987), 
  id=400, 40(0.250201), 57(0.249812), 329(0.499987), 
  id=401, 40(0.250201), 57(0.249812), 329(0.499987), 
  id=402, 40(0.250201), 57(0.249812), 329(0.499987), 
  id=403, 40(0.250201), 57(0.249812), 329(0.499987), 
  id=404, 40(0.250201), 57(0.249812), 329(0.499987), 
  id=405, 40(0.250201), 57(0.249812), 329(0.499987), 
  id=406, 40(0.250201), 57(0.249812), 329(0.499987), 
  id=407, 40(0.250201), 57(0.249812), 329(0.499987), 
  id=408, 40(0.250201), 57(0.249812), 329(0.499987), 
  id=409, 40(0.250201), 57(0.249812), 329(0.499987), 
  id=410, 40(0.250201), 57(0.249812), 329(0.499987), 
  id=411, 40(0.250201), 57(0.249812), 329(0.499987), 
d = 5
  id=412, 137(0.125125), 180(0.249749), 224(0.249749), 228(0.125125), 391(0.125103), 427(0.125137), 
  id=413, 137(0.125125), 180(0.249749), 228(0.125125), 329(0.24976), 391(0.125103), 427(0.125138), 
  id=414, 137(0.125125), 180(0.249749), 228(0.125125), 329(0.24976), 391(0.125103), 427(0.125138), 
  id=415, 137(0.125125), 180(0.249749), 224(0.249749), 228(0.125125), 391(0.125103), 427(0.125137), 
  id=416, 137(0.125125), 180(0.249749), 228(0.125125), 329(0.24976), 391(0.125103), 427(0.125138), 
  id=417, 137(0.125125), 180(0.249749), 250(0.124725), 329(0.24976), 391(0.125103), 427(0.125138), 
  id=418, 137(0.125125), 180(0.249749), 224(0.249749), 228(0.124825), 391(0.125103), 427(0.125138), 
  id=419, 137(0.124824), 180(0.249749), 224(0.249749), 228(0.125125), 391(0.125103), 427(0.125138), 
  id=420, 137(0.124825), 180(0.249749), 224(0.249749), 228(0.125125), 391(0.125103), 427(0.125138), 
  id=421, 137(0.124825), 180(0.249749), 224(0.249749), 228(0.125125), 391(0.125103), 427(0.125138), 
  id=422, 180(0.249749), 224(0.249749), 228(0.125125), 250(0.124725), 391(0.125103), 427(0.125138), 
  id=423, 180(0.249749), 224(0.249749), 228(0.125125), 250(0.124725), 391(0.125062), 427(0.125138), 
  id=424, 180(0.249749), 224(0.249749), 228(0.125125), 250(0.124725), 391(0.125103), 427(0.125138), 
  id=425, 180(0.249749), 224(0.249749), 228(0.125125), 250(0.124725), 391(0.125103), 427(0.125137), 
  id=426, 180(0.249749), 224(0.125405), 228(0.125125), 250(0.124725), 329(0.24976), 427(0.125138), 
  id=427, 180(0.249749), 224(0.249749), 228(0.125125), 250(0.124725), 391(0.125103), 427(0.125138), 
  id=428, 180(0.249749), 224(0.249749), 228(0.125125), 250(0.124725), 391(0.125103), 427(0.125138), 
  id=429, 180(0.249749), 224(0.249749), 228(0.125125), 250(0.124725), 391(0.125103), 427(0.125138), 
  id=430, 180(0.249749), 224(0.249749), 228(0.125125), 250(0.124725), 391(0.125103), 427(0.125138), 
  id=431, 180(0.249749), 224(0.249749), 228(0.125125), 250(0.124725), 391(0.125103), 427(0.125138), 
  id=432, 180(0.249749), 224(0.249749), 228(0.125125), 250(0.124725), 391(0.125103), 427(0.125138), 
  id=433, 180(0.249749), 224(0.249749), 228(0.125125), 250(0.124725), 391(0.125103), 427(0.125137), 
  id=434, 180(0.249749), 224(0.249749), 228(0.125125), 250(0.124725), 391(0.125103), 427(0.125138), 
  id=435, 180(0.249749), 224(0.249749), 228(0.125125), 250(0.124725), 391(0.125103), 427(0.125138), 
  id=436, 180(0.249749), 224(0.249749), 228(0.125125), 250(0.124725), 391(0.125103), 427(0.125138), 
  id=437, 180(0.249749), 224(0.249749), 228(0.125125), 250(0.124725), 391(0.125103), 427(0.125138), 
  id=438, 180(0.249749), 224(0.249749), 228(0.125125), 250(0.124725), 391(0.125103), 427(0.125138), 
  id=439, 180(0.249749), 224(0.249749), 228(0.125125), 250(0.124725), 391(0.125103), 427(0.125138), 
