d = 0
  id=0, 44(1), 
  id=1, 44(1), 
  id=2, 44(1), 
  id=3, 44(1), 
  id=4, 44(1), 
  id=5, 44(1), 
  id=6, 44(1), 
  id=7, 44(1), 
  id=8, 44(1), 
  id=9, 44(1), 
  id=10, 44(1), 
  id=11, 44(1), 
  id=12, 44(1), 
  id=13, 44(1), 
  id=14, 44(1), 
  id=15, 44(1), 
  id=16, 44(1), 
  id=17, 44(1), 
  id=18, 44(1), 
  id=19, 44(1), 
  id=20, 44(1), 
  id=21, 44(1), 
  id=22, 44(1), 
  id=23, 44(1), 
  id=24, 44(1), 
  id=25, 44(1), 
  id=26, 44(1), 
  id=27, 44(1), 
  id=28, 44(1), 
  id=29, 44(1), 
  id=30, 44(1), 
  id=31, 44(1), 
  id=32, 44(1), 
  id=33, 44(1), 
  id=34, 44(1), 
  id=35, 44(1), 
  id=36, 44(1), 
  id=37, 44(1), 
  id=38, 44(1), 
  id=39, 44(1), 
  id=40, 44(1), 
  id=41, 44(1), 
  id=42, 44(1), 
  id=43, 44(1), 
  id=44, 44(1), 
  id=45, 44(1), 
  id=46, 44(1), 
  id=47, 44(1), 
  id=48, 44(1), 
  id=49, 44(1), 
  id=50, 44(1), 
  id=51, 44(1), 
  id=52, 44(1), 
  id=53, 44(1), 
  id=54, 44(1), 
  id=55, 44(1), 
  id=56, 44(1), 
  id=57, 44(1), 
  id=58, 44(1), 
  id=59, 44(1), 
  id=60, 44(1), 
  id=61, 44(1), 
  id=62, 44(1), 
  id=63, 44(1), 
  id=64, 44(1), 
  id=65, 44(1), 
  id=66, 44(1), 
  id=67, 44(1), 
  id=68, 44(1), 
  id=69, 44(1), 
  id=70, 44(1), 
  id=71, 44(1), 
  id=72, 44(1), 
  id=73, 44(1), 
  id=74, 44(1), 
  id=75, 44(1), 
  id=76, 44(1), 
  id=77, 44(1), 
  id=78, 44(1), 
  id=79, 44(1), 
  id=80, 44(1), 
  id=81, 44(1), 
  id=82, 242(0.499901), 250(0.500099), 
  id=83, 242(0.499901), 250(0.500099), 
  id=84, 242(0.499673), 250(0.500099), 
  id=85, 44(1), 
  id=86, 242(0.499901), 250(0.500099), 
  id=87, 242(0.499901), 250(0.500099), 
  id=88, 242(0.499901), 250(0.500099), 
  id=89, 242(0.499901), 250(0.500099), 
  id=90, 242(0.499901), 250(0.500099), 
  id=91, 242(0.499901), 250(0.500099), 
  id=92, 242(0.499901), 250(0.500099), 
  id=93, 242(0.499901), 250(0.500099), 
  id=94, 242(0.499901), 250(0.500099), 
  id=95, 242(0.499901), 250(0.500099), 
  id=96, 242(0.499901), 250(0.500099), 
  id=97, 242(0.499901), 250(0.500099), 
  id=98, 242(0.499901), 250(0.500099), 
  id=99, 242(0.499901), 250(0.500099), 
  id=100, 242(0.499901), 250(0.500099), 
  id=101, 242(0.499901), 250(0.500099), 
  id=102, 242(0.499901), 250(0.500099), 
  id=103, 242(0.499901), 250(0.500099), 
  id=104, 242(0.499901), 250(0.500099), 
d = 1
  id=105, 44(1), 
  id=106, 44(1), 
  id=107, 44(1), 
  id=108, 44(1), 
  id=109, 44(1), 
  id=110, 63(0.49987), 144(0.50013), 
  id=111, 44(1), 
  id=112, 44(1), 
  id=113, 150(0.499859), 333(0.500141), 
  id=114, 44(1), 
  id=115, 44(1), 
  id=116, 44(1), 
  id=117, 44(1), 
  id=118, 44(1), 
  id=119, 63(0.49987), 144(0.50013), 
  id=120, 44(1), 
  id=121, 63(0.49987), 144(0.50013), 
  id=122, 63(0.49987), 144(0.50013), 
  id=123, 44(1), 
  id=124, 63(0.49987), 144(0.50013), 
  id=125, 150(0.499859), 333(0.500141), 
  id=126, 63(0.49987), 144(0.50013), 
  id=127, 44(1), 
  id=128, 63(0.49987), 144(0.50013), 
  id=129, 44(1), 
  id=130, 63(0.49987), 144(0.50013), 
  id=131, 44(1), 
  id=132, 150(0.499859), 333(0.500141), 
  id=133, 44(1), 
  id=134, 44(1), 
  id=135, 63(0.49987), 144(0.50013), 
  id=136, 144(0.50013), 150(0.499859), 
  id=137, 63(0.499856), 144(0.50013), 
  id=138, 150(0.499859), 333(0.500141), 
  id=139, 63(0.49987), 144(0.50013), 
  id=140, 63(0.49987), 144(0.50013), 
  id=141, 44(1), 
  id=142, 63(0.49987), 144(0.50013), 
  id=143, 150(0.499859), 333(0.500141), 
  id=144, 63(0.49987), 144(0.50013), 
  id=145, 63(0.49987), 144(0.50013), 
  id=146, 150(0.499859), 333(0.500141), 
  id=147, 44(1), 
  id=148, 150(0.499859), 333(0.500141), 
  id=149, 44(1), 
  id=150, 150(0.499859), 333(0.500141), 
  id=151, 44(1), 
  id=152, 63(0.49987), 144(0.50013), 
  id=153, 63(0.49987), 144(0.50013), 
  id=154, 44(1), 
  id=155, 63(0.49987), 144(0.50013), 
  id=156, 150(0.499859), 333(0.500141), 
  id=157, 63(0.49987), 144(0.500081), 
  id=158, 44(1), 
  id=159, 63(0.49987), 144(0.50013), 
  id=160, 63(0.49987), 144(0.50013), 
  id=161, 44(1), 
  id=162, 63(0.49987), 144(0.50013), 
  id=163, 150(0.499859), 333(0.500141), 
  id=164, 63(0.49987), 144(0.50013), 
  id=165, 63(0.499621), 144(0.50013), 
  id=166, 150(0.499859), 333(0.500141), 
  id=167, 44(1), 
  id=168, 150(0.499859), 333(0.500141), 
  id=169, 150(0.499859), 333(0.500141), 
  id=170, 63(0.49987), 144(0.50013), 
  id=171, 44(1), 
  id=172, 63(0.49987), 144(0.50013), 
  id=173, 150(0.499859), 333(0.500141), 
  id=174, 150(0.499859), 242(0.499901), 
  id=175, 150(0.499859), 333(0.500069), 
  id=176, 150(0.499859), 333(0.500141), 
  id=177, 63(0.499815), 250(0.500099), 
  id=178, 63(0.499871), 250(0.500099), 
  id=179, 44(1), 
  id=180, 242(0.499901), 250(0.500099), 
  id=181, 242(0.499901), 250(0.500099), 
  id=182, 242(0.499849), 250(0.500099), 
  id=183, 63(0.49987), 250(0.500099), 
  id=184, 44(1), 
  id=185, 150(0.499859), 333(0.500124), 
  id=186, 150(0.499859), 242(0.499902), 
  id=187, 150(0.499859), 333(0.500141), 
  id=188, 242(0.499901), 250(0.500087), 
  id=189, 150(0.499859), 242(0.499901), 
  id=190, 150(0.497179), 242(0.499901), 
  id=191, 63(0.49987), 250(0.500071), 
  id=192, 150(0.499858), 242(0.499901), 
  id=193, 242(0.499901), 250(0.500099), 
  id=194, 242(0.499901), 333(0.5), 
  id=195, 242(0.499901), 250(0.500099), 
  id=196, 242(0.499901), 250(0.500099), 
  id=197, 150(0.499852), 333(0.500141), 
  id=198, 242(0.499901), 250(0.500099), 
  id=199, 242(0.499901), 250(0.500099), 
  id=200, 242(0.499901), 250(0.500099), 
  id=201, 242(0.499901), 250(0.500099), 
  id=202, 242(0.499901), 250(0.500099), 
  id=203, 242(0.499901), 250(0.500099), 
  id=204, 242(0.499859), 333(0.500141), 
  id=205, 242(0.499901), 250(0.500099), 
  id=206, 242(0.499901), 333(0.500099), 
  id=207, 242(0.499901), 250(0.500099), 
  id=208, 242(0.499901), 250(0.500099), 
  id=209, 242(0.499859), 333(0.500141), 
  id=210, 242(0.499901), 250(0.500099), 
  id=211, 242(0.499901), 250(0.500099), 
  id=212, 242(0.499901), 250(0.500099), 
  id=213, 242(0.499901), 250(0.500099), 
  id=214, 242(0.499901), 250(0.50008), 
  id=215, 242(0.499901), 250(0.500099), 
  id=216, 242(0.499901), 333(0.500099), 
  id=217, 242(0.499901), 250(0.500099), 
  id=218, 242(0.499894), 250(0.500099), 
  id=219, 242(0.499901), 250(0.500099), 
  id=220, 242(0.499901), 250(0.500099), 
  id=221, 242(0.499901), 250(0.500099), 
  id=222, 242(0.499901), 250(0.500099), 
  id=223, 242(0.499901), 250(0.500099), 
  id=224, 242(0.499901), 250(0.500099), 
  id=225, 242(0.499901), 250(0.500099), 
  id=226, 242(0.499901), 250(0.500099), 
  id=227, 242(0.499901), 250(0.500099), 
  id=228, 242(0.499901), 250(0.500099), 
  id=229, 242(0.499901), 250(0.500099), 
  id=230, 242(0.499901), 250(0.500099), 
  id=231, 242(0.499901), 250(0.500099), 
  id=232, 242(0.499901), 250(0.500099), 
  id=233, 242(0.499901), 250(0.500099), 
  id=234, 242(0.499901), 250(0.500099), 
  id=235, 242(0.499901), 250(0.500099), 
  id=236, 242(0.499901), 250(0.500099), 
  id=237, 242(0.499901), 250(0.500099), 
  id=238, 242(0.499901), 250(0.500099), 
  id=239, 242(0.499901), 250(0.500099), 
  id=240, 242(0.499901), 250(0.500099), 
  id=241, 242(0.499901), 250(0.500099), 
  id=242, 242(0.499901), 250(0.500099), 
  id=243, 242(0.499901), 250(0.500099), 
  id=244, 242(0.499901), 250(0.500099), 
  id=245, 242(0.499901), 250(0.500099), 
  id=246, 242(0.499901), 250(0.500099), 
  id=247, 242(0.499901), 250(0.500099), 
  id=248, 242(0.499901), 250(0.500099), 
  id=249, 242(0.499901), 250(0.500099), 
  id=250, 242(0.499901), 250(0.500099), 
  id=251, 242(0.499901), 250(0.500099), 
  id=252, 242(0.499901), 250(0.500099), 
  id=253, 242(0.499901), 250(0.500099), 
  id=254, 242(0.499901), 250(0.500099), 
  id=255, 242(0.499901), 250(0.500099), 
  id=256, 242(0.499901), 250(0.500099), 
  id=257, 242(0.499901), 250(0.500099), 
  id=258, 242(0.499901), 250(0.500099), 
  id=259, 242(0.499901), 250(0.500099), 
  id=260, 242(0.499901), 250(0.500099), 
  id=261, 242(0.499901), 250(0.500099), 
  id=262, 242(0.499901), 250(0.500099), 
  id=263, 242(0.499901), 250(0.500099), 
  id=264, 242(0.499901), 250(0.500099), 
  id=265, 242(0.499901), 250(0.500099), 
  id=266, 242(0.499901), 250(0.500099), 
  id=267, 242(0.499901), 250(0.500099), 
  id=268, 242(0.499901), 250(0.500099), 
  id=269, 242(0.499901), 250(0.500099), 
  id=270, 242(0.499901), 250(0.500099), 
  id=271, 242(0.499901), 250(0.500099), 
  id=272, 242(0.499901), 250(0.500099), 
  id=273, 242(0.499901), 250(0.500099), 
  id=274, 242(0.499901), 250(0.500099), 
  id=275, 242(0.499901), 250(0.500099), 
  id=276, 242(0.499901), 250(0.500099), 
  id=277, 242(0.499901), 250(0.500099), 
  id=278, 242(0.499901), 250(0.500099), 
  id=279, 242(0.499901), 250(0.500099), 
  id=280, 242(0.499901), 250(0.500099), 
  id=281, 242(0.499901), 250(0.500099), 
  id=282, 242(0.499901), 250(0.500099), 
  id=283, 242(0.499901), 250(0.500099), 
  id=284, 242(0.499901), 250(0.500099), 
  id=285, 242(0.499901), 250(0.500099), 
  id=286, 242(0.499901), 250(0.500099), 
  id=287, 242(0.499901), 250(0.500099), 
  id=288, 242(0.499901), 250(0.500099), 
  id=289, 242(0.499901), 250(0.500099), 
  id=290, 242(0.499901), 250(0.500099), 
  id=291, 242(0.499901), 250(0.500099), 
  id=292, 242(0.499901), 250(0.500099), 
  id=293, 242(0.499901), 250(0.500099), 
  id=294, 242(0.499901), 250(0.500099), 
  id=295, 242(0.499901), 250(0.500099), 
  id=296, 242(0.499901), 250(0.500099), 
  id=297, 242(0.499901), 250(0.500099), 
  id=298, 242(0.499901), 250(0.500099), 
  id=299, 242(0.499901), 250(0.500099), 
  id=300, 242(0.499901), 250(0.500099), 
  id=301, 242(0.499901), 250(0.500099), 
  id=302, 242(0.499901), 250(0.500099), 
  id=303, 242(0.499901), 250(0.500099), 
  id=304, 242(0.499901), 250(0.500099), 
  id=305, 242(0.499901), 250(0.500099), 
  id=306, 242(0.499901), 250(0.500099), 
  id=307, 242(0.499901), 250(0.500099), 
  id=308, 242(0.499901), 250(0.500099), 
  id=309, 242(0.499901), 250(0.500099), 
  id=310, 242(0.499901), 250(0.500099), 
  id=311, 242(0.499901), 250(0.500099), 
  id=312, 242(0.499901), 250(0.500099), 
  id=313, 242(0.499901), 250(0.500099), 
  id=314, 242(0.499901), 250(0.500099), 
  id=315, 242(0.499901), 250(0.500099), 
d = 2
  id=316, 44(1), 
  id=317, 44(1), 
  id=318, 44(1), 
  id=319, 44(1), 
  id=320, 44(1), 
  id=321, 44(1), 
  id=322, 44(1), 
  id=323, 44(0.999944), 
  id=324, 44(1), 
  id=325, 44(1), 
  id=326, 44(1), 
  id=327, 44(1), 
  id=328, 44(1), 
  id=329, 44(1), 
  id=330, 44(1), 
  id=331, 44(1), 
  id=332, 242(0.499901), 250(0.500042), 
  id=333, 242(0.499901), 250(0.500043), 
  id=334, 242(0.499844), 250(0.500099), 
  id=335, 242(0.499846), 250(0.500099), 
  id=336, 242(0.499901), 250(0.500044), 
  id=337, 242(0.499901), 250(0.500044), 
  id=338, 242(0.499901), 250(0.500042), 
  id=339, 242(0.499901), 250(0.500041), 
  id=340, 242(0.499901), 250(0.500099), 
  id=341, 242(0.499901), 250(0.500043), 
  id=342, 242(0.499901), 250(0.500099), 
  id=343, 242(0.499901), 250(0.500099), 
  id=344, 242(0.499901), 250(0.500099), 
  id=345, 242(0.499901), 250(0.500043), 
  id=346, 242(0.499901), 250(0.500099), 
  id=347, 242(0.499901), 250(0.500043), 
  id=348, 242(0.499901), 250(0.500099), 
  id=349, 242(0.499901), 250(0.500099), 
  id=350, 242(0.499901), 250(0.500099), 
  id=351, 242(0.499901), 250(0.500099), 
  id=352, 242(0.499901), 250(0.500099), 
  id=353, 242(0.499901), 250(0.500099), 
  id=354, 242(0.499901), 250(0.500099), 
  id=355, 242(0.499901), 250(0.500099), 
  id=356, 242(0.499901), 250(0.500099), 
  id=357, 242(0.499901), 250(0.500099), 
  id=358, 242(0.499901), 250(0.500099), 
  id=359, 242(0.499901), 250(0.500099), 
  id=360, 242(0.499901), 250(0.500099), 
  id=361, 242(0.499901), 250(0.500099), 
  id=362, 242(0.499901), 250(0.500099), 
  id=363, 242(0.499901), 250(0.500099), 
  id=364, 242(0.499901), 250(0.500099), 
  id=365, 242(0.499901), 250(0.500099), 
  id=366, 242(0.499901), 250(0.500099), 
  id=367, 242(0.499901), 250(0.500099), 
  id=368, 242(0.499901), 250(0.500099), 
  id=369, 242(0.499901), 250(0.500099), 
  id=370, 242(0.499901), 250(0.500099), 
  id=371, 242(0.499901), 250(0.500099), 
  id=372, 242(0.499901), 250(0.500099), 
  id=373, 242(0.499901), 250(0.500099), 
  id=374, 242(0.499901), 250(0.500099), 
d = 3
  id=375, 44(1), 
  id=376, 44(1), 
  id=377, 44(1), 
  id=378, 44(1), 
  id=379, 44(1), 
  id=380, 44(1), 
  id=381, 44(1), 
  id=382, 44(1), 
  id=383, 44(1), 
  id=384, 44(1), 
  id=385, 44(1), 
  id=386, 44(1), 
  id=387, 44(1), 
  id=388, 44(1), 
  id=389, 44(1), 
  id=390, 44(1), 
  id=391, 44(1), 
  id=392, 44(1), 
d = 4
  id=393, 44(1), 
  id=394, 44(1), 
  id=395, 44(1), 
  id=396, 44(1), 
  id=397, 44(1), 
  id=398, 44(1), 
  id=399, 44(1), 
  id=400, 44(1), 
  id=401, 44(1), 
  id=402, 44(1), 
  id=403, 44(1), 
  id=404, 44(1), 
  id=405, 44(1), 
  id=406, 44(1), 
  id=407, 44(1), 
  id=408, 44(0.499858), 250(0.500099), 
  id=409, 242(0.499901), 250(0.500099), 
  id=410, 242(0.499901), 250(0.500099), 
  id=411, 242(0.499901), 250(0.500099), 
d = 5
  id=412, 150(0.499859), 333(0.500141), 
  id=413, 44(1), 
  id=414, 44(1), 
  id=415, 150(0.499859), 333(0.500141), 
  id=416, 44(1), 
  id=417, 44(1), 
  id=418, 150(0.499859), 333(0.500141), 
  id=419, 150(0.499859), 333(0.500141), 
  id=420, 150(0.499859), 333(0.500141), 
  id=421, 150(0.499859), 333(0.500141), 
  id=422, 150(0.499859), 333(0.500141), 
  id=423, 242(0.499901), 250(0.500099), 
  id=424, 242(0.499901), 250(0.500099), 
  id=425, 242(0.499901), 250(0.500099), 
  id=426, 242(0.499901), 250(0.500099), 
  id=427, 242(0.499901), 250(0.500099), 
  id=428, 242(0.499901), 250(0.500099), 
  id=429, 242(0.499901), 250(0.500099), 
  id=430, 242(0.499901), 250(0.500099), 
  id=431, 242(0.499901), 250(0.500099), 
  id=432, 242(0.499901), 250(0.500099), 
  id=433, 242(0.499901), 250(0.500099), 
  id=434, 242(0.499901), 250(0.500099), 
  id=435, 242(0.499901), 250(0.500099), 
  id=436, 242(0.499901), 250(0.500099), 
  id=437, 242(0.499901), 250(0.500099), 
  id=438, 242(0.499901), 250(0.500099), 
  id=439, 242(0.499901), 250(0.500099), 
