d = 0
  id=0, 329(1), 
  id=1, 329(1), 
  id=2, 329(1), 
  id=3, 329(1), 
  id=4, 329(1), 
  id=5, 329(1), 
  id=6, 329(1), 
  id=7, 329(1), 
  id=8, 329(1), 
  id=9, 329(1), 
  id=10, 329(1), 
  id=11, 329(1), 
  id=12, 329(1), 
  id=13, 329(1), 
  id=14, 329(1), 
  id=15, 329(1), 
  id=16, 329(1), 
  id=17, 329(1), 
  id=18, 329(1), 
  id=19, 329(1), 
  id=20, 329(1), 
  id=21, 329(1), 
  id=22, 329(1), 
  id=23, 329(1), 
  id=24, 329(1), 
  id=25, 329(1), 
  id=26, 329(1), 
  id=27, 329(1), 
  id=28, 329(1), 
  id=29, 329(1), 
  id=30, 329(1), 
  id=31, 329(1), 
  id=32, 329(1), 
  id=33, 329(1), 
  id=34, 329(1), 
  id=35, 329(1), 
  id=36, 329(1), 
  id=37, 329(1), 
  id=38, 329(1), 
  id=39, 329(1), 
  id=40, 329(1), 
  id=41, 329(1), 
  id=42, 329(1), 
  id=43, 329(1), 
  id=44, 329(1), 
  id=45, 329(1), 
  id=46, 329(1), 
  id=47, 329(1), 
  id=48, 329(1), 
  id=49, 329(1), 
  id=50, 329(1), 
  id=51, 329(1), 
  id=52, 329(1), 
  id=53, 329(1), 
  id=54, 329(1), 
  id=55, 329(1), 
  id=56, 329(1), 
  id=57, 329(1), 
  id=58, 329(1), 
  id=59, 329(1), 
  id=60, 329(1), 
  id=61, 329(1), 
  id=62, 329(1), 
  id=63, 329(1), 
  id=64, 329(1), 
  id=65, 329(1), 
  id=66, 329(1), 
  id=67, 329(1), 
  id=68, 329(1), 
  id=69, 329(1), 
  id=70, 329(1), 
  id=71, 329(1), 
  id=72, 329(1), 
  id=73, 329(1), 
  id=74, 329(1), 
  id=75, 329(1), 
  id=76, 329(1), 
  id=77, 329(1), 
  id=78, 329(1), 
  id=79, 329(1), 
  id=80, 329(1), 
  id=81, 329(1), 
  id=82, 329(1), 
  id=83, 329(1), 
  id=84, 329(1), 
  id=85, 329(1), 
  id=86, 329(1), 
  id=87, 329(1), 
  id=88, 329(1), 
  id=89, 329(1), 
  id=90, 329(1), 
  id=91, 329(1), 
  id=92, 329(1), 
  id=93, 329(1), 
  id=94, 329(1), 
  id=95, 329(1), 
  id=96, 329(1), 
  id=97, 329(1), 
  id=98, 329(1), 
  id=99, 329(1), 
  id=100, 329(1), 
  id=101, 329(1), 
  id=102, 329(1), 
  id=103, 329(1), 
  id=104, 329(1), 
d = 1
  id=105, 329(1), 
  id=106, 329(1), 
  id=107, 329(1), 
  id=108, 329(1), 
  id=109, 329(1), 
  id=110, 329(1), 
  id=111, 329(1), 
  id=112, 329(1), 
  id=113, 329(0.999994), 
  id=114, 329(1), 
  id=115, 329(1), 
  id=116, 329(1), 
  id=117, 329(1), 
  id=118, 329(1), 
  id=119, 329(1), 
  id=120, 329(0.999995), 
  id=121, 329(0.999995), 
  id=122, 329(1), 
  id=123, 329(1), 
  id=124, 329(1), 
  id=125, 196(0.886082), 199(0.113914), 
  id=126, 329(1), 
  id=127, 329(1), 
  id=128, 329(1), 
  id=129, 329(1), 
  id=130, 329(1), 
  id=131, 329(1), 
  id=132, 196(0.886081), 199(0.113913), 
  id=133, 329(1), 
  id=134, 329(0.999995), 
  id=135, 196(0.886081), 329(0.113918), 
  id=136, 329(0.999995), 
  id=137, 196(0.886081), 199(0.113913), 
  id=138, 196(0.886081), 199(0.113913), 
  id=139, 329(1), 
  id=140, 329(1), 
  id=141, 329(0.999995), 
  id=142, 329(1), 
  id=143, 196(0.886081), 199(0.113913), 
  id=144, 329(1), 
  id=145, 196(0.886081), 329(0.113918), 
  id=146, 196(0.886081), 199(0.113913), 
  id=147, 329(0.999995), 
  id=148, 196(0.886081), 199(0.113913), 
  id=149, 329(1), 
  id=150, 196(0.886081), 199(0.113913), 
  id=151, 329(0.999995), 
  id=152, 329(1), 
  id=153, 329(1), 
  id=154, 329(0.999995), 
  id=155, 329(1), 
  id=156, 196(0.886081), 199(0.113913), 
  id=157, 329(1), 
  id=158, 329(1), 
  id=159, 329(1), 
  id=160, 329(1), 
  id=161, 329(1), 
  id=162, 329(1), 
  id=163, 196(0.886081), 199(0.113913), 
  id=164, 329(1), 
  id=165, 329(0.999996), 
  id=166, 196(0.886081), 199(0.113913), 
  id=167, 329(1), 
  id=168, 196(0.886081), 199(0.113913), 
  id=169, 196(0.886081), 199(0.113913), 
  id=170, 329(1), 
  id=171, 329(0.999995), 
  id=172, 329(0.999995), 
  id=173, 196(0.886081), 199(0.113913), 
  id=174, 196(0.886081), 199(0.113913), 
  id=175, 196(0.886081), 199(0.113913), 
  id=176, 196(0.886081), 199(0.113913), 
  id=177, 329(1), 
  id=178, 196(0.886081), 329(0.113913), 
  id=179, 329(0.999995), 
  id=180, 196(0.886081), 199(0.113912), 
  id=181, 196(0.88608), 199(0.113913), 
  id=182, 196(0.886082), 199(0.113913), 
  id=183, 329(1), 
  id=184, 329(0.999995), 
  id=185, 196(0.886081), 199(0.113913), 
  id=186, 196(0.886081), 199(0.113913), 
  id=187, 196(0.886081), 199(0.113913), 
  id=188, 196(0.886081), 199(0.113913), 
  id=189, 196(0.886081), 199(0.113913), 
  id=190, 196(0.886081), 199(0.113912), 
  id=191, 196(0.886081), 199(0.113913), 
  id=192, 196(0.886081), 199(0.113913), 
  id=193, 196(0.886081), 199(0.113912), 
  id=194, 196(0.886082), 199(0.113913), 
  id=195, 196(0.886081), 199(0.113913), 
  id=196, 196(0.886081), 199(0.113913), 
  id=197, 196(0.886081), 199(0.113913), 
  id=198, 196(0.886081), 199(0.113913), 
  id=199, 196(0.886081), 199(0.113913), 
  id=200, 196(0.886081), 199(0.113913), 
  id=201, 196(0.886081), 199(0.113913), 
  id=202, 196(0.886081), 199(0.113913), 
  id=203, 196(0.886081), 199(0.113912), 
  id=204, 196(0.886081), 199(0.113913), 
  id=205, 196(0.886082), 199(0.113913), 
  id=206, 196(0.886081), 199(0.113913), 
  id=207, 196(0.886081), 199(0.113913), 
  id=208, 196(0.886081), 199(0.113913), 
  id=209, 196(0.886081), 199(0.113913), 
  id=210, 196(0.886081), 199(0.113913), 
  id=211, 196(0.88608), 199(0.113913), 
  id=212, 196(0.886082), 199(0.113913), 
  id=213, 196(0.886081), 199(0.113913), 
  id=214, 196(0.886081), 199(0.113913), 
  id=215, 196(0.886081), 199(0.113912), 
  id=216, 196(0.886081), 199(0.113913), 
  id=217, 196(0.886081), 199(0.113913), 
  id=218, 196(0.886082), 199(0.113913), 
  id=219, 196(0.886081), 199(0.113913), 
  id=220, 196(0.886081), 199(0.113913), 
  id=221, 196(0.886081), 199(0.113913), 
  id=222, 196(0.886081), 199(0.113912), 
  id=223, 196(0.886081), 199(0.113912), 
  id=224, 196(0.886081), 199(0.113913), 
  id=225, 196(0.88608), 199(0.113913), 
  id=226, 196(0.886081), 199(0.113913), 
  id=227, 196(0.886081), 199(0.113913), 
  id=228, 196(0.886081), 199(0.113913), 
  id=229, 196(0.886081), 199(0.113913), 
  id=230, 196(0.886081), 199(0.113913), 
  id=231, 196(0.886081), 199(0.113913), 
  id=232, 196(0.886081), 199(0.113913), 
  id=233, 196(0.886082), 199(0.113914), 
  id=234, 196(0.886081), 199(0.113913), 
  id=235, 196(0.886082), 199(0.113913), 
  id=236, 196(0.886081), 199(0.113913), 
  id=237, 196(0.886081), 199(0.113913), 
  id=238, 196(0.886081), 199(0.113913), 
  id=239, 196(0.886082), 199(0.113914), 
  id=240, 196(0.886081), 199(0.113913), 
  id=241, 196(0.886081), 199(0.113913), 
  id=242, 196(0.886081), 199(0.113913), 
  id=243, 196(0.886081), 199(0.113913), 
  id=244, 196(0.886081), 199(0.113913), 
  id=245, 196(0.886081), 199(0.113913), 
  id=246, 196(0.886081), 199(0.113913), 
  id=247, 196(0.886082), 199(0.113914), 
  id=248, 196(0.886081), 199(0.113913), 
  id=249, 196(0.886082), 199(0.113913), 
  id=250, 196(0.886081), 199(0.113913), 
  id=251, 196(0.886081), 199(0.113913), 
  id=252, 196(0.886082), 199(0.113914), 
  id=253, 196(0.886082), 199(0.113913), 
  id=254, 196(0.886081), 199(0.113913), 
  id=255, 196(0.886081), 199(0.113913), 
  id=256, 196(0.886082), 199(0.113913), 
  id=257, 196(0.886081), 199(0.113913), 
  id=258, 196(0.886081), 199(0.113912), 
  id=259, 196(0.886081), 199(0.113913), 
  id=260, 196(0.886081), 199(0.113913), 
  id=261, 196(0.886082), 199(0.113913), 
  id=262, 196(0.886081), 199(0.113913), 
  id=263, 196(0.886079), 199(0.113913), 
  id=264, 196(0.886081), 199(0.113913), 
  id=265, 196(0.886081), 199(0.113913), 
  id=266, 196(0.886081), 199(0.113913), 
  id=267, 196(0.886082), 199(0.113913), 
  id=268, 196(0.886081), 199(0.113913), 
  id=269, 196(0.886081), 199(0.113913), 
  id=270, 196(0.886081), 199(0.113913), 
  id=271, 196(0.886081), 199(0.113912), 
  id=272, 196(0.886081), 199(0.113913), 
  id=273, 196(0.886081), 199(0.113913), 
  id=274, 196(0.886081), 199(0.113913), 
  id=275, 196(0.886082), 199(0.113913), 
  id=276, 196(0.886081), 199(0.113912), 
  id=277, 196(0.886081), 199(0.113913), 
  id=278, 196(0.886081), 199(0.113913), 
  id=279, 196(0.886081), 199(0.113913), 
  id=280, 196(0.886081), 199(0.113913), 
  id=281, 196(0.886081), 199(0.113913), 
  id=282, 196(0.886081), 199(0.113913), 
  id=283, 196(0.886081), 199(0.113913), 
  id=284, 196(0.886081), 199(0.113912), 
  id=285, 196(0.886081), 199(0.113913), 
  id=286, 196(0.886081), 199(0.113913), 
  id=287, 196(0.886081), 199(0.113913), 
  id=288, 196(0.886081), 199(0.113913), 
  id=289, 196(0.886081), 199(0.113913), 
  id=290, 196(0.886082), 199(0.113914), 
  id=291, 196(0.886082), 199(0.113913), 
  id=292, 196(0.886081), 199(0.113913), 
  id=293, 196(0.886082), 199(0.113913), 
  id=294, 196(0.886081), 199(0.113913), 
  id=295, 196(0.886081), 199(0.113913), 
  id=296, 196(0.886081), 199(0.113913), 
  id=297, 196(0.886082), 199(0.113913), 
  id=298, 196(0.886082), 199(0.113914), 
  id=299, 196(0.886081), 199(0.113913), 
  id=300, 196(0.886081), 199(0.113913), 
  id=301, 196(0.886082), 199(0.113913), 
  id=302, 196(0.886081), 199(0.113913), 
  id=303, 196(0.886081), 199(0.113913), 
  id=304, 196(0.886081), 199(0.113913), 
  id=305, 196(0.886081), 199(0.113913), 
  id=306, 196(0.886081), 199(0.113913), 
  id=307, 196(0.886081), 199(0.113913), 
  id=308, 196(0.886081), 199(0.113913), 
  id=309, 196(0.886081), 199(0.113913), 
  id=310, 196(0.886081), 199(0.113913), 
  id=311, 196(0.886081), 199(0.113913), 
  id=312, 196(0.886081), 199(0.113913), 
  id=313, 196(0.886082), 199(0.113913), 
  id=314, 196(0.886081), 199(0.113913), 
  id=315, 196(0.886081), 199(0.113913), 
d = 2
  id=316, 196(0.772623), 199(0.063711), 329(0.150872), 
  id=317, 89(0.0576576), 189(0.038901), 196(0.488996), 199(0.110125), 210(0.240825), 329(0.0634947), 
  id=318, 89(0.0555998), 189(0.010232), 196(0.5217), 199(0.105817), 210(0.24999), 329(0.0566606), 
  id=319, 196(0.809311), 199(0.0670393), 329(0.110501), 
  id=320, 89(0.0142323), 189(0.0329917), 196(0.794936), 199(0.0574125), 329(0.1002), 
  id=321, 189(0.0502061), 196(0.828422), 329(0.121081), 
  id=322, 89(0.0576576), 196(0.537385), 210(0.254079), 329(0.150872), 
  id=323, 89(0.0576576), 196(0.791466), 329(0.150872), 
  id=324, 89(0.0331823), 189(0.0310257), 196(0.81117), 329(0.124157), 
  id=325, 196(0.910504), 199(0.0775719), 
  id=326, 89(0.0576576), 196(0.53739), 210(0.254079), 329(0.150872), 
  id=327, 189(0.0408961), 196(0.597706), 210(0.236993), 329(0.123937), 
  id=328, 196(0.910541), 199(0.0776321), 
  id=329, 89(0.04167), 189(0.0152218), 196(0.511478), 199(0.113913), 210(0.254079), 329(0.0636383), 
  id=330, 196(0.88626), 199(0.0744807), 210(0.0258619), 
  id=331, 189(0.0187622), 196(0.851574), 329(0.128748), 
  id=332, 196(0.910516), 199(0.0894835), 
  id=333, 196(0.910516), 199(0.0894792), 
  id=334, 189(0.0502061), 196(0.910516), 199(0.0390187), 
  id=335, 196(0.910516), 199(0.0894656), 
  id=336, 196(0.910516), 199(0.0894785), 
  id=337, 196(0.886085), 199(0.113913), 
  id=338, 89(0.0576576), 189(0.0318159), 196(0.910516), 
  id=339, 189(0.0502061), 196(0.835876), 199(0.113913), 
  id=340, 189(0.0502061), 196(0.581795), 199(0.113913), 210(0.254079), 
  id=341, 196(0.886083), 199(0.113913), 
  id=342, 196(0.910502), 199(0.0778245), 
  id=343, 89(0.0576576), 196(0.574336), 199(0.113913), 210(0.254079), 
  id=344, 196(0.886085), 199(0.113913), 
  id=345, 196(0.910516), 199(0.0894808), 
  id=346, 89(0.015079), 196(0.890113), 199(0.0873448), 
  id=347, 89(0.0576577), 196(0.910516), 199(0.0318265), 
  id=348, 89(0.0576576), 189(0.0502061), 196(0.637911), 210(0.254079), 
  id=349, 89(0.0576576), 196(0.688255), 210(0.254079), 
  id=350, 196(0.910516), 210(0.0894831), 
  id=351, 196(0.745916), 210(0.254079), 
  id=352, 89(0.0576576), 196(0.910516), 199(0.0318248), 
  id=353, 89(0.0576576), 196(0.910516), 199(0.0317999), 
  id=354, 89(0.0576576), 196(0.688046), 210(0.254079), 
  id=355, 196(0.745914), 210(0.254079), 
  id=356, 89(0.0576576), 196(0.688248), 210(0.254079), 
  id=357, 196(0.745915), 210(0.254079), 
  id=358, 196(0.886082), 199(0.113913), 
  id=359, 89(0.0576576), 196(0.57435), 199(0.113913), 210(0.254079), 
  id=360, 89(0.0576576), 196(0.574348), 199(0.113913), 210(0.254079), 
  id=361, 89(0.0576576), 196(0.910516), 199(0.0318225), 
  id=362, 196(0.745895), 210(0.254079), 
  id=363, 196(0.745903), 210(0.254079), 
  id=364, 89(0.0576576), 196(0.574348), 199(0.113913), 210(0.254079), 
  id=365, 196(0.745898), 210(0.254079), 
  id=366, 89(0.0576576), 196(0.57435), 199(0.113913), 210(0.254079), 
  id=367, 196(0.745902), 210(0.254079), 
  id=368, 89(0.0576576), 196(0.57435), 199(0.113913), 210(0.254079), 
  id=369, 196(0.745709), 210(0.254079), 
  id=370, 89(0.0576576), 196(0.828336), 199(0.113913), 
  id=371, 89(0.0576576), 196(0.57435), 199(0.113913), 210(0.254079), 
  id=372, 196(0.886074), 199(0.113913), 
  id=373, 196(0.745875), 210(0.254079), 
  id=374, 196(0.63164), 199(0.113913), 210(0.254079), 
d = 3
  id=375, 329(1), 
  id=376, 329(1), 
  id=377, 329(1), 
  id=378, 329(1), 
  id=379, 329(1), 
  id=380, 329(1), 
  id=381, 329(1), 
  id=382, 329(1), 
  id=383, 329(1), 
  id=384, 329(1), 
  id=385, 329(1), 
  id=386, 329(1), 
  id=387, 329(1), 
  id=388, 329(1), 
  id=389, 329(1), 
  id=390, 329(1), 
  id=391, 329(1), 
  id=392, 329(1), 
d = 4
  id=393, 329(1), 
  id=394, 329(1), 
  id=395, 329(1), 
  id=396, 329(1), 
  id=397, 329(1), 
  id=398, 329(1), 
  id=399, 329(1), 
  id=400, 329(1), 
  id=401, 329(1), 
  id=402, 329(1), 
  id=403, 329(1), 
  id=404, 329(1), 
  id=405, 329(1), 
  id=406, 329(1), 
  id=407, 329(1), 
  id=408, 329(1), 
  id=409, 329(1), 
  id=410, 329(1), 
  id=411, 329(1), 
d = 5
  id=412, 89(0.0292988), 189(0.0239131), 196(0.853027), 199(0.0722034), 329(0.0212346), 
  id=413, 89(0.0431355), 189(0.0322127), 196(0.814619), 199(0.0631287), 329(0.0467061), 
  id=414, 89(0.0492268), 189(0.0369875), 196(0.803419), 199(0.0727266), 329(0.0375016), 
  id=415, 89(0.0464717), 189(0.0344967), 196(0.83197), 199(0.0687298), 329(0.0181078), 
  id=416, 89(0.0478831), 189(0.0359861), 196(0.792849), 199(0.0706355), 329(0.052469), 
  id=417, 89(0.046791), 189(0.035094), 196(0.768521), 199(0.0691662), 329(0.0802539), 
  id=418, 89(0.0494481), 189(0.0365884), 196(0.841013), 199(0.0715015), 
  id=419, 89(0.0494544), 189(0.0247489), 196(0.853027), 199(0.072769), 
  id=420, 89(0.0478918), 189(0.0356109), 196(0.816983), 199(0.0709993), 329(0.0283265), 
  id=421, 89(0.0472243), 189(0.0350419), 196(0.833473), 199(0.0700037), 329(0.0140687), 
  id=422, 89(0.0494544), 189(0.0247475), 196(0.853027), 199(0.072769), 
  id=423, 89(0.0479674), 189(0.0358587), 196(0.812871), 199(0.0708651), 329(0.0322582), 
  id=424, 89(0.0464527), 189(0.0344582), 196(0.827112), 199(0.0685663), 329(0.023217), 
  id=425, 89(0.0466523), 189(0.0346089), 196(0.827082), 199(0.0689565), 329(0.0224473), 
  id=426, 89(0.0494608), 189(0.0372832), 196(0.807943), 199(0.0728114), 329(0.032237), 
  id=427, 89(0.0469684), 189(0.0348382), 196(0.836517), 199(0.0693337), 329(0.0120948), 
  id=428, 89(0.0493292), 189(0.0364947), 196(0.841132), 199(0.0714566), 
  id=429, 89(0.0494544), 189(0.0232563), 196(0.853027), 199(0.072769), 
  id=430, 89(0.0469976), 189(0.0348629), 196(0.836859), 199(0.0693717), 329(0.0117052), 
  id=431, 89(0.046472), 189(0.0344963), 196(0.832051), 199(0.0687329), 329(0.0180065), 
  id=432, 89(0.0494545), 189(0.0232564), 196(0.853027), 199(0.072769), 
  id=433, 89(0.0477281), 189(0.0354145), 196(0.841804), 199(0.0706105), 
  id=434, 89(0.0494544), 189(0.0232563), 196(0.853027), 199(0.072769), 
  id=435, 89(0.0494544), 189(0.0232564), 196(0.853027), 199(0.072769), 
  id=436, 89(0.0494544), 189(0.0232563), 196(0.853027), 199(0.072769), 
  id=437, 89(0.0354276), 189(0.0372832), 196(0.853027), 199(0.072769), 
  id=438, 89(0.0494544), 189(0.0232563), 196(0.853027), 199(0.072769), 
  id=439, 89(0.0494544), 189(0.0232564), 196(0.853027), 199(0.072769), 
