d = 0
  id=0, 329(1), 
  id=1, 329(1), 
  id=2, 329(1), 
  id=3, 329(1), 
  id=4, 329(1), 
  id=5, 329(1), 
  id=6, 329(1), 
  id=7, 329(1), 
  id=8, 329(1), 
  id=9, 329(1), 
  id=10, 329(1), 
  id=11, 329(1), 
  id=12, 329(1), 
  id=13, 329(1), 
  id=14, 329(1), 
  id=15, 329(1), 
  id=16, 329(1), 
  id=17, 329(1), 
  id=18, 329(1), 
  id=19, 329(1), 
  id=20, 329(1), 
  id=21, 329(1), 
  id=22, 329(1), 
  id=23, 329(1), 
  id=24, 329(1), 
  id=25, 329(1), 
  id=26, 329(1), 
  id=27, 329(1), 
  id=28, 329(1), 
  id=29, 329(1), 
  id=30, 329(1), 
  id=31, 329(1), 
  id=32, 329(1), 
  id=33, 329(1), 
  id=34, 329(1), 
  id=35, 329(1), 
  id=36, 329(1), 
  id=37, 329(1), 
  id=38, 329(1), 
  id=39, 329(1), 
  id=40, 329(1), 
  id=41, 329(1), 
  id=42, 329(1), 
  id=43, 329(1), 
  id=44, 329(1), 
  id=45, 329(1), 
  id=46, 329(1), 
  id=47, 329(1), 
  id=48, 329(1), 
  id=49, 329(1), 
  id=50, 329(1), 
  id=51, 329(1), 
  id=52, 329(1), 
  id=53, 329(1), 
  id=54, 329(1), 
  id=55, 329(1), 
  id=56, 329(1), 
  id=57, 329(1), 
  id=58, 329(1), 
  id=59, 329(1), 
  id=60, 329(1), 
  id=61, 329(1), 
  id=62, 329(1), 
  id=63, 329(1), 
  id=64, 329(1), 
  id=65, 329(1), 
  id=66, 329(1), 
  id=67, 329(1), 
  id=68, 329(1), 
  id=69, 329(1), 
  id=70, 329(1), 
  id=71, 329(1), 
  id=72, 329(1), 
  id=73, 329(1), 
  id=74, 329(1), 
  id=75, 329(1), 
  id=76, 329(1), 
  id=77, 329(1), 
  id=78, 329(1), 
  id=79, 329(1), 
  id=80, 329(1), 
  id=81, 329(1), 
  id=82, 329(1), 
  id=83, 329(1), 
  id=84, 329(1), 
  id=85, 329(1), 
  id=86, 329(1), 
  id=87, 329(1), 
  id=88, 329(1), 
  id=89, 329(1), 
  id=90, 329(1), 
  id=91, 329(1), 
  id=92, 329(1), 
  id=93, 329(1), 
  id=94, 329(1), 
  id=95, 329(1), 
  id=96, 329(1), 
  id=97, 329(1), 
  id=98, 329(1), 
  id=99, 329(1), 
  id=100, 329(1), 
  id=101, 329(1), 
  id=102, 329(1), 
  id=103, 329(1), 
  id=104, 329(1), 
d = 1
  id=105, 329(1), 
  id=106, 329(1), 
  id=107, 329(1), 
  id=108, 329(1), 
  id=109, 329(1), 
  id=110, 329(1), 
  id=111, 329(1), 
  id=112, 329(1), 
  id=113, 329(0.996357), 
  id=114, 329(1), 
  id=115, 329(1), 
  id=116, 329(1), 
  id=117, 329(1), 
  id=118, 329(1), 
  id=119, 329(1), 
  id=120, 329(1), 
  id=121, 329(0.996357), 
  id=122, 329(1), 
  id=123, 329(1), 
  id=124, 329(1), 
  id=125, 234(0.506966), 427(0.483473), 
  id=126, 329(1), 
  id=127, 329(1), 
  id=128, 329(1), 
  id=129, 329(1), 
  id=130, 329(1), 
  id=131, 329(1), 
  id=132, 329(0.506966), 427(0.483473), 
  id=133, 329(1), 
  id=134, 329(1), 
  id=135, 329(0.996357), 
  id=136, 329(0.996357), 
  id=137, 329(0.512883), 427(0.483473), 
  id=138, 329(0.510459), 427(0.479671), 
  id=139, 329(1), 
  id=140, 329(1), 
  id=141, 329(1), 
  id=142, 329(1), 
  id=143, 234(0.506966), 427(0.483473), 
  id=144, 329(1), 
  id=145, 329(0.512883), 427(0.483473), 
  id=146, 234(0.506966), 427(0.483473), 
  id=147, 329(1), 
  id=148, 234(0.506966), 427(0.483473), 
  id=149, 329(1), 
  id=150, 234(0.506966), 427(0.483473), 
  id=151, 329(1), 
  id=152, 329(1), 
  id=153, 329(0.516527), 427(0.483473), 
  id=154, 329(1), 
  id=155, 329(1), 
  id=156, 234(0.506966), 427(0.483473), 
  id=157, 329(1), 
  id=158, 329(1), 
  id=159, 329(0.516527), 427(0.483473), 
  id=160, 329(1), 
  id=161, 329(1), 
  id=162, 329(1), 
  id=163, 234(0.506966), 427(0.483473), 
  id=164, 329(0.516527), 427(0.483473), 
  id=165, 329(1), 
  id=166, 234(0.506966), 427(0.483473), 
  id=167, 329(1), 
  id=168, 234(0.510609), 427(0.47983), 
  id=169, 234(0.506966), 427(0.483473), 
  id=170, 329(1), 
  id=171, 329(1), 
  id=172, 329(1), 
  id=173, 234(0.506966), 427(0.483473), 
  id=174, 234(0.506966), 427(0.483473), 
  id=175, 234(0.506966), 427(0.483473), 
  id=176, 234(0.506966), 427(0.483473), 
  id=177, 329(0.512883), 427(0.483473), 
  id=178, 329(1), 
  id=179, 329(1), 
  id=180, 234(0.506966), 427(0.483473), 
  id=181, 234(0.506966), 427(0.483473), 
  id=182, 234(0.506966), 427(0.483473), 
  id=183, 329(1), 
  id=184, 329(1), 
  id=185, 234(0.510609), 427(0.483473), 
  id=186, 234(0.510609), 427(0.483473), 
  id=187, 234(0.510609), 427(0.47983), 
  id=188, 234(0.506966), 427(0.483473), 
  id=189, 234(0.510598), 427(0.483473), 
  id=190, 234(0.510609), 427(0.483473), 
  id=191, 234(0.510609), 427(0.483473), 
  id=192, 234(0.510609), 427(0.47983), 
  id=193, 329(1), 
  id=194, 234(0.506965), 427(0.483473), 
  id=195, 234(0.510609), 427(0.47983), 
  id=196, 234(0.510609), 427(0.47983), 
  id=197, 234(0.510609), 427(0.483469), 
  id=198, 234(0.510609), 427(0.483473), 
  id=199, 234(0.506966), 427(0.483473), 
  id=200, 234(0.510609), 427(0.483473), 
  id=201, 234(0.510609), 427(0.483473), 
  id=202, 234(0.510609), 427(0.483473), 
  id=203, 234(0.510609), 427(0.483473), 
  id=204, 234(0.510609), 427(0.47983), 
  id=205, 234(0.510566), 427(0.483473), 
  id=206, 234(0.510609), 427(0.47983), 
  id=207, 234(0.510609), 427(0.483473), 
  id=208, 234(0.510609), 427(0.47983), 
  id=209, 234(0.510609), 427(0.483445), 
  id=210, 234(0.510609), 427(0.483473), 
  id=211, 234(0.510608), 427(0.483473), 
  id=212, 234(0.510609), 427(0.47983), 
  id=213, 234(0.510609), 427(0.483473), 
  id=214, 234(0.510609), 427(0.47983), 
  id=215, 234(0.510609), 427(0.483473), 
  id=216, 234(0.510609), 427(0.483457), 
  id=217, 234(0.510609), 427(0.483442), 
  id=218, 234(0.510609), 427(0.483473), 
  id=219, 234(0.506965), 427(0.483473), 
  id=220, 234(0.510609), 427(0.483473), 
  id=221, 234(0.510609), 427(0.483473), 
  id=222, 234(0.510609), 427(0.483473), 
  id=223, 234(0.510609), 427(0.483473), 
  id=224, 234(0.510569), 427(0.483473), 
  id=225, 234(0.510571), 427(0.483473), 
  id=226, 234(0.510609), 427(0.483473), 
  id=227, 234(0.510609), 427(0.483473), 
  id=228, 234(0.510609), 427(0.483468), 
  id=229, 234(0.510609), 427(0.483473), 
  id=230, 234(0.510609), 427(0.483473), 
  id=231, 234(0.510608), 427(0.483473), 
  id=232, 234(0.510609), 427(0.483473), 
  id=233, 234(0.510609), 427(0.483473), 
  id=234, 234(0.510609), 427(0.483473), 
  id=235, 234(0.510609), 427(0.483473), 
  id=236, 234(0.510609), 427(0.483473), 
  id=237, 234(0.510609), 427(0.483473), 
  id=238, 234(0.510609), 427(0.483473), 
  id=239, 234(0.510609), 427(0.483473), 
  id=240, 234(0.510609), 427(0.483473), 
  id=241, 234(0.510609), 427(0.483472), 
  id=242, 234(0.510609), 427(0.483473), 
  id=243, 234(0.510609), 427(0.483473), 
  id=244, 234(0.510609), 427(0.483473), 
  id=245, 234(0.510609), 427(0.483473), 
  id=246, 234(0.510609), 427(0.483473), 
  id=247, 234(0.510609), 427(0.483473), 
  id=248, 234(0.510609), 427(0.48347), 
  id=249, 234(0.510609), 427(0.483473), 
  id=250, 234(0.510609), 427(0.483473), 
  id=251, 234(0.510609), 427(0.483471), 
  id=252, 234(0.510609), 427(0.483473), 
  id=253, 234(0.510609), 427(0.483473), 
  id=254, 234(0.510609), 427(0.483473), 
  id=255, 234(0.510609), 427(0.483473), 
  id=256, 234(0.510609), 427(0.483473), 
  id=257, 234(0.510609), 427(0.483473), 
  id=258, 234(0.510609), 427(0.483473), 
  id=259, 234(0.510609), 427(0.483473), 
  id=260, 234(0.510609), 427(0.483473), 
  id=261, 234(0.510609), 427(0.483473), 
  id=262, 234(0.510609), 427(0.483473), 
  id=263, 234(0.510609), 427(0.483473), 
  id=264, 234(0.510609), 427(0.483473), 
  id=265, 234(0.510609), 427(0.483473), 
  id=266, 234(0.510609), 427(0.483473), 
  id=267, 234(0.510609), 427(0.483473), 
  id=268, 234(0.510609), 427(0.483473), 
  id=269, 234(0.510609), 427(0.483473), 
  id=270, 234(0.510609), 427(0.483473), 
  id=271, 234(0.510609), 427(0.483473), 
  id=272, 234(0.510609), 427(0.483473), 
  id=273, 234(0.510609), 427(0.483473), 
  id=274, 234(0.510609), 427(0.483473), 
  id=275, 234(0.510609), 427(0.483473), 
  id=276, 234(0.510609), 427(0.483473), 
  id=277, 234(0.510609), 427(0.483473), 
  id=278, 234(0.510609), 427(0.483473), 
  id=279, 234(0.510609), 427(0.483473), 
  id=280, 234(0.510609), 427(0.483473), 
  id=281, 234(0.510609), 427(0.483473), 
  id=282, 234(0.510609), 427(0.483473), 
  id=283, 234(0.510609), 427(0.483473), 
  id=284, 234(0.510609), 427(0.483473), 
  id=285, 234(0.510609), 427(0.483473), 
  id=286, 234(0.510609), 427(0.483473), 
  id=287, 234(0.510609), 427(0.483473), 
  id=288, 234(0.510609), 427(0.483473), 
  id=289, 234(0.510609), 427(0.483473), 
  id=290, 234(0.510609), 427(0.483473), 
  id=291, 234(0.510609), 427(0.483473), 
  id=292, 234(0.510609), 427(0.483473), 
  id=293, 234(0.510609), 427(0.483473), 
  id=294, 234(0.510609), 427(0.483473), 
  id=295, 234(0.510609), 427(0.483473), 
  id=296, 234(0.510609), 427(0.483473), 
  id=297, 234(0.510609), 427(0.483473), 
  id=298, 234(0.510609), 427(0.483473), 
  id=299, 234(0.510609), 427(0.483473), 
  id=300, 234(0.510609), 427(0.483473), 
  id=301, 234(0.510609), 427(0.483473), 
  id=302, 234(0.510609), 427(0.483473), 
  id=303, 234(0.510609), 427(0.483473), 
  id=304, 234(0.510609), 427(0.483473), 
  id=305, 234(0.510609), 427(0.483473), 
  id=306, 234(0.510609), 427(0.483473), 
  id=307, 234(0.510609), 427(0.483473), 
  id=308, 234(0.510609), 427(0.483473), 
  id=309, 234(0.510609), 427(0.483473), 
  id=310, 234(0.510609), 427(0.483473), 
  id=311, 234(0.510609), 427(0.483473), 
  id=312, 234(0.510609), 427(0.483473), 
  id=313, 234(0.510609), 427(0.483473), 
  id=314, 234(0.510609), 427(0.483473), 
  id=315, 234(0.510609), 427(0.483473), 
d = 2
  id=316, 329(0.994729), 
  id=317, 329(0.994729), 
  id=318, 329(0.994729), 
  id=319, 329(0.994729), 
  id=320, 329(0.994729), 
  id=321, 329(0.994729), 
  id=322, 329(0.994729), 
  id=323, 329(0.994729), 
  id=324, 329(0.994729), 
  id=325, 329(0.994729), 
  id=326, 329(0.994729), 
  id=327, 329(0.994729), 
  id=328, 329(0.994729), 
  id=329, 329(0.994729), 
  id=330, 329(0.994729), 
  id=331, 329(0.994729), 
  id=332, 234(0.510609), 427(0.478202), 
  id=333, 234(0.510609), 427(0.478202), 
  id=334, 234(0.509883), 427(0.478202), 
  id=335, 234(0.510609), 427(0.478202), 
  id=336, 234(0.510609), 427(0.478202), 
  id=337, 234(0.510609), 427(0.478202), 
  id=338, 234(0.510609), 427(0.478202), 
  id=339, 234(0.510609), 427(0.478202), 
  id=340, 234(0.510609), 427(0.478202), 
  id=341, 234(0.510609), 427(0.478202), 
  id=342, 329(0.521798), 427(0.478202), 
  id=343, 234(0.510609), 427(0.478202), 
  id=344, 234(0.510609), 427(0.478202), 
  id=345, 234(0.510609), 427(0.478202), 
  id=346, 234(0.510609), 427(0.478202), 
  id=347, 234(0.510609), 427(0.478202), 
  id=348, 234(0.510609), 427(0.478202), 
  id=349, 234(0.510609), 427(0.478202), 
  id=350, 234(0.510609), 427(0.478202), 
  id=351, 234(0.510609), 427(0.478202), 
  id=352, 234(0.510609), 427(0.478202), 
  id=353, 234(0.510609), 427(0.478202), 
  id=354, 234(0.510609), 427(0.478202), 
  id=355, 234(0.510609), 427(0.478202), 
  id=356, 234(0.510609), 427(0.478202), 
  id=357, 234(0.510609), 427(0.478202), 
  id=358, 234(0.510609), 427(0.478202), 
  id=359, 234(0.510609), 427(0.478202), 
  id=360, 234(0.510609), 427(0.478202), 
  id=361, 234(0.510609), 427(0.478202), 
  id=362, 234(0.510609), 427(0.478202), 
  id=363, 234(0.510609), 427(0.478202), 
  id=364, 234(0.510609), 427(0.478202), 
  id=365, 234(0.510609), 427(0.478202), 
  id=366, 234(0.510609), 427(0.478202), 
  id=367, 234(0.510609), 427(0.478202), 
  id=368, 234(0.510609), 427(0.478202), 
  id=369, 234(0.510609), 427(0.478202), 
  id=370, 234(0.510609), 427(0.478202), 
  id=371, 234(0.510609), 427(0.478202), 
  id=372, 234(0.510609), 427(0.478202), 
  id=373, 234(0.510609), 427(0.478202), 
  id=374, 234(0.510609), 427(0.478202), 
d = 3
  id=375, 329(1), 
  id=376, 329(1), 
  id=377, 329(1), 
  id=378, 329(1), 
  id=379, 329(1), 
  id=380, 329(1), 
  id=381, 329(1), 
  id=382, 329(1), 
  id=383, 329(1), 
  id=384, 329(1), 
  id=385, 329(1), 
  id=386, 329(1), 
  id=387, 329(1), 
  id=388, 329(1), 
  id=389, 329(1), 
  id=390, 329(1), 
  id=391, 329(1), 
  id=392, 329(1), 
d = 4
  id=393, 329(1), 
  id=394, 329(1), 
  id=395, 329(1), 
  id=396, 329(1), 
  id=397, 329(1), 
  id=398, 329(1), 
  id=399, 329(1), 
  id=400, 329(1), 
  id=401, 329(1), 
  id=402, 329(1), 
  id=403, 329(1), 
  id=404, 329(1), 
  id=405, 329(1), 
  id=406, 329(1), 
  id=407, 329(1), 
  id=408, 329(1), 
  id=409, 329(1), 
  id=410, 329(1), 
  id=411, 329(1), 
d = 5
  id=412, 175(0.516507), 427(0.483473), 
  id=413, 175(0.516507), 427(0.483473), 
  id=414, 175(0.516507), 427(0.483473), 
  id=415, 175(0.516507), 427(0.483473), 
  id=416, 175(0.516507), 427(0.483473), 
  id=417, 175(0.516507), 427(0.483473), 
  id=418, 175(0.516507), 427(0.483473), 
  id=419, 175(0.516507), 427(0.483473), 
  id=420, 175(0.516507), 427(0.483473), 
  id=421, 175(0.516507), 427(0.483473), 
  id=422, 175(0.516507), 427(0.483473), 
  id=423, 175(0.516507), 427(0.483473), 
  id=424, 175(0.516507), 427(0.483473), 
  id=425, 175(0.516507), 427(0.483473), 
  id=426, 175(0.516507), 427(0.483473), 
  id=427, 175(0.516507), 427(0.483473), 
  id=428, 175(0.516507), 427(0.483473), 
  id=429, 175(0.516507), 427(0.483473), 
  id=430, 175(0.516507), 427(0.483473), 
  id=431, 175(0.516507), 427(0.483473), 
  id=432, 175(0.516507), 427(0.483473), 
  id=433, 175(0.516507), 427(0.483473), 
  id=434, 175(0.516507), 427(0.483473), 
  id=435, 175(0.516507), 427(0.483473), 
  id=436, 175(0.516507), 427(0.483473), 
  id=437, 175(0.516507), 427(0.483473), 
  id=438, 175(0.516507), 427(0.483473), 
  id=439, 175(0.516507), 427(0.483473), 
