d = 0
  id=0, 329(1), 
  id=1, 329(1), 
  id=2, 329(1), 
  id=3, 329(1), 
  id=4, 329(1), 
  id=5, 329(1), 
  id=6, 329(1), 
  id=7, 329(1), 
  id=8, 329(1), 
  id=9, 329(1), 
  id=10, 329(1), 
  id=11, 329(1), 
  id=12, 329(1), 
  id=13, 329(1), 
  id=14, 329(1), 
  id=15, 329(1), 
  id=16, 329(1), 
  id=17, 329(1), 
  id=18, 329(1), 
  id=19, 329(1), 
  id=20, 329(1), 
  id=21, 329(1), 
  id=22, 329(1), 
  id=23, 329(1), 
  id=24, 329(1), 
  id=25, 329(1), 
  id=26, 329(1), 
  id=27, 329(1), 
  id=28, 329(1), 
  id=29, 329(1), 
  id=30, 329(1), 
  id=31, 329(1), 
  id=32, 329(1), 
  id=33, 329(1), 
  id=34, 329(1), 
  id=35, 329(1), 
  id=36, 329(1), 
  id=37, 329(1), 
  id=38, 329(1), 
  id=39, 329(1), 
  id=40, 329(1), 
  id=41, 329(1), 
  id=42, 329(1), 
  id=43, 329(1), 
  id=44, 329(1), 
  id=45, 329(1), 
  id=46, 329(1), 
  id=47, 329(1), 
  id=48, 329(1), 
  id=49, 329(1), 
  id=50, 329(1), 
  id=51, 329(1), 
  id=52, 329(1), 
  id=53, 329(1), 
  id=54, 329(1), 
  id=55, 329(1), 
  id=56, 329(1), 
  id=57, 329(1), 
  id=58, 329(1), 
  id=59, 329(1), 
  id=60, 329(1), 
  id=61, 329(1), 
  id=62, 329(1), 
  id=63, 329(1), 
  id=64, 329(1), 
  id=65, 329(1), 
  id=66, 329(1), 
  id=67, 329(1), 
  id=68, 329(1), 
  id=69, 329(1), 
  id=70, 329(1), 
  id=71, 329(1), 
  id=72, 329(1), 
  id=73, 329(1), 
  id=74, 329(1), 
  id=75, 329(1), 
  id=76, 329(1), 
  id=77, 329(1), 
  id=78, 329(1), 
  id=79, 329(1), 
  id=80, 329(1), 
  id=81, 329(1), 
  id=82, 329(1), 
  id=83, 329(1), 
  id=84, 329(0.999505), 
  id=85, 329(1), 
  id=86, 228(0.21651), 329(0.0423198), 427(0.731476), 
  id=87, 224(0.0413487), 228(0.21651), 427(0.731476), 
  id=88, 329(1), 
  id=89, 224(0.0412231), 228(0.216413), 427(0.731381), 
  id=90, 228(0.21651), 329(0.783489), 
  id=91, 228(0.21651), 329(0.0520143), 427(0.731476), 
  id=92, 329(0.268515), 427(0.731476), 
  id=93, 224(0.0413487), 228(0.21651), 329(0.742035), 
  id=94, 224(0.0412385), 228(0.216426), 427(0.73138), 
  id=95, 228(0.21651), 329(0.0464477), 427(0.731476), 
  id=96, 224(0.0411241), 228(0.216318), 427(0.731254), 
  id=97, 224(0.0413487), 228(0.216521), 427(0.73149), 
  id=98, 224(0.0412147), 228(0.216412), 427(0.731354), 
  id=99, 224(0.0413157), 228(0.216503), 427(0.731472), 
  id=100, 224(0.0413198), 228(0.216507), 427(0.731472), 
  id=101, 224(0.041246), 228(0.216438), 427(0.731394), 
  id=102, 224(0.0411545), 228(0.216346), 427(0.731289), 
  id=103, 224(0.041163), 228(0.21635), 427(0.731302), 
  id=104, 224(0.0413229), 228(0.216508), 427(0.731474), 
d = 1
  id=105, 329(1), 
  id=106, 329(1), 
  id=107, 329(1), 
  id=108, 329(1), 
  id=109, 329(1), 
  id=110, 329(1), 
  id=111, 329(1), 
  id=112, 329(1), 
  id=113, 329(1), 
  id=114, 329(1), 
  id=115, 329(1), 
  id=116, 329(1), 
  id=117, 329(1), 
  id=118, 329(1), 
  id=119, 329(1), 
  id=120, 329(1), 
  id=121, 329(1), 
  id=122, 329(1), 
  id=123, 329(1), 
  id=124, 329(1), 
  id=125, 224(0.0415208), 228(0.21651), 427(0.731476), 
  id=126, 329(1), 
  id=127, 329(1), 
  id=128, 329(1), 
  id=129, 329(1), 
  id=130, 329(1), 
  id=131, 329(1), 
  id=132, 224(0.0415208), 228(0.21651), 427(0.731476), 
  id=133, 329(1), 
  id=134, 329(1), 
  id=135, 329(1), 
  id=136, 329(1), 
  id=137, 329(0.268518), 427(0.731476), 
  id=138, 224(0.0415208), 228(0.21651), 427(0.731476), 
  id=139, 329(1), 
  id=140, 329(1), 
  id=141, 329(1), 
  id=142, 329(1), 
  id=143, 224(0.0415208), 228(0.216195), 427(0.731476), 
  id=144, 329(1), 
  id=145, 329(0.263282), 427(0.731476), 
  id=146, 224(0.0415208), 228(0.21651), 427(0.731476), 
  id=147, 329(1), 
  id=148, 224(0.0415208), 228(0.216195), 427(0.731476), 
  id=149, 329(1), 
  id=150, 224(0.0415207), 228(0.21651), 427(0.731476), 
  id=151, 329(1), 
  id=152, 329(1), 
  id=153, 329(0.268524), 427(0.731476), 
  id=154, 329(1), 
  id=155, 329(1), 
  id=156, 224(0.0415208), 228(0.21651), 427(0.731476), 
  id=157, 329(1), 
  id=158, 329(1), 
  id=159, 329(0.268524), 427(0.731476), 
  id=160, 329(1), 
  id=161, 329(1), 
  id=162, 329(1), 
  id=163, 224(0.0415208), 228(0.21651), 427(0.731476), 
  id=164, 329(0.268524), 427(0.731476), 
  id=165, 329(1), 
  id=166, 224(0.0415208), 228(0.21651), 427(0.731476), 
  id=167, 329(1), 
  id=168, 224(0.0415208), 228(0.216195), 427(0.731476), 
  id=169, 224(0.0415208), 228(0.21651), 427(0.731476), 
  id=170, 329(1), 
  id=171, 329(1), 
  id=172, 329(1), 
  id=173, 224(0.0415208), 228(0.216195), 427(0.731476), 
  id=174, 224(0.0415208), 228(0.216195), 427(0.731476), 
  id=175, 224(0.0415208), 228(0.216195), 427(0.731476), 
  id=176, 224(0.0415208), 228(0.21651), 427(0.731476), 
  id=177, 329(1), 
  id=178, 329(1), 
  id=179, 329(1), 
  id=180, 224(0.0412056), 228(0.21651), 427(0.731476), 
  id=181, 224(0.0415208), 228(0.21651), 427(0.731476), 
  id=182, 224(0.0415208), 228(0.216195), 427(0.731476), 
  id=183, 329(1), 
  id=184, 329(1), 
  id=185, 224(0.0412056), 228(0.21651), 427(0.731476), 
  id=186, 224(0.0412055), 228(0.21651), 427(0.731476), 
  id=187, 224(0.0415208), 228(0.216195), 427(0.731476), 
  id=188, 224(0.0412055), 228(0.21651), 427(0.731476), 
  id=189, 224(0.0415208), 228(0.216195), 427(0.731476), 
  id=190, 224(0.0415208), 228(0.21651), 427(0.731476), 
  id=191, 224(0.039212), 228(0.216437), 427(0.731387), 
  id=192, 224(0.0415208), 228(0.216195), 427(0.731476), 
  id=193, 329(1), 
  id=194, 224(0.0415208), 228(0.21651), 427(0.731476), 
  id=195, 224(0.0415208), 228(0.216195), 427(0.731476), 
  id=196, 224(0.0415208), 228(0.21651), 427(0.731476), 
  id=197, 224(0.0415208), 228(0.216195), 427(0.731476), 
  id=198, 224(0.0412055), 228(0.21651), 427(0.731476), 
  id=199, 224(0.0415208), 228(0.21651), 427(0.731476), 
  id=200, 224(0.0415187), 228(0.216478), 427(0.731473), 
  id=201, 224(0.0415208), 228(0.216195), 427(0.731476), 
  id=202, 224(0.0412057), 228(0.21651), 427(0.731476), 
  id=203, 224(0.0412056), 228(0.21651), 427(0.731476), 
  id=204, 224(0.0415208), 228(0.216195), 427(0.731476), 
  id=205, 224(0.0415208), 228(0.21651), 427(0.731476), 
  id=206, 224(0.0415208), 228(0.21651), 427(0.731161), 
  id=207, 224(0.0415208), 228(0.21651), 427(0.731476), 
  id=208, 224(0.0415208), 228(0.216195), 427(0.731476), 
  id=209, 224(0.0415208), 228(0.21651), 427(0.731161), 
  id=210, 224(0.0415207), 228(0.21651), 427(0.731476), 
  id=211, 224(0.0415208), 228(0.21651), 427(0.731476), 
  id=212, 224(0.0415208), 228(0.216195), 427(0.731476), 
  id=213, 224(0.0412056), 228(0.21651), 427(0.731476), 
  id=214, 224(0.0415208), 228(0.21651), 427(0.731476), 
  id=215, 224(0.0415208), 228(0.21651), 427(0.731476), 
  id=216, 224(0.0415208), 228(0.21651), 427(0.731476), 
  id=217, 224(0.0415208), 228(0.21651), 427(0.731161), 
  id=218, 224(0.0412055), 228(0.21651), 427(0.731476), 
  id=219, 224(0.0415208), 228(0.21651), 427(0.731476), 
  id=220, 224(0.0415208), 228(0.21651), 427(0.731161), 
  id=221, 224(0.0415208), 228(0.21651), 427(0.731476), 
  id=222, 224(0.0412056), 228(0.21651), 427(0.731476), 
  id=223, 224(0.0412056), 228(0.21651), 427(0.731476), 
  id=224, 224(0.0415208), 228(0.21651), 427(0.731476), 
  id=225, 224(0.0415208), 228(0.21651), 427(0.731161), 
  id=226, 224(0.0412056), 228(0.21651), 427(0.731476), 
  id=227, 224(0.0412056), 228(0.21651), 427(0.731476), 
  id=228, 224(0.0412056), 228(0.21651), 427(0.731476), 
  id=229, 224(0.0412056), 228(0.21651), 427(0.731476), 
  id=230, 224(0.0412056), 228(0.21651), 427(0.731476), 
  id=231, 224(0.0415208), 228(0.21651), 427(0.731476), 
  id=232, 224(0.0415208), 228(0.216195), 427(0.731476), 
  id=233, 224(0.0415208), 228(0.216195), 427(0.731476), 
  id=234, 224(0.0415208), 228(0.21651), 427(0.731476), 
  id=235, 224(0.0412056), 228(0.21651), 427(0.731476), 
  id=236, 224(0.0415208), 228(0.21651), 427(0.731476), 
  id=237, 224(0.0415208), 228(0.21651), 427(0.731161), 
  id=238, 224(0.0412055), 228(0.21651), 427(0.731476), 
  id=239, 224(0.0415208), 228(0.216195), 427(0.731476), 
  id=240, 224(0.0415208), 228(0.216195), 427(0.731476), 
  id=241, 224(0.0415208), 228(0.21651), 427(0.731161), 
  id=242, 224(0.0415208), 228(0.216195), 427(0.731476), 
  id=243, 224(0.0415208), 228(0.21651), 427(0.731161), 
  id=244, 224(0.0415208), 228(0.21651), 427(0.731161), 
  id=245, 224(0.0415207), 228(0.21651), 427(0.731476), 
  id=246, 224(0.0415208), 228(0.21651), 427(0.731161), 
  id=247, 224(0.0415208), 228(0.216195), 427(0.731476), 
  id=248, 224(0.0412056), 228(0.21651), 427(0.731476), 
  id=249, 224(0.0415208), 228(0.21651), 427(0.731476), 
  id=250, 224(0.0412056), 228(0.21651), 427(0.731476), 
  id=251, 224(0.0415208), 228(0.21651), 427(0.731476), 
  id=252, 224(0.0415208), 228(0.21651), 427(0.731476), 
  id=253, 224(0.0415208), 228(0.21651), 427(0.731476), 
  id=254, 224(0.0415208), 228(0.21651), 427(0.731476), 
  id=255, 224(0.0415208), 228(0.21651), 427(0.731161), 
  id=256, 224(0.0415208), 228(0.21651), 427(0.731161), 
  id=257, 224(0.0415208), 228(0.21651), 427(0.731161), 
  id=258, 224(0.0415208), 228(0.21651), 427(0.731476), 
  id=259, 224(0.0412056), 228(0.21651), 427(0.731476), 
  id=260, 224(0.0415208), 228(0.21651), 427(0.731161), 
  id=261, 224(0.0415208), 228(0.21651), 427(0.731161), 
  id=262, 224(0.0415208), 228(0.21651), 427(0.731476), 
  id=263, 224(0.0415208), 228(0.21651), 427(0.731476), 
  id=264, 224(0.0412056), 228(0.21651), 427(0.731476), 
  id=265, 224(0.0415209), 228(0.21651), 427(0.731476), 
  id=266, 224(0.0412057), 228(0.21651), 427(0.731476), 
  id=267, 224(0.0415208), 228(0.21651), 427(0.731161), 
  id=268, 224(0.0415208), 228(0.21651), 427(0.731476), 
  id=269, 224(0.0415208), 228(0.21651), 427(0.731161), 
  id=270, 224(0.0415208), 228(0.21651), 427(0.731161), 
  id=271, 224(0.0415208), 228(0.21651), 427(0.731476), 
  id=272, 224(0.0415208), 228(0.21651), 427(0.731476), 
  id=273, 224(0.0415207), 228(0.21651), 427(0.731476), 
  id=274, 224(0.0415208), 228(0.21651), 427(0.731476), 
  id=275, 224(0.0415208), 228(0.21651), 427(0.731161), 
  id=276, 224(0.0415208), 228(0.21651), 427(0.731476), 
  id=277, 224(0.0415208), 228(0.21651), 427(0.731161), 
  id=278, 224(0.0415207), 228(0.21651), 427(0.731476), 
  id=279, 224(0.0415208), 228(0.21651), 427(0.731161), 
  id=280, 224(0.0415208), 228(0.21651), 427(0.731161), 
  id=281, 224(0.0415208), 228(0.21651), 427(0.731161), 
  id=282, 224(0.0415208), 228(0.21651), 427(0.731161), 
  id=283, 224(0.0415208), 228(0.21651), 427(0.731476), 
  id=284, 224(0.0415208), 228(0.21651), 427(0.731161), 
  id=285, 224(0.0415208), 228(0.21651), 427(0.731161), 
  id=286, 224(0.0415208), 228(0.21651), 427(0.731476), 
  id=287, 224(0.0415208), 228(0.21651), 427(0.731476), 
  id=288, 224(0.0415208), 228(0.21651), 427(0.731161), 
  id=289, 224(0.0415208), 228(0.21651), 427(0.731161), 
  id=290, 224(0.0415208), 228(0.21651), 427(0.731476), 
  id=291, 224(0.0415208), 228(0.21651), 427(0.731161), 
  id=292, 224(0.0415208), 228(0.21651), 427(0.731161), 
  id=293, 224(0.0415208), 228(0.21651), 427(0.731476), 
  id=294, 224(0.0412056), 228(0.21651), 427(0.731476), 
  id=295, 224(0.0415208), 228(0.21651), 427(0.731161), 
  id=296, 224(0.0415208), 228(0.21651), 427(0.731161), 
  id=297, 224(0.0415207), 228(0.21651), 427(0.731476), 
  id=298, 224(0.0415208), 228(0.21651), 427(0.731476), 
  id=299, 224(0.0415208), 228(0.21651), 427(0.731476), 
  id=300, 224(0.0415208), 228(0.21651), 427(0.731161), 
  id=301, 224(0.0415208), 228(0.21651), 427(0.731161), 
  id=302, 224(0.0415208), 228(0.21651), 427(0.731161), 
  id=303, 224(0.0415208), 228(0.21651), 427(0.731476), 
  id=304, 224(0.0415208), 228(0.21651), 427(0.731161), 
  id=305, 224(0.0415208), 228(0.21651), 427(0.731161), 
  id=306, 224(0.0415208), 228(0.21651), 427(0.731161), 
  id=307, 224(0.0415208), 228(0.21651), 427(0.731161), 
  id=308, 224(0.0415208), 228(0.21651), 427(0.731161), 
  id=309, 224(0.0415208), 228(0.21651), 427(0.731161), 
  id=310, 224(0.0415208), 228(0.21651), 427(0.731161), 
  id=311, 224(0.0415208), 228(0.21651), 427(0.731161), 
  id=312, 224(0.0415208), 228(0.21651), 427(0.731161), 
  id=313, 224(0.0415208), 228(0.21651), 427(0.731476), 
  id=314, 224(0.0415208), 228(0.21651), 427(0.731161), 
  id=315, 224(0.0415208), 228(0.21651), 427(0.731161), 
d = 2
  id=316, 329(1), 
  id=317, 329(1), 
  id=318, 329(1), 
  id=319, 329(1), 
  id=320, 329(1), 
  id=321, 329(1), 
  id=322, 329(1), 
  id=323, 329(1), 
  id=324, 329(1), 
  id=325, 329(1), 
  id=326, 329(1), 
  id=327, 329(1), 
  id=328, 329(1), 
  id=329, 329(1), 
  id=330, 329(1), 
  id=331, 329(1), 
  id=332, 224(0.0415208), 228(0.216493), 427(0.731448), 
  id=333, 224(0.0415208), 228(0.216493), 427(0.731448), 
  id=334, 224(0.0415207), 228(0.216493), 427(0.731448), 
  id=335, 224(0.0415208), 228(0.216259), 427(0.731448), 
  id=336, 224(0.0415208), 228(0.216259), 427(0.731448), 
  id=337, 224(0.0415208), 228(0.216493), 427(0.731214), 
  id=338, 224(0.0415208), 228(0.216259), 427(0.731448), 
  id=339, 224(0.0415208), 228(0.216493), 427(0.731448), 
  id=340, 224(0.0412874), 228(0.216493), 427(0.731448), 
  id=341, 224(0.0415208), 228(0.216493), 427(0.731214), 
  id=342, 228(0.216493), 329(0.0466518), 427(0.731448), 
  id=343, 224(0.0412873), 228(0.216493), 427(0.731448), 
  id=344, 224(0.0415208), 228(0.216493), 427(0.731448), 
  id=345, 224(0.0415208), 228(0.216493), 427(0.731448), 
  id=346, 224(0.0414619), 228(0.216428), 427(0.730367), 
  id=347, 224(0.0412874), 228(0.216493), 427(0.731448), 
  id=348, 224(0.0415208), 228(0.216259), 427(0.731448), 
  id=349, 224(0.0415223), 228(0.216493), 427(0.731447), 
  id=350, 224(0.0415207), 228(0.216493), 427(0.731448), 
  id=351, 224(0.0412874), 228(0.216493), 427(0.731448), 
  id=352, 224(0.0415207), 228(0.216493), 427(0.731214), 
  id=353, 224(0.0415208), 228(0.216493), 427(0.731448), 
  id=354, 224(0.0415208), 228(0.216259), 427(0.731448), 
  id=355, 224(0.0415208), 228(0.216259), 427(0.731448), 
  id=356, 224(0.0415208), 228(0.216493), 427(0.731214), 
  id=357, 224(0.0412875), 228(0.216493), 427(0.731448), 
  id=358, 224(0.0415208), 228(0.216493), 427(0.731214), 
  id=359, 224(0.0415208), 228(0.216493), 427(0.731448), 
  id=360, 224(0.0415208), 228(0.216493), 427(0.731214), 
  id=361, 224(0.0415208), 228(0.216493), 427(0.731214), 
  id=362, 224(0.0415208), 228(0.216493), 427(0.731448), 
  id=363, 224(0.0412873), 228(0.216493), 427(0.731448), 
  id=364, 224(0.0415207), 228(0.216493), 427(0.731448), 
  id=365, 224(0.0415208), 228(0.216493), 427(0.731214), 
  id=366, 224(0.0415208), 228(0.216493), 427(0.731214), 
  id=367, 224(0.0415208), 228(0.216493), 427(0.731448), 
  id=368, 224(0.0415208), 228(0.216493), 427(0.731214), 
  id=369, 224(0.0415208), 228(0.216493), 427(0.731214), 
  id=370, 224(0.0415208), 228(0.216493), 427(0.731214), 
  id=371, 224(0.0415209), 228(0.216493), 427(0.731448), 
  id=372, 224(0.0415208), 228(0.216493), 427(0.731214), 
  id=373, 224(0.0415208), 228(0.216493), 427(0.731214), 
  id=374, 224(0.0415208), 228(0.216493), 427(0.731214), 
d = 3
  id=375, 329(1), 
  id=376, 329(1), 
  id=377, 329(1), 
  id=378, 329(1), 
  id=379, 329(1), 
  id=380, 329(1), 
  id=381, 329(1), 
  id=382, 329(1), 
  id=383, 329(1), 
  id=384, 329(1), 
  id=385, 329(1), 
  id=386, 329(1), 
  id=387, 329(1), 
  id=388, 329(1), 
  id=389, 329(1), 
  id=390, 329(1), 
  id=391, 329(1), 
  id=392, 329(1), 
d = 4
  id=393, 329(1), 
  id=394, 329(1), 
  id=395, 329(1), 
  id=396, 329(1), 
  id=397, 329(1), 
  id=398, 329(1), 
  id=399, 329(1), 
  id=400, 329(1), 
  id=401, 329(1), 
  id=402, 329(1), 
  id=403, 329(1), 
  id=404, 329(1), 
  id=405, 329(1), 
  id=406, 329(1), 
  id=407, 329(1), 
  id=408, 329(1), 
  id=409, 329(1), 
  id=410, 329(1), 
  id=411, 329(1), 
d = 5
  id=412, 224(0.0414291), 228(0.21641), 427(0.731476), 
  id=413, 228(0.0521035), 329(0.216409), 427(0.731476), 
  id=414, 228(0.0521151), 329(0.216409), 427(0.731476), 
  id=415, 224(0.0414292), 228(0.21641), 427(0.731476), 
  id=416, 228(0.0521151), 329(0.216409), 427(0.731476), 
  id=417, 224(0.0414291), 329(0.216409), 427(0.731476), 
  id=418, 224(0.0414291), 228(0.21641), 427(0.731476), 
  id=419, 224(0.0414291), 228(0.21641), 427(0.731476), 
  id=420, 224(0.0414292), 228(0.21641), 427(0.731476), 
  id=421, 224(0.0414291), 228(0.21641), 427(0.731476), 
  id=422, 224(0.0414291), 228(0.21641), 427(0.731476), 
  id=423, 224(0.0414305), 228(0.216411), 427(0.731368), 
  id=424, 224(0.0414281), 228(0.21641), 427(0.731476), 
  id=425, 224(0.0414292), 228(0.21641), 427(0.731476), 
  id=426, 228(0.21641), 329(0.0521141), 427(0.731476), 
  id=427, 224(0.0414281), 228(0.21641), 427(0.731476), 
  id=428, 224(0.0414282), 228(0.21641), 427(0.731476), 
  id=429, 224(0.0414291), 228(0.21641), 427(0.731476), 
  id=430, 224(0.0414292), 228(0.216409), 427(0.731476), 
  id=431, 224(0.0414292), 228(0.21641), 427(0.731476), 
  id=432, 224(0.0414291), 228(0.21641), 427(0.731476), 
  id=433, 224(0.0414291), 228(0.21641), 427(0.731476), 
  id=434, 224(0.0414291), 228(0.21641), 427(0.731476), 
  id=435, 224(0.0414291), 228(0.21641), 427(0.731476), 
  id=436, 224(0.0414291), 228(0.21641), 427(0.731476), 
  id=437, 224(0.0414291), 228(0.21641), 427(0.731476), 
  id=438, 224(0.0414291), 228(0.21641), 427(0.731476), 
  id=439, 224(0.0414291), 228(0.21641), 427(0.731476), 
