d = 0
  id=0, 329(1), 
  id=1, 329(1), 
  id=2, 329(1), 
  id=3, 329(1), 
  id=4, 329(1), 
  id=5, 329(1), 
  id=6, 329(1), 
  id=7, 329(1), 
  id=8, 329(1), 
  id=9, 329(1), 
  id=10, 329(1), 
  id=11, 329(1), 
  id=12, 329(1), 
  id=13, 329(1), 
  id=14, 329(1), 
  id=15, 329(1), 
  id=16, 329(1), 
  id=17, 329(1), 
  id=18, 329(1), 
  id=19, 329(1), 
  id=20, 329(1), 
  id=21, 329(1), 
  id=22, 329(1), 
  id=23, 329(1), 
  id=24, 329(1), 
  id=25, 329(1), 
  id=26, 329(1), 
  id=27, 329(1), 
  id=28, 329(1), 
  id=29, 329(1), 
  id=30, 329(1), 
  id=31, 329(1), 
  id=32, 329(1), 
  id=33, 329(1), 
  id=34, 329(1), 
  id=35, 329(1), 
  id=36, 329(1), 
  id=37, 329(1), 
  id=38, 329(1), 
  id=39, 329(1), 
  id=40, 329(1), 
  id=41, 329(1), 
  id=42, 329(1), 
  id=43, 329(1), 
  id=44, 329(1), 
  id=45, 329(1), 
  id=46, 329(1), 
  id=47, 329(1), 
  id=48, 329(1), 
  id=49, 329(1), 
  id=50, 329(1), 
  id=51, 329(1), 
  id=52, 329(1), 
  id=53, 329(1), 
  id=54, 329(1), 
  id=55, 329(1), 
  id=56, 329(1), 
  id=57, 329(1), 
  id=58, 329(1), 
  id=59, 329(1), 
  id=60, 329(1), 
  id=61, 329(1), 
  id=62, 329(1), 
  id=63, 329(1), 
  id=64, 329(1), 
  id=65, 329(1), 
  id=66, 329(1), 
  id=67, 329(1), 
  id=68, 329(1), 
  id=69, 329(1), 
  id=70, 329(1), 
  id=71, 329(1), 
  id=72, 329(1), 
  id=73, 329(1), 
  id=74, 329(1), 
  id=75, 329(1), 
  id=76, 329(1), 
  id=77, 329(1), 
  id=78, 329(1), 
  id=79, 329(1), 
  id=80, 329(1), 
  id=81, 329(1), 
  id=82, 329(1), 
  id=83, 329(1), 
  id=84, 329(1), 
  id=85, 329(1), 
  id=86, 329(1), 
  id=87, 329(1), 
  id=88, 329(1), 
  id=89, 329(1), 
  id=90, 329(1), 
  id=91, 329(1), 
  id=92, 329(1), 
  id=93, 329(1), 
  id=94, 329(1), 
  id=95, 329(1), 
  id=96, 329(1), 
  id=97, 329(1), 
  id=98, 329(1), 
  id=99, 329(1), 
  id=100, 329(1), 
  id=101, 329(1), 
  id=102, 329(1), 
  id=103, 329(1), 
  id=104, 329(1), 
d = 1
  id=105, 329(0.999877), 
  id=106, 329(0.999885), 
  id=107, 329(0.999879), 
  id=108, 329(0.999877), 
  id=109, 329(0.999879), 
  id=110, 329(0.999877), 
  id=111, 329(0.999875), 
  id=112, 329(0.999877), 
  id=113, 196(0.731629), 329(0.268256), 
  id=114, 329(0.999871), 
  id=115, 329(0.999876), 
  id=116, 329(0.999884), 
  id=117, 329(0.999875), 
  id=118, 329(0.999875), 
  id=119, 329(0.999876), 
  id=120, 329(0.999876), 
  id=121, 329(0.999832), 
  id=122, 329(0.999868), 
  id=123, 329(0.999872), 
  id=124, 329(0.999883), 
  id=125, 196(0.731629), 207(0.0131861), 234(0.237154), 427(0.0121139), 
  id=126, 329(0.999814), 
  id=127, 329(0.999877), 
  id=128, 329(0.999879), 
  id=129, 329(0.999881), 
  id=130, 329(0.999879), 
  id=131, 329(0.999873), 
  id=132, 196(0.731629), 329(0.25037), 427(0.0121138), 
  id=133, 329(0.999877), 
  id=134, 329(0.999877), 
  id=135, 196(0.731629), 207(0.013186), 329(0.25507), 
  id=136, 329(0.999877), 
  id=137, 196(0.731629), 207(0.013186), 329(0.237184), 427(0.0121138), 
  id=138, 196(0.731629), 207(0.0131859), 234(0.237153), 427(0.0121138), 
  id=139, 329(0.999881), 
  id=140, 329(0.999877), 
  id=141, 329(0.999875), 
  id=142, 329(0.999877), 
  id=143, 196(0.731628), 207(0.0131859), 234(0.237153), 427(0.0121137), 
  id=144, 329(0.999868), 
  id=145, 196(0.731629), 207(0.013186), 329(0.242958), 427(0.0121138), 
  id=146, 196(0.731629), 207(0.013154), 234(0.237153), 427(0.0121138), 
  id=147, 329(0.999877), 
  id=148, 196(0.731631), 207(0.0131882), 234(0.237156), 427(0.012116), 
  id=149, 329(0.999877), 
  id=150, 196(0.731629), 207(0.0131864), 234(0.237154), 427(0.0121143), 
  id=151, 329(0.99987), 
  id=152, 329(0.999808), 
  id=153, 329(0.987773), 427(0.0121138), 
  id=154, 329(0.999877), 
  id=155, 329(0.999878), 
  id=156, 196(0.731629), 207(0.0131867), 234(0.237154), 427(0.0121145), 
  id=157, 329(0.999878), 
  id=158, 329(0.999862), 
  id=159, 329(0.987773), 427(0.0121138), 
  id=160, 329(0.999877), 
  id=161, 329(0.999822), 
  id=162, 329(0.99976), 
  id=163, 196(0.731629), 207(0.0131489), 234(0.237154), 427(0.0121138), 
  id=164, 329(0.987708), 427(0.0121138), 
  id=165, 329(0.999856), 
  id=166, 196(0.731628), 207(0.0131854), 234(0.237153), 427(0.0121132), 
  id=167, 329(0.999866), 
  id=168, 196(0.731631), 207(0.0131882), 234(0.237156), 427(0.012116), 
  id=169, 196(0.731628), 207(0.0131857), 234(0.237153), 427(0.0121136), 
  id=170, 329(0.999756), 
  id=171, 329(0.999877), 
  id=172, 329(0.999808), 
  id=173, 196(0.731628), 207(0.0131856), 234(0.237153), 427(0.0121134), 
  id=174, 196(0.731629), 207(0.013186), 234(0.237145), 427(0.0121138), 
  id=175, 196(0.731629), 207(0.0131864), 234(0.237154), 427(0.0121142), 
  id=176, 196(0.731629), 207(0.0131862), 234(0.237154), 427(0.012114), 
  id=177, 329(0.987746), 427(0.0121138), 
  id=178, 329(0.999851), 
  id=179, 329(0.999853), 
  id=180, 196(0.731629), 207(0.013186), 234(0.237121), 427(0.0121138), 
  id=181, 196(0.731629), 207(0.013186), 234(0.237095), 427(0.0121138), 
  id=182, 196(0.731629), 207(0.013186), 234(0.237095), 427(0.0121138), 
  id=183, 329(0.99986), 
  id=184, 329(0.999801), 
  id=185, 196(0.731629), 207(0.0131864), 234(0.237154), 427(0.0121142), 
  id=186, 196(0.731628), 207(0.0131852), 234(0.237153), 427(0.012113), 
  id=187, 196(0.731628), 207(0.0131858), 234(0.237153), 427(0.0121136), 
  id=188, 196(0.731629), 207(0.013186), 234(0.237095), 427(0.0121138), 
  id=189, 196(0.731628), 207(0.0131857), 234(0.237153), 427(0.0121135), 
  id=190, 196(0.731629), 207(0.013186), 234(0.237154), 427(0.0121138), 
  id=191, 196(0.731629), 207(0.013186), 234(0.237095), 427(0.0121138), 
  id=192, 196(0.731629), 207(0.0131862), 234(0.237154), 427(0.012114), 
  id=193, 196(0.731629), 207(0.013186), 329(0.249209), 
  id=194, 196(0.731628), 207(0.0131855), 234(0.237153), 427(0.0121133), 
  id=195, 196(0.731629), 207(0.013186), 234(0.237154), 427(0.0120554), 
  id=196, 196(0.731628), 207(0.0131856), 234(0.237153), 427(0.0121134), 
  id=197, 196(0.731629), 207(0.0131862), 234(0.237154), 427(0.012114), 
  id=198, 196(0.731629), 207(0.0131859), 234(0.237153), 427(0.0121137), 
  id=199, 196(0.731628), 207(0.0131856), 234(0.237153), 427(0.0121134), 
  id=200, 196(0.731629), 207(0.013186), 234(0.237154), 427(0.0121138), 
  id=201, 196(0.731629), 207(0.0131864), 234(0.237154), 427(0.0121142), 
  id=202, 196(0.731628), 207(0.0131856), 234(0.237153), 427(0.0121134), 
  id=203, 196(0.731628), 207(0.0131859), 234(0.237153), 427(0.0121137), 
  id=204, 196(0.731629), 207(0.0131862), 234(0.237154), 427(0.012114), 
  id=205, 196(0.731628), 207(0.0131857), 234(0.237153), 427(0.0121135), 
  id=206, 196(0.731629), 207(0.0131861), 234(0.237154), 427(0.0121139), 
  id=207, 196(0.731629), 207(0.0131863), 234(0.237154), 427(0.0121141), 
  id=208, 196(0.731629), 207(0.0131862), 234(0.237154), 427(0.012114), 
  id=209, 196(0.731629), 207(0.0131862), 234(0.237154), 427(0.012114), 
  id=210, 196(0.731629), 207(0.013186), 234(0.237154), 427(0.0121138), 
  id=211, 196(0.731629), 207(0.013186), 234(0.237154), 427(0.0120554), 
  id=212, 196(0.731629), 207(0.0131866), 234(0.237154), 427(0.0121144), 
  id=213, 196(0.731629), 207(0.0131859), 234(0.237153), 427(0.0121138), 
  id=214, 196(0.731629), 207(0.0131863), 234(0.237154), 427(0.0121141), 
  id=215, 196(0.731629), 207(0.013186), 234(0.237095), 427(0.0121138), 
  id=216, 196(0.731629), 207(0.0131862), 234(0.237154), 427(0.012114), 
  id=217, 196(0.731629), 207(0.0131865), 234(0.237154), 427(0.0121143), 
  id=218, 196(0.731629), 207(0.013186), 234(0.237153), 427(0.0121138), 
  id=219, 196(0.731628), 207(0.0131856), 234(0.237153), 427(0.0121134), 
  id=220, 196(0.73157), 207(0.013186), 234(0.237154), 427(0.0121138), 
  id=221, 196(0.731629), 207(0.0131859), 234(0.237095), 427(0.0121138), 
  id=222, 196(0.73157), 207(0.013186), 234(0.237153), 427(0.0121138), 
  id=223, 196(0.731629), 207(0.013186), 234(0.237154), 427(0.0121138), 
  id=224, 196(0.731629), 207(0.0131862), 234(0.237154), 427(0.012114), 
  id=225, 196(0.731629), 207(0.0131862), 234(0.237154), 427(0.0121141), 
  id=226, 196(0.731629), 207(0.0131864), 234(0.237154), 427(0.0121142), 
  id=227, 196(0.731629), 207(0.0131864), 234(0.237154), 427(0.0121142), 
  id=228, 196(0.731628), 207(0.0131858), 234(0.237153), 427(0.0121136), 
  id=229, 196(0.731629), 207(0.013186), 234(0.237154), 427(0.0121138), 
  id=230, 196(0.731629), 207(0.0131863), 234(0.237154), 427(0.012114), 
  id=231, 196(0.731629), 207(0.0131862), 234(0.237154), 427(0.012114), 
  id=232, 196(0.731629), 207(0.0131862), 234(0.237154), 427(0.012114), 
  id=233, 196(0.731629), 207(0.0131862), 234(0.237154), 427(0.0121141), 
  id=234, 196(0.731628), 207(0.0131854), 234(0.237153), 427(0.0121132), 
  id=235, 196(0.731629), 207(0.0131864), 234(0.237154), 427(0.0121142), 
  id=236, 196(0.731629), 207(0.013186), 234(0.237153), 427(0.0121138), 
  id=237, 196(0.731629), 207(0.013186), 234(0.237153), 427(0.0121138), 
  id=238, 196(0.731628), 207(0.0131859), 234(0.237153), 427(0.0121137), 
  id=239, 196(0.731615), 207(0.013186), 234(0.237154), 427(0.0121138), 
  id=240, 196(0.731629), 207(0.013186), 234(0.237154), 427(0.0121138), 
  id=241, 196(0.731628), 207(0.0131858), 234(0.237153), 427(0.0121137), 
  id=242, 196(0.731629), 207(0.013186), 234(0.237154), 427(0.0121138), 
  id=243, 196(0.731629), 207(0.0131862), 234(0.237154), 427(0.012114), 
  id=244, 196(0.731629), 207(0.013186), 234(0.237154), 427(0.0121018), 
  id=245, 196(0.731629), 207(0.0131861), 234(0.237154), 427(0.0121139), 
  id=246, 196(0.731629), 207(0.013186), 234(0.237154), 427(0.0121138), 
  id=247, 196(0.731629), 207(0.013186), 234(0.237153), 427(0.0121013), 
  id=248, 196(0.731629), 207(0.0131864), 234(0.237154), 427(0.0121142), 
  id=249, 196(0.731628), 207(0.0131856), 234(0.237153), 427(0.0121134), 
  id=250, 196(0.731629), 207(0.0131864), 234(0.237154), 427(0.0121142), 
  id=251, 196(0.731629), 207(0.0131859), 234(0.237153), 427(0.0121137), 
  id=252, 196(0.731629), 207(0.013186), 234(0.237154), 427(0.0121139), 
  id=253, 196(0.731629), 207(0.0131862), 234(0.237154), 427(0.012114), 
  id=254, 196(0.731629), 207(0.0131859), 234(0.237153), 427(0.0121137), 
  id=255, 196(0.731629), 207(0.013186), 234(0.237154), 427(0.0121023), 
  id=256, 196(0.731629), 207(0.013186), 234(0.237154), 427(0.0121138), 
  id=257, 196(0.731629), 207(0.0131862), 234(0.237154), 427(0.0121141), 
  id=258, 196(0.731629), 207(0.013186), 234(0.237154), 427(0.0121138), 
  id=259, 196(0.731629), 207(0.0131864), 234(0.237154), 427(0.0121142), 
  id=260, 196(0.731615), 207(0.013186), 234(0.237153), 427(0.0121138), 
  id=261, 196(0.731629), 207(0.0131862), 234(0.237154), 427(0.0121141), 
  id=262, 196(0.731628), 207(0.013186), 234(0.237154), 427(0.0121138), 
  id=263, 196(0.731628), 207(0.0131858), 234(0.237153), 427(0.0121136), 
  id=264, 196(0.731629), 207(0.013186), 234(0.237154), 427(0.0121139), 
  id=265, 196(0.731628), 207(0.0131859), 234(0.237153), 427(0.0121137), 
  id=266, 196(0.731628), 207(0.0131858), 234(0.237153), 427(0.0121136), 
  id=267, 196(0.731628), 207(0.0131856), 234(0.237153), 427(0.0121134), 
  id=268, 196(0.731629), 207(0.0131862), 234(0.237154), 427(0.0121141), 
  id=269, 196(0.731629), 207(0.013186), 234(0.237154), 427(0.0121138), 
  id=270, 196(0.731629), 207(0.013186), 234(0.237154), 427(0.0121138), 
  id=271, 196(0.731628), 207(0.0131855), 234(0.237153), 427(0.0121133), 
  id=272, 196(0.731629), 207(0.0131861), 234(0.237154), 427(0.0121139), 
  id=273, 196(0.731629), 207(0.013186), 234(0.237154), 427(0.0121138), 
  id=274, 196(0.731629), 207(0.013186), 234(0.237154), 427(0.0121138), 
  id=275, 196(0.731629), 207(0.013186), 234(0.237154), 427(0.0121138), 
  id=276, 196(0.731629), 207(0.013186), 234(0.237154), 427(0.0121138), 
  id=277, 196(0.731629), 207(0.013186), 234(0.237153), 427(0.0121138), 
  id=278, 196(0.731629), 207(0.013186), 234(0.237153), 427(0.0121138), 
  id=279, 196(0.731628), 207(0.0131855), 234(0.237153), 427(0.0121133), 
  id=280, 196(0.731628), 207(0.0131855), 234(0.237153), 427(0.0121133), 
  id=281, 196(0.731629), 207(0.0131859), 234(0.237153), 427(0.0121137), 
  id=282, 196(0.731628), 207(0.0131855), 234(0.237153), 427(0.0121133), 
  id=283, 196(0.731629), 207(0.0131862), 234(0.237154), 427(0.0121141), 
  id=284, 196(0.731629), 207(0.013186), 234(0.237154), 427(0.0121138), 
  id=285, 196(0.731629), 207(0.0131861), 234(0.237154), 427(0.012114), 
  id=286, 196(0.731628), 207(0.0131854), 234(0.237153), 427(0.0121132), 
  id=287, 196(0.731629), 207(0.013186), 234(0.237154), 427(0.0121138), 
  id=288, 196(0.731628), 207(0.0131854), 234(0.237153), 427(0.0121132), 
  id=289, 196(0.731628), 207(0.0131854), 234(0.237153), 427(0.0121132), 
  id=290, 196(0.731628), 207(0.0131852), 234(0.237153), 427(0.012113), 
  id=291, 196(0.731628), 207(0.0131854), 234(0.237153), 427(0.0121132), 
  id=292, 196(0.731628), 207(0.0131855), 234(0.237153), 427(0.0121133), 
  id=293, 196(0.731629), 207(0.0131863), 234(0.237154), 427(0.0121141), 
  id=294, 196(0.731629), 207(0.0131864), 234(0.237154), 427(0.0121142), 
  id=295, 196(0.731629), 207(0.0131865), 234(0.237154), 427(0.0121143), 
  id=296, 196(0.731629), 207(0.013186), 234(0.237154), 427(0.0121138), 
  id=297, 196(0.731629), 207(0.0131866), 234(0.237154), 427(0.0121144), 
  id=298, 196(0.731628), 207(0.0131855), 234(0.237153), 427(0.0121133), 
  id=299, 196(0.731628), 207(0.0131855), 234(0.237153), 427(0.0121133), 
  id=300, 196(0.731628), 207(0.0131855), 234(0.237153), 427(0.0121133), 
  id=301, 196(0.731628), 207(0.0131855), 234(0.237153), 427(0.0121133), 
  id=302, 196(0.731629), 207(0.013186), 234(0.237154), 427(0.0121138), 
  id=303, 196(0.731628), 207(0.0131855), 234(0.237153), 427(0.0121133), 
  id=304, 196(0.731629), 207(0.0131868), 234(0.237154), 427(0.0121146), 
  id=305, 196(0.731629), 207(0.0131862), 234(0.237154), 427(0.012114), 
  id=306, 196(0.731629), 207(0.013186), 234(0.237154), 427(0.0121138), 
  id=307, 196(0.731628), 207(0.0131855), 234(0.237153), 427(0.0121133), 
  id=308, 196(0.731629), 207(0.0131862), 234(0.237154), 427(0.012114), 
  id=309, 196(0.731628), 207(0.0131853), 234(0.237153), 427(0.0121132), 
  id=310, 196(0.731628), 207(0.0131855), 234(0.237153), 427(0.0121133), 
  id=311, 196(0.731627), 207(0.0131847), 234(0.237152), 427(0.0121126), 
  id=312, 196(0.731628), 207(0.0131854), 234(0.237153), 427(0.0121132), 
  id=313, 196(0.731628), 207(0.0131854), 234(0.237153), 427(0.0121132), 
  id=314, 196(0.731628), 207(0.0131855), 234(0.237153), 427(0.0121133), 
  id=315, 196(0.731628), 207(0.0131855), 234(0.237153), 427(0.0121133), 
d = 2
  id=316, 181(0.243327), 196(0.710052), 207(0.013186), 392(0.0155962), 
  id=317, 181(0.243327), 196(0.710051), 207(0.013186), 392(0.0155962), 
  id=318, 181(0.243327), 196(0.710048), 207(0.013186), 392(0.0155962), 
  id=319, 181(0.243327), 196(0.710051), 207(0.013186), 392(0.0155962), 
  id=320, 181(0.243327), 196(0.725646), 207(0.013186), 
  id=321, 181(0.243327), 196(0.71005), 207(0.013186), 392(0.0155962), 
  id=322, 181(0.243327), 196(0.723228), 392(0.0155962), 
  id=323, 181(0.243327), 196(0.731629), 
  id=324, 181(0.243327), 196(0.710049), 207(0.013186), 392(0.0155962), 
  id=325, 181(0.243327), 196(0.71005), 207(0.013186), 392(0.0155962), 
  id=326, 181(0.243327), 196(0.711123), 392(0.0155962), 427(0.0121138), 
  id=327, 181(0.243327), 196(0.725647), 207(0.013186), 
  id=328, 181(0.243327), 196(0.71005), 207(0.013186), 392(0.0155962), 
  id=329, 181(0.243327), 196(0.710048), 207(0.0131859), 392(0.0155962), 
  id=330, 181(0.243327), 196(0.711436), 207(0.013186), 392(0.0155962), 
  id=331, 181(0.243327), 196(0.725644), 207(0.013186), 
  id=332, 181(0.243327), 196(0.731628), 427(0.0121135), 
  id=333, 181(0.243327), 196(0.731628), 427(0.0121137), 
  id=334, 181(0.240166), 196(0.731629), 207(0.013186), 
  id=335, 181(0.243327), 196(0.727766), 207(0.013186), 
  id=336, 181(0.227483), 196(0.731629), 207(0.013186), 427(0.0121138), 
  id=337, 181(0.240668), 196(0.731629), 427(0.0121138), 
  id=338, 181(0.243287), 196(0.731629), 427(0.0121138), 
  id=339, 181(0.243327), 196(0.731629), 427(0.0121138), 
  id=340, 181(0.243314), 196(0.731467), 
  id=341, 181(0.240663), 196(0.731629), 427(0.0121138), 
  id=342, 181(0.243211), 196(0.731532), 
  id=343, 181(0.239797), 196(0.731629), 392(0.0155962), 
  id=344, 181(0.227479), 196(0.731629), 207(0.013186), 427(0.0121138), 
  id=345, 181(0.240615), 196(0.731629), 427(0.0121138), 
  id=346, 181(0.243316), 196(0.731638), 
  id=347, 181(0.240645), 196(0.731629), 427(0.0121138), 
  id=348, 181(0.241828), 196(0.675166), 207(0.0131859), 392(0.0155962), 427(0.0121213), 
  id=349, 181(0.243359), 196(0.731627), 
  id=350, 181(0.240609), 196(0.731629), 427(0.0121138), 
  id=351, 181(0.2352), 196(0.731629), 207(0.013186), 427(0.0121138), 
  id=352, 181(0.204052), 196(0.731629), 207(0.013186), 392(0.0155962), 427(0.0121138), 
  id=353, 181(0.211829), 196(0.731629), 207(0.013186), 392(0.0155962), 427(0.0121138), 
  id=354, 181(0.20981), 196(0.731629), 207(0.013186), 392(0.0155962), 427(0.0121138), 
  id=355, 181(0.204052), 196(0.731629), 207(0.013186), 392(0.0155962), 427(0.0121138), 
  id=356, 181(0.204052), 196(0.731629), 207(0.013186), 392(0.0155962), 427(0.0121138), 
  id=357, 181(0.211203), 196(0.731629), 207(0.013186), 392(0.0155962), 427(0.0121138), 
  id=358, 181(0.204052), 196(0.731629), 207(0.013186), 392(0.0155962), 427(0.0121138), 
  id=359, 181(0.204052), 196(0.731629), 207(0.013186), 392(0.0155962), 427(0.0121138), 
  id=360, 181(0.204052), 196(0.731629), 207(0.013186), 392(0.0155962), 427(0.0121138), 
  id=361, 181(0.204052), 196(0.731629), 207(0.013186), 392(0.0155962), 427(0.0121138), 
  id=362, 181(0.204052), 196(0.731629), 207(0.013186), 392(0.0155962), 427(0.0121138), 
  id=363, 181(0.211199), 196(0.731629), 207(0.013186), 392(0.0155962), 427(0.0121138), 
  id=364, 181(0.204052), 196(0.731629), 207(0.013186), 392(0.0155962), 427(0.0121138), 
  id=365, 181(0.204052), 196(0.731629), 207(0.013186), 392(0.0155962), 427(0.0121138), 
  id=366, 181(0.204052), 196(0.731629), 207(0.013186), 392(0.0155962), 427(0.0121138), 
  id=367, 181(0.204052), 196(0.731629), 207(0.013186), 392(0.0155962), 427(0.0121138), 
  id=368, 181(0.204052), 196(0.731629), 207(0.013186), 392(0.0155962), 427(0.0121138), 
  id=369, 181(0.204052), 196(0.731629), 207(0.013186), 392(0.0155962), 427(0.0121138), 
  id=370, 181(0.211856), 196(0.731629), 207(0.013186), 392(0.0155962), 427(0.0121138), 
  id=371, 181(0.204052), 196(0.731629), 207(0.013186), 392(0.0155962), 427(0.0121138), 
  id=372, 181(0.204052), 196(0.731629), 207(0.013186), 392(0.0155962), 427(0.0121138), 
  id=373, 181(0.204052), 196(0.731629), 207(0.013186), 392(0.0155962), 427(0.0121138), 
  id=374, 181(0.204052), 196(0.731629), 207(0.013186), 392(0.0155962), 427(0.0121138), 
d = 3
  id=375, 329(1), 
  id=376, 329(1), 
  id=377, 329(1), 
  id=378, 329(1), 
  id=379, 329(1), 
  id=380, 329(1), 
  id=381, 329(1), 
  id=382, 329(1), 
  id=383, 329(1), 
  id=384, 329(1), 
  id=385, 329(1), 
  id=386, 329(1), 
  id=387, 329(1), 
  id=388, 329(1), 
  id=389, 329(1), 
  id=390, 329(1), 
  id=391, 329(1), 
  id=392, 329(1), 
d = 4
  id=393, 329(1), 
  id=394, 329(1), 
  id=395, 329(1), 
  id=396, 329(1), 
  id=397, 329(1), 
  id=398, 329(1), 
  id=399, 329(1), 
  id=400, 329(1), 
  id=401, 329(1), 
  id=402, 329(1), 
  id=403, 329(1), 
  id=404, 329(1), 
  id=405, 329(1), 
  id=406, 329(1), 
  id=407, 329(1), 
  id=408, 329(1), 
  id=409, 329(1), 
  id=410, 329(1), 
  id=411, 329(1), 
d = 5
  id=412, 181(0.243327), 196(0.731629), 427(0.0121138), 
  id=413, 181(0.243327), 196(0.731628), 427(0.0121134), 
  id=414, 181(0.243327), 196(0.731628), 427(0.0121136), 
  id=415, 181(0.243327), 196(0.731628), 427(0.0121133), 
  id=416, 181(0.243327), 196(0.731628), 427(0.0121136), 
  id=417, 181(0.243327), 196(0.731628), 427(0.0121134), 
  id=418, 181(0.243327), 196(0.731628), 427(0.0121135), 
  id=419, 181(0.243327), 196(0.731628), 427(0.0121135), 
  id=420, 181(0.243327), 196(0.731628), 427(0.0121135), 
  id=421, 181(0.243327), 196(0.731628), 427(0.0121137), 
  id=422, 181(0.243327), 196(0.731628), 427(0.0121133), 
  id=423, 181(0.243327), 196(0.731628), 427(0.0121137), 
  id=424, 181(0.243327), 196(0.731628), 427(0.0121135), 
  id=425, 181(0.243327), 196(0.731628), 427(0.0121136), 
  id=426, 181(0.243327), 196(0.731628), 427(0.0121135), 
  id=427, 181(0.243327), 196(0.731628), 427(0.0121135), 
  id=428, 181(0.243327), 196(0.731628), 427(0.0121136), 
  id=429, 181(0.243327), 196(0.731628), 427(0.0121135), 
  id=430, 181(0.243327), 196(0.731628), 427(0.0121134), 
  id=431, 181(0.243327), 196(0.731628), 427(0.0121136), 
  id=432, 181(0.243327), 196(0.731628), 427(0.0121136), 
  id=433, 181(0.243327), 196(0.731628), 427(0.0121135), 
  id=434, 181(0.243327), 196(0.731628), 427(0.0121136), 
  id=435, 181(0.243327), 196(0.731628), 427(0.0121136), 
  id=436, 181(0.243327), 196(0.731628), 427(0.0121136), 
  id=437, 181(0.243327), 196(0.731628), 427(0.0121135), 
  id=438, 181(0.243327), 196(0.731628), 427(0.0121135), 
  id=439, 181(0.243327), 196(0.731628), 427(0.0121136), 
