nan nan nan nan nan nan nan nan nan nan nan nan nan nan nan nan nan nan nan nan nan nan nan nan nan nan nan nan nan nan nan nan nan nan nan nan nan nan nan nan nan nan nan nan nan nan nan nan nan nan nan nan nan nan nan nan nan nan nan nan nan nan nan nan nan nan nan 
-14.3036 nan nan nan nan nan nan nan nan nan nan nan nan nan nan nan nan nan nan nan nan nan nan nan nan nan nan nan nan nan nan nan nan nan nan nan nan nan nan nan nan nan nan nan nan nan nan nan nan nan nan nan nan nan nan nan nan nan nan nan nan nan nan nan nan nan nan 
-13.8843 -14.2762 nan nan nan nan nan nan nan nan nan nan nan nan nan nan nan nan nan nan nan nan nan nan nan nan nan nan nan nan nan nan nan nan nan nan nan nan nan nan nan nan nan nan nan nan nan nan nan nan nan nan nan nan nan nan nan nan nan nan nan nan nan nan nan nan nan 
-13.7458 -13.85 -14.2514 nan nan nan nan nan nan nan nan nan nan nan nan nan nan nan nan nan nan nan nan nan nan nan nan nan nan nan nan nan nan nan nan nan nan nan nan nan nan nan nan nan nan nan nan nan nan nan nan nan nan nan nan nan nan nan nan nan nan nan nan nan nan nan nan 
-13.7185 -13.7049 -13.8186 -14.2289 nan nan nan nan nan nan nan nan nan nan nan nan nan nan nan nan nan nan nan nan nan nan nan nan nan nan nan nan nan nan nan nan nan nan nan nan nan nan nan nan nan nan nan nan nan nan nan nan nan nan nan nan nan nan nan nan nan nan nan nan nan nan nan 
-13.7497 -13.6714 -13.6673 -13.7899 -14.2086 nan nan nan nan nan nan nan nan nan nan nan nan nan nan nan nan nan nan nan nan nan nan nan nan nan nan nan nan nan nan nan nan nan nan nan nan nan nan nan nan nan nan nan nan nan nan nan nan nan nan nan nan nan nan nan nan nan nan nan nan nan nan 
-13.8157 -13.6967 -13.6279 -13.6327 -13.7637 -14.1905 nan nan nan nan nan nan nan nan nan nan nan nan nan nan nan nan nan nan nan nan nan nan nan nan nan nan nan nan nan nan nan nan nan nan nan nan nan nan nan nan nan nan nan nan nan nan nan nan nan nan nan nan nan nan nan nan nan nan nan nan nan 
-13.9044 -13.7571 -13.6475 -13.5877 -13.6009 -13.7399 -14.1743 nan nan nan nan nan nan nan nan nan nan nan nan nan nan nan nan nan nan nan nan nan nan nan nan nan nan nan nan nan nan nan nan nan nan nan nan nan nan nan nan nan nan nan nan nan nan nan nan nan nan nan nan nan nan nan nan nan nan nan nan 
-14.0085 -13.8405 -13.7027 -13.602 -13.5506 -13.5718 -13.7184 -14.16 nan nan nan nan nan nan nan nan nan nan nan nan nan nan nan nan nan nan nan nan nan nan nan nan nan nan nan nan nan nan nan nan nan nan nan nan nan nan nan nan nan nan nan nan nan nan nan nan nan nan nan nan nan nan nan nan nan nan nan 
-14.1232 -13.9395 -13.781 -13.6521 -13.5598 -13.5164 -13.5452 -13.699 -14.1474 nan nan nan nan nan nan nan nan nan nan nan nan nan nan nan nan nan nan nan nan nan nan nan nan nan nan nan nan nan nan nan nan nan nan nan nan nan nan nan nan nan nan nan nan nan nan nan nan nan nan nan nan nan nan nan nan nan nan 
-14.2456 -14.0494 -13.8751 -13.7255 -13.605 -13.5208 -13.485 -13.521 -13.6816 -14.1365 nan nan nan nan nan nan nan nan nan nan nan nan nan nan nan nan nan nan nan nan nan nan nan nan nan nan nan nan nan nan nan nan nan nan nan nan nan nan nan nan nan nan nan nan nan nan nan nan nan nan nan nan nan nan nan nan nan 
-14.3734 -14.1671 -13.9803 -13.815 -13.6738 -13.5614 -13.4847 -13.4561 -13.4989 -13.6661 -14.1272 nan nan nan nan nan nan nan nan nan nan nan nan nan nan nan nan nan nan nan nan nan nan nan nan nan nan nan nan nan nan nan nan nan nan nan nan nan nan nan nan nan nan nan nan nan nan nan nan nan nan nan nan nan nan nan nan 
-14.5052 -14.2905 -14.0937 -13.9158 -13.7589 -13.6258 -13.5209 -13.4514 -13.4297 -13.479 -13.6524 -14.1194 nan nan nan nan nan nan nan nan nan nan nan nan nan nan nan nan nan nan nan nan nan nan nan nan nan nan nan nan nan nan nan nan nan nan nan nan nan nan nan nan nan nan nan nan nan nan nan nan nan nan nan nan nan nan nan 
-14.6397 -14.418 -14.2128 -14.0249 -13.8555 -13.7066 -13.5811 -13.4834 -13.4208 -13.4055 -13.4611 -13.6404 -14.113 nan nan nan nan nan nan nan nan nan nan nan nan nan nan nan nan nan nan nan nan nan nan nan nan nan nan nan nan nan nan nan nan nan nan nan nan nan nan nan nan nan nan nan nan nan nan nan nan nan nan nan nan nan nan 
-14.7762 -14.5485 -14.3363 -14.1401 -13.9606 -13.7992 -13.6578 -13.5395 -13.4487 -13.3925 -13.3835 -13.445 -13.6299 -14.108 nan nan nan nan nan nan nan nan nan nan nan nan nan nan nan nan nan nan nan nan nan nan nan nan nan nan nan nan nan nan nan nan nan nan nan nan nan nan nan nan nan nan nan nan nan nan nan nan nan nan nan nan nan 
-14.9139 -14.6811 -14.4629 -14.2596 -14.0718 -13.9003 -13.7465 -13.6124 -13.5009 -13.4166 -13.3667 -13.3635 -13.4307 -13.621 -14.1043 nan nan nan nan nan nan nan nan nan nan nan nan nan nan nan nan nan nan nan nan nan nan nan nan nan nan nan nan nan nan nan nan nan nan nan nan nan nan nan nan nan nan nan nan nan nan nan nan nan nan nan nan 
-15.0525 -14.8151 -14.5918 -14.3825 -14.1877 -14.0079 -13.844 -13.6974 -13.5701 -13.4651 -13.3869 -13.343 -13.3455 -13.4181 -13.6136 -14.1018 nan nan nan nan nan nan nan nan nan nan nan nan nan nan nan nan nan nan nan nan nan nan nan nan nan nan nan nan nan nan nan nan nan nan nan nan nan nan nan nan nan nan nan nan nan nan nan nan nan nan nan 
-15.1914 -14.9501 -14.7222 -14.5078 -14.307 -14.1202 -13.9479 -13.7912 -13.6514 -13.5307 -13.4319 -13.3597 -13.3214 -13.3293 -13.407 -13.6075 -14.1005 nan nan nan nan nan nan nan nan nan nan nan nan nan nan nan nan nan nan nan nan nan nan nan nan nan nan nan nan nan nan nan nan nan nan nan nan nan nan nan nan nan nan nan nan nan nan nan nan nan nan 
-15.3303 -15.0856 -14.8537 -14.6348 -14.4288 -14.236 -14.0568 -13.8917 -13.7419 -13.6086 -13.494 -13.4012 -13.3346 -13.3017 -13.3149 -13.3975 -13.6028 -14.1003 nan nan nan nan nan nan nan nan nan nan nan nan nan nan nan nan nan nan nan nan nan nan nan nan nan nan nan nan nan nan nan nan nan nan nan nan nan nan nan nan nan nan nan nan nan nan nan nan nan 
-15.4691 -15.2212 -14.9859 -14.763 -14.5525 -14.3546 -14.1693 -13.9973 -13.8391 -13.6957 -13.5687 -13.46 -13.3728 -13.3117 -13.284 -13.3021 -13.3895 -13.5993 -14.1012 nan nan nan nan nan nan nan nan nan nan nan nan nan nan nan nan nan nan nan nan nan nan nan nan nan nan nan nan nan nan nan nan nan nan nan nan nan nan nan nan nan nan nan nan nan nan nan nan 
-15.6076 -15.3568 -15.1184 -14.892 -14.6776 -14.4751 -14.2847 -14.1066 -13.9414 -13.7897 -13.6526 -13.5315 -13.4285 -13.3467 -13.2908 -13.268 -13.2908 -13.3828 -13.597 -14.1031 nan nan nan nan nan nan nan nan nan nan nan nan nan nan nan nan nan nan nan nan nan nan nan nan nan nan nan nan nan nan nan nan nan nan nan nan nan nan nan nan nan nan nan nan nan nan nan 
-15.7455 -15.4922 -15.2509 -15.0214 -14.8035 -14.597 -14.4021 -14.2189 -14.0477 -13.889 -13.7436 -13.6123 -13.4969 -13.3993 -13.3227 -13.2717 -13.2537 -13.2811 -13.3775 -13.5959 -14.106 nan nan nan nan nan nan nan nan nan nan nan nan nan nan nan nan nan nan nan nan nan nan nan nan nan nan nan nan nan nan nan nan nan nan nan nan nan nan nan nan nan nan nan nan nan nan 
-15.8828 -15.6272 -15.3833 -15.151 -14.9299 -14.72 -14.5211 -14.3334 -14.1571 -13.9924 -13.8399 -13.7003 -13.5748 -13.4647 -13.3723 -13.3007 -13.2545 -13.241 -13.2728 -13.3734 -13.5958 -14.1099 nan nan nan nan nan nan nan nan nan nan nan nan nan nan nan nan nan nan nan nan nan nan nan nan nan nan nan nan nan nan nan nan nan nan nan nan nan nan nan nan nan nan nan nan nan 
-16.0193 -15.7616 -15.5154 -15.2805 -15.0567 -14.8436 -14.6412 -14.4495 -14.2687 -14.0989 -13.9404 -13.7938 -13.6599 -13.5398 -13.4349 -13.3475 -13.2806 -13.2389 -13.2298 -13.2658 -13.3705 -13.5968 -14.1146 nan nan nan nan nan nan nan nan nan nan nan nan nan nan nan nan nan nan nan nan nan nan nan nan nan nan nan nan nan nan nan nan nan nan nan nan nan nan nan nan nan nan nan nan 
-16.155 -15.8954 -15.6471 -15.4099 -15.1835 -14.9676 -14.7621 -14.5669 -14.3821 -14.2077 -14.0441 -13.8916 -13.7507 -13.6222 -13.5072 -13.4073 -13.3246 -13.2623 -13.225 -13.2201 -13.2602 -13.3687 -13.5988 -14.1203 nan nan nan nan nan nan nan nan nan nan nan nan nan nan nan nan nan nan nan nan nan nan nan nan nan nan nan nan nan nan nan nan nan nan nan nan nan nan nan nan nan nan nan 
-16.2898 -16.0284 -15.7782 -15.5389 -15.3101 -15.0917 -14.8834 -14.6851 -14.4968 -14.3185 -14.1503 -13.9926 -13.8458 -13.7103 -13.587 -13.477 -13.3818 -13.3037 -13.2457 -13.2126 -13.2118 -13.2558 -13.3681 -13.6018 -14.1267 nan nan nan nan nan nan nan nan nan nan nan nan nan nan nan nan nan nan nan nan nan nan nan nan nan nan nan nan nan nan nan nan nan nan nan nan nan nan nan nan nan nan 
-16.4238 -16.1607 -15.9087 -15.6675 -15.4366 -15.2158 -15.005 -14.8038 -14.6124 -14.4306 -14.2585 -14.0963 -13.9443 -13.8028 -13.6725 -13.5541 -13.4489 -13.3583 -13.2845 -13.2308 -13.2018 -13.2048 -13.2525 -13.3684 -13.6057 -14.134 nan nan nan nan nan nan nan nan nan nan nan nan nan nan nan nan nan nan nan nan nan nan nan nan nan nan nan nan nan nan nan nan nan nan nan nan nan nan nan nan nan 
-16.5567 -16.2921 -16.0385 -15.7954 -15.5626 -15.3398 -15.1266 -14.9229 -14.7287 -14.5437 -14.3681 -14.202 -14.0454 -13.8988 -13.7625 -13.6371 -13.5236 -13.4229 -13.3367 -13.2671 -13.2174 -13.1923 -13.1991 -13.2505 -13.3698 -13.6104 -14.142 nan nan nan nan nan nan nan nan nan nan nan nan nan nan nan nan nan nan nan nan nan nan nan nan nan nan nan nan nan nan nan nan nan nan nan nan nan nan nan nan 
-16.6887 -16.4226 -16.1675 -15.9228 -15.6882 -15.4634 -15.2481 -15.0422 -14.8453 -14.6576 -14.4789 -14.3092 -14.1487 -13.9976 -13.8561 -13.7248 -13.6042 -13.4952 -13.3988 -13.3168 -13.2514 -13.2056 -13.1842 -13.1946 -13.2495 -13.3722 -13.616 -14.1507 nan nan nan nan nan nan nan nan nan nan nan nan nan nan nan nan nan nan nan nan nan nan nan nan nan nan nan nan nan nan nan nan nan nan nan nan nan nan nan 
-16.8196 -16.5523 -16.2957 -16.0495 -15.8133 -15.5867 -15.3695 -15.1614 -14.9622 -14.7719 -14.5904 -14.4176 -14.2536 -14.0985 -13.9526 -13.8161 -13.6895 -13.5734 -13.4688 -13.3767 -13.2988 -13.2372 -13.1951 -13.1774 -13.1913 -13.2495 -13.3755 -13.6225 -14.1602 nan nan nan nan nan nan nan nan nan nan nan nan nan nan nan nan nan nan nan nan nan nan nan nan nan nan nan nan nan nan nan nan nan nan nan nan nan nan 
-16.9495 -16.681 -16.4231 -16.1755 -15.9377 -15.7095 -15.4905 -15.2804 -15.0792 -14.8866 -14.7025 -14.5269 -14.3597 -14.2011 -14.0512 -13.9102 -13.7785 -13.6565 -13.5448 -13.4444 -13.3564 -13.2823 -13.2245 -13.1861 -13.1718 -13.1891 -13.2505 -13.3797 -13.6297 -14.1704 nan nan nan nan nan nan nan nan nan nan nan nan nan nan nan nan nan nan nan nan nan nan nan nan nan nan nan nan nan nan nan nan nan nan nan nan nan 
-17.0784 -16.8087 -16.5496 -16.3006 -16.0615 -15.8317 -15.6111 -15.3993 -15.1961 -15.0014 -14.815 -14.6368 -14.4668 -14.3051 -14.1517 -14.0067 -13.8705 -13.7433 -13.6257 -13.5183 -13.4219 -13.3377 -13.2674 -13.2132 -13.1783 -13.1674 -13.188 -13.2525 -13.3847 -13.6377 -14.1812 nan nan nan nan nan nan nan nan nan nan nan nan nan nan nan nan nan nan nan nan nan nan nan nan nan nan nan nan nan nan nan nan nan nan nan nan 
-17.2063 -16.9355 -16.6752 -16.425 -16.1845 -15.9534 -15.7312 -15.5177 -15.3128 -15.1161 -14.9276 -14.7471 -14.5746 -14.4101 -14.2535 -14.1051 -13.9649 -13.8332 -13.7104 -13.597 -13.4936 -13.4011 -13.3207 -13.2541 -13.2033 -13.1718 -13.1641 -13.1878 -13.2554 -13.3906 -13.6464 -14.1927 nan nan nan nan nan nan nan nan nan nan nan nan nan nan nan nan nan nan nan nan nan nan nan nan nan nan nan nan nan nan nan nan nan nan nan 
-17.3331 -17.0613 -16.7999 -16.5486 -16.3069 -16.0744 -15.8508 -15.6358 -15.4292 -15.2308 -15.0403 -14.8577 -14.6829 -14.5158 -14.3565 -14.2049 -14.0612 -13.9255 -13.7982 -13.6797 -13.5703 -13.4708 -13.3821 -13.3053 -13.2421 -13.1948 -13.1665 -13.162 -13.1887 -13.2593 -13.3972 -13.6558 -14.2047 nan nan nan nan nan nan nan nan nan nan nan nan nan nan nan nan nan nan nan nan nan nan nan nan nan nan nan nan nan nan nan nan nan nan 
-17.4589 -17.1861 -16.9237 -16.6713 -16.4284 -16.1947 -15.9698 -15.7534 -15.5453 -15.3452 -15.153 -14.9684 -14.7915 -14.6221 -14.4602 -14.3058 -14.159 -14.0198 -13.8886 -13.7655 -13.651 -13.5455 -13.4498 -13.3646 -13.2914 -13.2316 -13.1875 -13.1623 -13.1608 -13.1905 -13.2639 -13.4046 -13.6659 -14.2174 nan nan nan nan nan nan nan nan nan nan nan nan nan nan nan nan nan nan nan nan nan nan nan nan nan nan nan nan nan nan nan nan nan 
-17.5836 -17.3099 -17.0466 -16.7932 -16.5492 -16.3143 -16.0882 -15.8705 -15.6609 -15.4593 -15.2654 -15.0791 -14.9003 -14.7288 -14.5645 -14.4076 -14.2579 -14.1157 -13.9809 -13.8539 -13.7349 -13.6242 -13.5225 -13.4304 -13.3488 -13.2789 -13.2223 -13.1814 -13.1592 -13.1607 -13.1932 -13.2694 -13.4128 -13.6766 -14.2306 nan nan nan nan nan nan nan nan nan nan nan nan nan nan nan nan nan nan nan nan nan nan nan nan nan nan nan nan nan nan nan nan 
-17.7074 -17.4328 -17.1686 -16.9142 -16.6692 -16.4332 -16.2059 -15.987 -15.7761 -15.5731 -15.3777 -15.1897 -15.0091 -14.8357 -14.6693 -14.5101 -14.3579 -14.2128 -14.0749 -13.9444 -13.8214 -13.7062 -13.5994 -13.5013 -13.4126 -13.3344 -13.2677 -13.2143 -13.1764 -13.1572 -13.1615 -13.1968 -13.2756 -13.4216 -13.6879 -14.2444 nan nan nan nan nan nan nan nan nan nan nan nan nan nan nan nan nan nan nan nan nan nan nan nan nan nan nan nan nan nan nan 
-17.8301 -17.5547 -17.2896 -17.0343 -16.7883 -16.5514 -16.323 -16.1029 -15.8908 -15.6864 -15.4896 -15.3002 -15.1179 -14.9427 -14.7744 -14.613 -14.4585 -14.3109 -14.1702 -14.0365 -13.91 -13.7909 -13.6796 -13.5763 -13.4817 -13.3964 -13.3214 -13.2579 -13.2075 -13.1726 -13.1562 -13.1633 -13.2013 -13.2827 -13.4312 -13.6999 -14.2587 nan nan nan nan nan nan nan nan nan nan nan nan nan nan nan nan nan nan nan nan nan nan nan nan nan nan nan nan nan nan 
-17.9518 -17.6756 -17.4097 -17.1536 -16.9067 -16.6687 -16.4393 -16.2182 -16.0049 -15.7993 -15.6012 -15.4103 -15.2265 -15.0496 -14.8796 -14.7163 -14.5597 -14.4097 -14.2665 -14.13 -14.0004 -13.8778 -13.7625 -13.6547 -13.5549 -13.4637 -13.3817 -13.3098 -13.2494 -13.2019 -13.1698 -13.1562 -13.166 -13.2065 -13.2904 -13.4413 -13.7124 -14.2736 nan nan nan nan nan nan nan nan nan nan nan nan nan nan nan nan nan nan nan nan nan nan nan nan nan nan nan nan nan 
-18.0725 -17.7956 -17.5289 -17.2719 -17.0242 -16.7854 -16.555 -16.3328 -16.1185 -15.9117 -15.7124 -15.5202 -15.3349 -15.1566 -14.9849 -14.8198 -14.6612 -14.5092 -14.3636 -14.2246 -14.0921 -13.9664 -13.8476 -13.7359 -13.6316 -13.5352 -13.4472 -13.3684 -13.2996 -13.242 -13.1974 -13.1681 -13.1571 -13.1695 -13.2125 -13.2989 -13.4522 -13.7256 -14.2889 nan nan nan nan nan nan nan nan nan nan nan nan nan nan nan nan nan nan nan nan nan nan nan nan nan nan nan nan 
-18.1922 -17.9146 -17.6472 -17.3894 -17.1409 -16.9012 -16.6699 -16.4468 -16.2314 -16.0236 -15.8231 -15.6297 -15.4431 -15.2633 -15.0901 -14.9234 -14.763 -14.609 -14.4614 -14.32 -14.185 -14.0565 -13.9345 -13.8193 -13.7111 -13.6102 -13.5171 -13.4322 -13.3564 -13.2905 -13.2359 -13.194 -13.1673 -13.159 -13.1738 -13.2193 -13.308 -13.4636 -13.7392 -14.3047 nan nan nan nan nan nan nan nan nan nan nan nan nan nan nan nan nan nan nan nan nan nan nan nan nan nan nan 
-18.311 -18.0327 -17.7646 -17.5061 -17.2568 -17.0163 -16.7841 -16.5601 -16.3437 -16.1349 -15.9333 -15.7387 -15.5509 -15.3698 -15.1952 -15.0269 -14.865 -14.7092 -14.5596 -14.4161 -14.2788 -14.1478 -14.023 -13.9046 -13.7929 -13.6881 -13.5904 -13.5004 -13.4186 -13.3458 -13.2827 -13.2308 -13.1916 -13.1675 -13.1617 -13.179 -13.2268 -13.3178 -13.4756 -13.7534 -14.321 nan nan nan nan nan nan nan nan nan nan nan nan nan nan nan nan nan nan nan nan nan nan nan nan nan nan 
-18.4288 -18.1499 -17.8811 -17.6219 -17.3718 -17.1305 -16.8976 -16.6727 -16.4554 -16.2456 -16.043 -15.8473 -15.6584 -15.4761 -15.3001 -15.1304 -14.9669 -14.8095 -14.6582 -14.5128 -14.3734 -14.24 -14.1126 -13.9915 -13.8766 -13.7683 -13.6667 -13.5722 -13.4852 -13.4064 -13.3363 -13.2761 -13.2268 -13.1902 -13.1686 -13.1652 -13.1849 -13.235 -13.3282 -13.4882 -13.7681 -14.3378 nan nan nan nan nan nan nan nan nan nan nan nan nan nan nan nan nan nan nan nan nan nan nan nan nan 
-18.5456 -18.2661 -17.9967 -17.7368 -17.4861 -17.244 -17.0103 -16.7846 -16.5665 -16.3558 -16.1522 -15.9555 -15.7655 -15.582 -15.4048 -15.2338 -15.0689 -14.91 -14.7569 -14.6098 -14.4684 -14.3329 -14.2033 -14.0796 -13.9619 -13.8504 -13.7453 -13.6469 -13.5554 -13.4714 -13.3954 -13.3281 -13.2705 -13.2239 -13.1898 -13.1706 -13.1696 -13.1915 -13.2439 -13.3393 -13.5013 -13.7833 -14.3549 nan nan nan nan nan nan nan nan nan nan nan nan nan nan nan nan nan nan nan nan nan nan nan nan 
-18.6615 -18.3814 -18.1114 -17.8509 -17.5995 -17.3567 -17.1223 -16.8958 -16.6769 -16.4653 -16.2608 -16.0632 -15.8721 -15.6875 -15.5092 -15.337 -15.1707 -15.0104 -14.8559 -14.707 -14.5639 -14.4265 -14.2947 -14.1687 -14.0485 -13.9342 -13.826 -13.724 -13.6286 -13.5401 -13.459 -13.3857 -13.3211 -13.2661 -13.2219 -13.1903 -13.1734 -13.1747 -13.1989 -13.2534 -13.3509 -13.515 -13.7989 -14.3725 nan nan nan nan nan nan nan nan nan nan nan nan nan nan nan nan nan nan nan nan nan nan nan 
-18.7765 -18.4958 -18.2252 -17.9641 -17.7121 -17.4686 -17.2335 -17.0062 -16.7866 -16.5742 -16.3689 -16.1703 -15.9783 -15.7927 -15.6133 -15.4399 -15.2724 -15.1108 -14.9548 -14.8045 -14.6597 -14.5205 -14.3868 -14.2587 -14.1362 -14.0193 -13.9083 -13.8032 -13.7043 -13.6118 -13.5262 -13.4478 -13.3772 -13.3151 -13.2626 -13.2209 -13.1916 -13.1771 -13.1806 -13.2069 -13.2635 -13.3631 -13.5292 -13.8151 -14.3905 nan nan nan nan nan nan nan nan nan nan nan nan nan nan nan nan nan nan nan nan nan nan 
-18.8906 -18.6094 -18.3382 -18.0765 -17.8238 -17.5798 -17.344 -17.116 -16.8956 -16.6825 -16.4763 -16.2769 -16.084 -15.8974 -15.717 -15.5425 -15.3739 -15.211 -15.0537 -14.902 -14.7557 -14.6149 -14.4794 -14.3493 -14.2247 -14.1056 -13.992 -13.8841 -13.782 -13.6861 -13.5964 -13.5135 -13.4378 -13.3698 -13.3103 -13.2602 -13.2208 -13.1938 -13.1815 -13.1872 -13.2156 -13.2743 -13.3758 -13.5439 -13.8316 -14.409 nan nan nan nan nan nan nan nan nan nan nan nan nan nan nan nan nan nan nan nan nan 
-19.0037 -18.722 -18.4503 -18.1881 -17.9348 -17.6902 -17.4537 -17.2251 -17.004 -16.7901 -16.5832 -16.383 -16.1892 -16.0017 -15.8203 -15.6448 -15.4752 -15.3111 -15.1526 -14.9995 -14.8518 -14.7094 -14.5723 -14.4405 -14.3139 -14.1927 -14.0768 -13.9663 -13.8615 -13.7624 -13.6693 -13.5824 -13.5022 -13.429 -13.3635 -13.3064 -13.2587 -13.2216 -13.1969 -13.1868 -13.1945 -13.225 -13.2857 -13.3891 -13.5591 -13.8487 -14.4278 nan nan nan nan nan nan nan nan nan nan nan nan nan nan nan nan nan nan nan nan 
-19.116 -18.8338 -18.5616 -18.2988 -18.045 -17.7998 -17.5627 -17.3335 -17.1117 -16.8971 -16.6895 -16.4885 -16.2939 -16.1055 -15.9232 -15.7468 -15.5761 -15.411 -15.2513 -15.097 -14.948 -14.8042 -14.6656 -14.5321 -14.4037 -14.2805 -14.1625 -14.0498 -13.9424 -13.8405 -13.7442 -13.6538 -13.5696 -13.492 -13.4214 -13.3583 -13.3036 -13.2582 -13.2233 -13.2007 -13.1927 -13.2025 -13.235 -13.2976 -13.4029 -13.5747 -13.8661 -14.4469 nan nan nan nan nan nan nan nan nan nan nan nan nan nan nan nan nan nan nan 
-19.2275 -18.9448 -18.6721 -18.4088 -18.1544 -17.9087 -17.671 -17.4411 -17.2187 -17.0035 -16.7951 -16.5934 -16.398 -16.2089 -16.0257 -15.8484 -15.6767 -15.5106 -15.3498 -15.1944 -15.0441 -14.899 -14.759 -14.624 -14.494 -14.369 -14.2491 -14.1342 -14.0245 -13.92 -13.821 -13.7275 -13.6398 -13.5582 -13.483 -13.4148 -13.3541 -13.3017 -13.2585 -13.2258 -13.2053 -13.1993 -13.2111 -13.2455 -13.31 -13.4172 -13.5908 -13.8839 -14.4665 nan nan nan nan nan nan nan nan nan nan nan nan nan nan nan nan nan nan 
-19.3381 -19.0549 -18.7817 -18.5179 -18.2631 -18.0168 -17.7786 -17.5481 -17.3251 -17.1092 -16.9002 -16.6977 -16.5017 -16.3117 -16.1278 -15.9496 -15.777 -15.6099 -15.4481 -15.2916 -15.1402 -14.9938 -14.8525 -14.7161 -14.5845 -14.4579 -14.3362 -14.2194 -14.1076 -14.0008 -13.8992 -13.8029 -13.7121 -13.627 -13.5479 -13.4752 -13.4093 -13.3509 -13.3007 -13.2597 -13.2291 -13.2107 -13.2067 -13.2204 -13.2567 -13.323 -13.432 -13.6073 -13.9022 -14.4864 nan nan nan nan nan nan nan nan nan nan nan nan nan nan nan nan nan 
-19.4478 -19.1642 -18.8906 -18.6263 -18.371 -18.1241 -17.8854 -17.6544 -17.4308 -17.2143 -17.0046 -16.8015 -16.6047 -16.4141 -16.2293 -16.0503 -15.8769 -15.7089 -15.5461 -15.3886 -15.2361 -15.0886 -14.946 -14.8083 -14.6754 -14.5472 -14.4239 -14.3053 -14.1915 -14.0827 -13.9787 -13.8799 -13.7862 -13.698 -13.6154 -13.5387 -13.4684 -13.4048 -13.3487 -13.3006 -13.2617 -13.2332 -13.2167 -13.2147 -13.2303 -13.2684 -13.3366 -13.4473 -13.6243 -13.9208 -14.5066 nan nan nan nan nan nan nan nan nan nan nan nan nan nan nan nan 
-19.5567 -19.2727 -18.9986 -18.7339 -18.4781 -18.2307 -17.9915 -17.76 -17.5358 -17.3187 -17.1084 -16.9047 -16.7073 -16.5159 -16.3304 -16.1506 -15.9764 -15.8075 -15.6439 -15.4854 -15.3319 -15.1833 -15.0395 -14.9006 -14.7663 -14.6368 -14.5119 -14.3917 -14.2762 -14.1654 -14.0593 -13.9582 -13.862 -13.7709 -13.6852 -13.605 -13.5307 -13.4627 -13.4013 -13.3473 -13.3014 -13.2645 -13.238 -13.2235 -13.2233 -13.2408 -13.2807 -13.3506 -13.463 -13.6417 -13.9398 -14.5272 nan nan nan nan nan nan nan nan nan nan nan nan nan nan nan 
-19.6649 -19.3804 -19.1059 -18.8407 -18.5845 -18.3366 -18.0969 -17.8648 -17.6402 -17.4225 -17.2117 -17.0073 -16.8092 -16.6172 -16.431 -16.2505 -16.0755 -15.9058 -15.7413 -15.5819 -15.4274 -15.2778 -15.133 -14.9929 -14.8574 -14.7266 -14.6003 -14.4785 -14.3614 -14.2488 -14.1408 -14.0375 -13.939 -13.8454 -13.7569 -13.6736 -13.5958 -13.5238 -13.458 -13.3988 -13.3469 -13.303 -13.2681 -13.2435 -13.2309 -13.2326 -13.2518 -13.2935 -13.3651 -13.4792 -13.6594 -13.9591 -14.5481 nan nan nan nan nan nan nan nan nan nan nan nan nan nan 
-19.7722 -19.4874 -19.2124 -18.9468 -18.6901 -18.4418 -18.2016 -17.9691 -17.7438 -17.5257 -17.3143 -17.1093 -16.9106 -16.718 -16.5311 -16.3499 -16.1742 -16.0037 -15.8384 -15.6781 -15.5228 -15.3722 -15.2264 -15.0852 -14.9485 -14.8164 -14.6888 -14.5657 -14.447 -14.3328 -14.223 -14.1178 -14.0172 -13.9213 -13.8302 -13.7441 -13.6632 -13.5877 -13.5179 -13.4542 -13.3972 -13.3473 -13.3054 -13.2725 -13.2498 -13.239 -13.2425 -13.2635 -13.3068 -13.38 -13.4957 -13.6776 -13.9788 -14.5693 nan nan nan nan nan nan nan nan nan nan nan nan nan 
-19.8787 -19.5935 -19.3182 -19.0522 -18.795 -18.5463 -18.3056 -18.0726 -17.8469 -17.6282 -17.4163 -17.2108 -17.0115 -16.8182 -16.6307 -16.4489 -16.2724 -16.1012 -15.9351 -15.774 -15.6178 -15.4664 -15.3196 -15.1774 -15.0396 -14.9064 -14.7776 -14.6531 -14.533 -14.4172 -14.3058 -14.1989 -14.0963 -13.9983 -13.9049 -13.8163 -13.7325 -13.6539 -13.5806 -13.513 -13.4514 -13.3964 -13.3486 -13.3086 -13.2776 -13.2567 -13.2477 -13.2529 -13.2756 -13.3206 -13.3955 -13.5127 -13.6961 -13.9989 -14.5908 nan nan nan nan nan nan nan nan nan nan nan nan 
-19.9845 -19.6989 -19.4232 -19.1568 -18.8992 -18.6501 -18.4089 -18.1755 -17.9493 -17.7301 -17.5176 -17.3116 -17.1118 -16.9179 -16.7298 -16.5473 -16.3702 -16.1983 -16.0315 -15.8696 -15.7126 -15.5603 -15.4126 -15.2694 -15.1307 -14.9964 -14.8664 -14.7407 -14.6193 -14.5021 -14.3892 -14.2806 -14.1762 -14.0763 -13.9808 -13.8898 -13.8035 -13.7221 -13.6457 -13.5746 -13.5091 -13.4496 -13.3965 -13.3506 -13.3126 -13.2833 -13.2643 -13.257 -13.2639 -13.2883 -13.3349 -13.4113 -13.5302 -13.7151 -14.0192 -14.6126 nan nan nan nan nan nan nan nan nan nan nan 
-20.0895 -19.8035 -19.5274 -19.2607 -19.0027 -18.7531 -18.5116 -18.2777 -18.051 -17.8314 -17.6184 -17.4119 -17.2115 -17.0171 -16.8284 -16.6453 -16.4675 -16.295 -16.1275 -15.9649 -15.8071 -15.654 -15.5054 -15.3613 -15.2216 -15.0863 -14.9552 -14.8284 -14.7057 -14.5872 -14.4729 -14.3628 -14.2568 -14.1551 -14.0576 -13.9646 -13.876 -13.792 -13.7128 -13.6385 -13.5695 -13.5061 -13.4485 -13.3975 -13.3534 -13.3172 -13.2898 -13.2725 -13.2669 -13.2755 -13.3014 -13.3497 -13.4276 -13.5479 -13.7343 -14.0399 -14.6347 nan nan nan nan nan nan nan nan nan nan 
-20.1937 -19.9075 -19.631 -19.3638 -19.1055 -18.8555 -18.6136 -18.3792 -18.1522 -17.932 -17.7186 -17.5116 -17.3107 -17.1157 -16.9265 -16.7428 -16.5644 -16.3912 -16.2231 -16.0598 -15.9013 -15.7473 -15.598 -15.453 -15.3125 -15.1761 -15.0441 -14.9161 -14.7923 -14.6726 -14.557 -14.4454 -14.3379 -14.2346 -14.1354 -14.0404 -13.9496 -13.8633 -13.7816 -13.7045 -13.6324 -13.5654 -13.504 -13.4484 -13.3992 -13.357 -13.3226 -13.2969 -13.2813 -13.2774 -13.2876 -13.3151 -13.3649 -13.4443 -13.5661 -13.7539 -14.061 -14.6571 nan nan nan nan nan nan nan nan nan 
-20.2973 -20.0106 -19.7338 -19.4663 -19.2076 -18.9573 -18.7149 -18.4801 -18.2526 -18.0321 -17.8182 -17.6107 -17.4093 -17.2139 -17.0241 -16.8398 -16.6609 -16.4871 -16.3183 -16.1543 -15.9951 -15.8404 -15.6903 -15.5445 -15.4031 -15.2659 -15.1328 -15.0039 -14.879 -14.7581 -14.6413 -14.5284 -14.4195 -14.3146 -14.2138 -14.117 -14.0244 -13.9359 -13.8519 -13.7723 -13.6973 -13.6272 -13.5623 -13.5027 -13.4491 -13.4017 -13.3613 -13.3286 -13.3046 -13.2907 -13.2884 -13.3002 -13.3292 -13.3805 -13.4614 -13.5847 -13.7739 -14.0823 -14.6797 nan nan nan nan nan nan nan nan 
-20.4001 -20.1131 -19.836 -19.5681 -19.309 -19.0583 -18.8156 -18.5804 -18.3525 -18.1315 -17.9172 -17.7092 -17.5074 -17.3114 -17.1211 -16.9363 -16.7568 -16.5825 -16.413 -16.2484 -16.0885 -15.9332 -15.7823 -15.6358 -15.4936 -15.3555 -15.2215 -15.0916 -14.9657 -14.8438 -14.7258 -14.6117 -14.5015 -14.3952 -14.2928 -14.1944 -14.0999 -14.0096 -13.9234 -13.8415 -13.764 -13.6911 -13.623 -13.56 -13.5024 -13.4505 -13.405 -13.3663 -13.3353 -13.313 -13.3006 -13.2999 -13.3132 -13.3438 -13.3966 -13.4789 -13.6036 -13.7941 -14.1039 -14.7027 nan nan nan nan nan nan nan 
-20.5022 -20.2149 -19.9374 -19.6692 -19.4098 -19.1587 -18.9156 -18.6801 -18.4517 -18.2304 -18.0156 -17.8072 -17.6049 -17.4085 -17.2177 -17.0324 -16.8523 -16.6774 -16.5074 -16.3422 -16.1817 -16.0257 -15.8741 -15.7268 -15.5838 -15.4449 -15.3101 -15.1793 -15.0524 -14.9295 -14.8104 -14.6951 -14.5837 -14.4761 -14.3723 -14.2724 -14.1763 -14.0842 -13.9961 -13.912 -13.8322 -13.7568 -13.6859 -13.6197 -13.5586 -13.5028 -13.4527 -13.4089 -13.372 -13.3426 -13.3219 -13.3112 -13.312 -13.3268 -13.3589 -13.4131 -13.4968 -13.6228 -13.8147 -14.1258 -14.7258 nan nan nan nan nan nan 
-20.6035 -20.316 -20.0382 -19.7696 -19.5099 -19.2585 -19.015 -18.7791 -18.5504 -18.3286 -18.1134 -17.9046 -17.7018 -17.505 -17.3137 -17.1279 -16.9474 -16.7719 -16.6013 -16.4356 -16.2744 -16.1178 -15.9655 -15.8176 -15.6738 -15.5342 -15.3986 -15.2669 -15.1391 -15.0152 -14.8951 -14.7787 -14.6662 -14.5573 -14.4522 -14.3509 -14.2533 -14.1595 -14.0696 -13.9837 -13.9018 -13.824 -13.7506 -13.6816 -13.6173 -13.558 -13.504 -13.4557 -13.4136 -13.3783 -13.3506 -13.3315 -13.3222 -13.3246 -13.3409 -13.3744 -13.4299 -13.5151 -13.6424 -13.8356 -14.148 -14.7493 nan nan nan nan nan 
-20.7043 -20.4164 -20.1383 -19.8694 -19.6093 -19.3576 -19.1138 -18.8775 -18.6484 -18.4262 -18.2107 -18.0014 -17.7983 -17.6009 -17.4092 -17.223 -17.0419 -16.8659 -16.6948 -16.5285 -16.3668 -16.2095 -16.0567 -15.908 -15.7636 -15.6232 -15.4868 -15.3543 -15.2257 -15.1009 -14.9798 -14.8625 -14.7488 -14.6388 -14.5325 -14.4298 -14.3308 -14.2355 -14.144 -14.0563 -13.9724 -13.8926 -13.8168 -13.7453 -13.6782 -13.6158 -13.5583 -13.506 -13.4594 -13.419 -13.3853 -13.3591 -13.3416 -13.3338 -13.3377 -13.3554 -13.3903 -13.4472 -13.5337 -13.6623 -13.8568 -14.1704 -14.7729 nan nan nan nan 
-20.8043 -20.5161 -20.2377 -19.9686 -19.7081 -19.4561 -19.2119 -18.9753 -18.7459 -18.5233 -18.3074 -18.0977 -17.8941 -17.6964 -17.5042 -17.3175 -17.136 -16.9595 -16.7879 -16.621 -16.4588 -16.3009 -16.1475 -15.9982 -15.8531 -15.712 -15.5749 -15.4416 -15.3122 -15.1865 -15.0645 -14.9462 -14.8315 -14.7205 -14.613 -14.5091 -14.4088 -14.3121 -14.219 -14.1297 -14.0441 -13.9623 -13.8844 -13.8106 -13.7409 -13.6757 -13.6151 -13.5593 -13.5087 -13.4638 -13.425 -13.3929 -13.3683 -13.3522 -13.3459 -13.3512 -13.3703 -13.4066 -13.4649 -13.5526 -13.6826 -13.8783 -14.1931 -14.7969 nan nan nan 
-20.9037 -20.6152 -20.3365 -20.067 -19.8063 -19.5539 -19.3094 -19.0725 -18.8427 -18.6198 -18.4035 -18.1935 -17.9895 -17.7913 -17.5988 -17.4116 -17.2296 -17.0526 -16.8806 -16.7132 -16.5504 -16.392 -16.2379 -16.0881 -15.9423 -15.8006 -15.6627 -15.5287 -15.3985 -15.2721 -15.1492 -15.03 -14.9144 -14.8023 -14.6937 -14.5887 -14.4871 -14.3891 -14.2946 -14.2038 -14.1165 -14.0329 -13.9531 -13.8772 -13.8053 -13.7375 -13.674 -13.6152 -13.5611 -13.5122 -13.4689 -13.4316 -13.4011 -13.378 -13.3634 -13.3585 -13.3652 -13.3857 -13.4233 -13.4829 -13.5719 -13.7031 -13.9001 -14.2161 -14.821 nan nan 
-21.0024 -20.7137 -20.4347 -20.1649 -19.9039 -19.6512 -19.4064 -19.1691 -18.939 -18.7157 -18.499 -18.2886 -18.0843 -17.8857 -17.6928 -17.5052 -17.3227 -17.1453 -16.9728 -16.8049 -16.6416 -16.4826 -16.328 -16.1776 -16.0312 -15.8888 -15.7504 -15.6157 -15.4847 -15.3575 -15.2338 -15.1138 -14.9972 -14.8842 -14.7746 -14.6684 -14.5658 -14.4665 -14.3708 -14.2785 -14.1897 -14.1045 -14.0229 -13.945 -13.871 -13.8009 -13.7349 -13.6732 -13.616 -13.5636 -13.5163 -13.4746 -13.4389 -13.4098 -13.3882 -13.375 -13.3716 -13.3796 -13.4015 -13.4404 -13.5012 -13.5916 -13.724 -13.9222 -14.2393 -14.8454 nan 
