nan nan nan nan nan nan nan nan nan nan nan nan nan nan nan nan nan nan nan nan nan nan nan nan nan nan nan nan nan nan nan nan nan nan nan nan nan nan nan nan nan nan nan nan nan nan nan nan nan nan nan nan nan nan nan nan nan nan nan nan nan nan nan nan nan nan nan 
-14.0121 nan nan nan nan nan nan nan nan nan nan nan nan nan nan nan nan nan nan nan nan nan nan nan nan nan nan nan nan nan nan nan nan nan nan nan nan nan nan nan nan nan nan nan nan nan nan nan nan nan nan nan nan nan nan nan nan nan nan nan nan nan nan nan nan nan nan 
-13.6104 -13.9894 nan nan nan nan nan nan nan nan nan nan nan nan nan nan nan nan nan nan nan nan nan nan nan nan nan nan nan nan nan nan nan nan nan nan nan nan nan nan nan nan nan nan nan nan nan nan nan nan nan nan nan nan nan nan nan nan nan nan nan nan nan nan nan nan nan 
-13.4891 -13.5803 -13.9692 nan nan nan nan nan nan nan nan nan nan nan nan nan nan nan nan nan nan nan nan nan nan nan nan nan nan nan nan nan nan nan nan nan nan nan nan nan nan nan nan nan nan nan nan nan nan nan nan nan nan nan nan nan nan nan nan nan nan nan nan nan nan nan nan 
-13.4785 -13.452 -13.5531 -13.9512 nan nan nan nan nan nan nan nan nan nan nan nan nan nan nan nan nan nan nan nan nan nan nan nan nan nan nan nan nan nan nan nan nan nan nan nan nan nan nan nan nan nan nan nan nan nan nan nan nan nan nan nan nan nan nan nan nan nan nan nan nan nan nan 
-13.526 -13.4348 -13.4181 -13.5285 -13.9355 nan nan nan nan nan nan nan nan nan nan nan nan nan nan nan nan nan nan nan nan nan nan nan nan nan nan nan nan nan nan nan nan nan nan nan nan nan nan nan nan nan nan nan nan nan nan nan nan nan nan nan nan nan nan nan nan nan nan nan nan nan nan 
-13.608 -13.4759 -13.3946 -13.3872 -13.5065 -13.9218 nan nan nan nan nan nan nan nan nan nan nan nan nan nan nan nan nan nan nan nan nan nan nan nan nan nan nan nan nan nan nan nan nan nan nan nan nan nan nan nan nan nan nan nan nan nan nan nan nan nan nan nan nan nan nan nan nan nan nan nan nan 
-13.7122 -13.552 -13.4298 -13.3578 -13.3592 -13.4868 -13.91 nan nan nan nan nan nan nan nan nan nan nan nan nan nan nan nan nan nan nan nan nan nan nan nan nan nan nan nan nan nan nan nan nan nan nan nan nan nan nan nan nan nan nan nan nan nan nan nan nan nan nan nan nan nan nan nan nan nan nan nan 
-13.8315 -13.6505 -13.5001 -13.3873 -13.3241 -13.3339 -13.4693 -13.9 nan nan nan nan nan nan nan nan nan nan nan nan nan nan nan nan nan nan nan nan nan nan nan nan nan nan nan nan nan nan nan nan nan nan nan nan nan nan nan nan nan nan nan nan nan nan nan nan nan nan nan nan nan nan nan nan nan nan nan 
-13.9611 -13.7644 -13.5933 -13.4522 -13.3482 -13.2933 -13.311 -13.454 -13.8918 nan nan nan nan nan nan nan nan nan nan nan nan nan nan nan nan nan nan nan nan nan nan nan nan nan nan nan nan nan nan nan nan nan nan nan nan nan nan nan nan nan nan nan nan nan nan nan nan nan nan nan nan nan nan nan nan nan nan 
-14.098 -13.8888 -13.7019 -13.5402 -13.4079 -13.3122 -13.2653 -13.2904 -13.4406 -13.8852 nan nan nan nan nan nan nan nan nan nan nan nan nan nan nan nan nan nan nan nan nan nan nan nan nan nan nan nan nan nan nan nan nan nan nan nan nan nan nan nan nan nan nan nan nan nan nan nan nan nan nan nan nan nan nan nan nan 
-14.2401 -14.0208 -13.8215 -13.6439 -13.491 -13.3671 -13.2793 -13.2398 -13.2721 -13.429 -13.8802 nan nan nan nan nan nan nan nan nan nan nan nan nan nan nan nan nan nan nan nan nan nan nan nan nan nan nan nan nan nan nan nan nan nan nan nan nan nan nan nan nan nan nan nan nan nan nan nan nan nan nan nan nan nan nan nan 
-14.3858 -14.1582 -13.9487 -13.7587 -13.59 -13.4454 -13.3294 -13.2491 -13.2168 -13.2559 -13.4193 -13.8766 nan nan nan nan nan nan nan nan nan nan nan nan nan nan nan nan nan nan nan nan nan nan nan nan nan nan nan nan nan nan nan nan nan nan nan nan nan nan nan nan nan nan nan nan nan nan nan nan nan nan nan nan nan nan nan 
-14.534 -14.2994 -14.0816 -13.8815 -13.7003 -13.5399 -13.4032 -13.2947 -13.2215 -13.196 -13.2416 -13.4112 -13.8744 nan nan nan nan nan nan nan nan nan nan nan nan nan nan nan nan nan nan nan nan nan nan nan nan nan nan nan nan nan nan nan nan nan nan nan nan nan nan nan nan nan nan nan nan nan nan nan nan nan nan nan nan nan nan 
-14.6839 -14.4433 -14.2185 -14.01 -13.8187 -13.6459 -13.4934 -13.3642 -13.2628 -13.1965 -13.1775 -13.2292 -13.4047 -13.8735 nan nan nan nan nan nan nan nan nan nan nan nan nan nan nan nan nan nan nan nan nan nan nan nan nan nan nan nan nan nan nan nan nan nan nan nan nan nan nan nan nan nan nan nan nan nan nan nan nan nan nan nan nan 
-14.8348 -14.589 -14.3582 -14.1428 -13.9431 -13.7602 -13.5952 -13.4503 -13.3282 -13.2336 -13.1737 -13.1609 -13.2185 -13.3996 -13.8739 nan nan nan nan nan nan nan nan nan nan nan nan nan nan nan nan nan nan nan nan nan nan nan nan nan nan nan nan nan nan nan nan nan nan nan nan nan nan nan nan nan nan nan nan nan nan nan nan nan nan nan nan 
-14.9862 -14.7359 -14.5 -14.2786 -14.0719 -13.8806 -13.7056 -13.5481 -13.4103 -13.295 -13.2069 -13.1532 -13.1463 -13.2096 -13.3961 -13.8755 nan nan nan nan nan nan nan nan nan nan nan nan nan nan nan nan nan nan nan nan nan nan nan nan nan nan nan nan nan nan nan nan nan nan nan nan nan nan nan nan nan nan nan nan nan nan nan nan nan nan nan 
-15.1378 -14.8836 -14.6431 -14.4165 -14.2039 -14.0056 -13.8222 -13.6547 -13.5043 -13.3733 -13.2645 -13.1826 -13.1348 -13.1335 -13.2022 -13.3938 -13.8782 nan nan nan nan nan nan nan nan nan nan nan nan nan nan nan nan nan nan nan nan nan nan nan nan nan nan nan nan nan nan nan nan nan nan nan nan nan nan nan nan nan nan nan nan nan nan nan nan nan nan 
-15.2892 -15.0315 -14.7871 -14.556 -14.3382 -14.1339 -13.9435 -13.7676 -13.6072 -13.4637 -13.3391 -13.2365 -13.1605 -13.1183 -13.1224 -13.1963 -13.3929 -13.882 nan nan nan nan nan nan nan nan nan nan nan nan nan nan nan nan nan nan nan nan nan nan nan nan nan nan nan nan nan nan nan nan nan nan nan nan nan nan nan nan nan nan nan nan nan nan nan nan nan 
-15.4403 -15.1794 -14.9315 -14.6964 -14.4741 -14.2647 -14.0683 -13.8854 -13.7166 -13.563 -13.426 -13.3076 -13.2109 -13.1405 -13.1037 -13.113 -13.1918 -13.3932 -13.8869 nan nan nan nan nan nan nan nan nan nan nan nan nan nan nan nan nan nan nan nan nan nan nan nan nan nan nan nan nan nan nan nan nan nan nan nan nan nan nan nan nan nan nan nan nan nan nan nan 
-15.5907 -15.327 -15.076 -14.8374 -14.6112 -14.3972 -14.1956 -14.0068 -13.831 -13.6691 -13.5219 -13.3911 -13.2786 -13.1875 -13.1225 -13.0909 -13.1052 -13.1887 -13.3947 -13.8928 nan nan nan nan nan nan nan nan nan nan nan nan nan nan nan nan nan nan nan nan nan nan nan nan nan nan nan nan nan nan nan nan nan nan nan nan nan nan nan nan nan nan nan nan nan nan nan 
-15.7405 -15.4742 -15.2204 -14.9787 -14.7489 -14.531 -14.3249 -14.1309 -13.9491 -13.7802 -13.6247 -13.4837 -13.3588 -13.2519 -13.1663 -13.1065 -13.0798 -13.0988 -13.1869 -13.3973 -13.8996 nan nan nan nan nan nan nan nan nan nan nan nan nan nan nan nan nan nan nan nan nan nan nan nan nan nan nan nan nan nan nan nan nan nan nan nan nan nan nan nan nan nan nan nan nan nan 
-15.8894 -15.6208 -15.3644 -15.1199 -14.887 -14.6655 -14.4555 -14.257 -14.0701 -13.8951 -13.7327 -13.5834 -13.4483 -13.329 -13.2275 -13.1471 -13.0922 -13.0703 -13.0939 -13.1864 -13.401 -13.9073 nan nan nan nan nan nan nan nan nan nan nan nan nan nan nan nan nan nan nan nan nan nan nan nan nan nan nan nan nan nan nan nan nan nan nan nan nan nan nan nan nan nan nan nan nan 
-16.0374 -15.7667 -15.508 -15.2609 -15.0251 -14.8006 -14.5871 -14.3846 -14.1932 -14.0131 -13.8446 -13.6883 -13.5449 -13.4155 -13.3016 -13.2053 -13.1298 -13.0797 -13.0623 -13.0903 -13.187 -13.4057 -13.916 nan nan nan nan nan nan nan nan nan nan nan nan nan nan nan nan nan nan nan nan nan nan nan nan nan nan nan nan nan nan nan nan nan nan nan nan nan nan nan nan nan nan nan nan 
-16.1844 -15.9117 -15.6509 -15.4015 -15.1632 -14.9358 -14.7192 -14.5132 -14.3178 -14.1332 -13.9596 -13.7973 -13.6469 -13.5091 -13.3851 -13.2764 -13.1851 -13.1143 -13.0688 -13.0558 -13.088 -13.1888 -13.4114 -13.9254 nan nan nan nan nan nan nan nan nan nan nan nan nan nan nan nan nan nan nan nan nan nan nan nan nan nan nan nan nan nan nan nan nan nan nan nan nan nan nan nan nan nan nan 
-16.3303 -16.0559 -15.7931 -15.5416 -15.301 -15.0711 -14.8516 -14.6424 -14.4436 -14.255 -14.0769 -13.9094 -13.753 -13.6083 -13.4759 -13.3571 -13.2533 -13.1667 -13.1005 -13.0594 -13.0507 -13.0869 -13.1917 -13.418 -13.9357 nan nan nan nan nan nan nan nan nan nan nan nan nan nan nan nan nan nan nan nan nan nan nan nan nan nan nan nan nan nan nan nan nan nan nan nan nan nan nan nan nan nan 
-16.4751 -16.1991 -15.9345 -15.6811 -15.4384 -15.2061 -14.9841 -14.7721 -14.5701 -14.378 -14.1959 -14.024 -13.8624 -13.7117 -13.5723 -13.4452 -13.3313 -13.2322 -13.1503 -13.0885 -13.0515 -13.0469 -13.0871 -13.1956 -13.4255 -13.9467 nan nan nan nan nan nan nan nan nan nan nan nan nan nan nan nan nan nan nan nan nan nan nan nan nan nan nan nan nan nan nan nan nan nan nan nan nan nan nan nan nan 
-16.6188 -16.3412 -16.075 -15.8198 -15.5752 -15.3408 -15.1165 -14.902 -14.6971 -14.5019 -14.3163 -14.1404 -13.9744 -13.8185 -13.6731 -13.5389 -13.4167 -13.3076 -13.2131 -13.1355 -13.0779 -13.0451 -13.0444 -13.0883 -13.2004 -13.4339 -13.9585 nan nan nan nan nan nan nan nan nan nan nan nan nan nan nan nan nan nan nan nan nan nan nan nan nan nan nan nan nan nan nan nan nan nan nan nan nan nan nan nan 
-16.7614 -16.4824 -16.2147 -15.9578 -15.7114 -15.4751 -15.2486 -15.0318 -14.8244 -14.6264 -14.4376 -14.2582 -14.0882 -13.9278 -13.7773 -13.6371 -13.5079 -13.3904 -13.2859 -13.1958 -13.1225 -13.0689 -13.04 -13.0431 -13.0906 -13.2063 -13.4431 -13.971 nan nan nan nan nan nan nan nan nan nan nan nan nan nan nan nan nan nan nan nan nan nan nan nan nan nan nan nan nan nan nan nan nan nan nan nan nan nan nan 
-16.9028 -16.6225 -16.3533 -16.0949 -15.8469 -15.6088 -15.3804 -15.1614 -14.9518 -14.7512 -14.5596 -14.3771 -14.2036 -14.0392 -13.8842 -13.7389 -13.6036 -13.4792 -13.3663 -13.2661 -13.1803 -13.111 -13.0614 -13.0362 -13.0429 -13.094 -13.213 -13.4532 -13.9842 nan nan nan nan nan nan nan nan nan nan nan nan nan nan nan nan nan nan nan nan nan nan nan nan nan nan nan nan nan nan nan nan nan nan nan nan nan nan 
-17.043 -16.7615 -16.491 -16.2312 -15.9816 -15.7419 -15.5117 -15.2908 -15.079 -14.8761 -14.682 -14.4966 -14.32 -14.1521 -13.9932 -13.8433 -13.703 -13.5725 -13.4526 -13.3441 -13.2482 -13.1664 -13.101 -13.0552 -13.0337 -13.0439 -13.0983 -13.2206 -13.464 -13.9981 nan nan nan nan nan nan nan nan nan nan nan nan nan nan nan nan nan nan nan nan nan nan nan nan nan nan nan nan nan nan nan nan nan nan nan nan nan 
-17.1821 -16.8994 -16.6277 -16.3665 -16.1155 -15.8743 -15.6425 -15.4198 -15.2061 -15.001 -14.8046 -14.6167 -14.4372 -14.2662 -14.1038 -13.95 -13.8051 -13.6695 -13.5436 -13.4281 -13.3238 -13.2319 -13.1541 -13.0925 -13.0503 -13.0323 -13.0459 -13.1036 -13.2291 -13.4755 -14.0126 nan nan nan nan nan nan nan nan nan nan nan nan nan nan nan nan nan nan nan nan nan nan nan nan nan nan nan nan nan nan nan nan nan nan nan nan 
-17.32 -17.0362 -16.7633 -16.501 -16.2486 -16.0059 -15.7726 -15.5483 -15.3328 -15.1258 -14.9273 -14.7371 -14.555 -14.3812 -14.2156 -14.0583 -13.9095 -13.7694 -13.6383 -13.5168 -13.4055 -13.3053 -13.2174 -13.1433 -13.0853 -13.0467 -13.032 -13.0489 -13.1098 -13.2384 -13.4877 -14.0277 nan nan nan nan nan nan nan nan nan nan nan nan nan nan nan nan nan nan nan nan nan nan nan nan nan nan nan nan nan nan nan nan nan nan nan 
-17.4567 -17.1719 -16.8979 -16.6344 -16.3808 -16.1368 -15.9021 -15.6762 -15.4591 -15.2504 -15.0499 -14.8575 -14.6732 -14.4968 -14.3284 -14.168 -14.0156 -13.8716 -13.736 -13.6094 -13.4921 -13.3849 -13.2886 -13.2044 -13.134 -13.0795 -13.0442 -13.0329 -13.0529 -13.1169 -13.2484 -13.5007 -14.0434 nan nan nan nan nan nan nan nan nan nan nan nan nan nan nan nan nan nan nan nan nan nan nan nan nan nan nan nan nan nan nan nan nan nan 
-17.5923 -17.3065 -17.0315 -16.7669 -16.5122 -16.2669 -16.0308 -15.8036 -15.5849 -15.3745 -15.1723 -14.978 -14.7916 -14.6129 -14.4419 -14.2786 -14.1232 -13.9756 -13.8361 -13.7049 -13.5825 -13.4693 -13.366 -13.2735 -13.193 -13.126 -13.075 -13.043 -13.0348 -13.0579 -13.1248 -13.2592 -13.5143 -14.0597 nan nan nan nan nan nan nan nan nan nan nan nan nan nan nan nan nan nan nan nan nan nan nan nan nan nan nan nan nan nan nan nan nan 
-17.7267 -17.44 -17.164 -16.8984 -16.6426 -16.3962 -16.1589 -15.9303 -15.7102 -15.4983 -15.2944 -15.0983 -14.91 -14.7292 -14.5559 -14.3901 -14.2318 -14.0811 -13.938 -13.8029 -13.676 -13.5577 -13.4484 -13.3488 -13.26 -13.1829 -13.1194 -13.0716 -13.0428 -13.0377 -13.0638 -13.1336 -13.2708 -13.5285 -14.0765 nan nan nan nan nan nan nan nan nan nan nan nan nan nan nan nan nan nan nan nan nan nan nan nan nan nan nan nan nan nan nan nan 
-17.8599 -17.5723 -17.2955 -17.0289 -16.7721 -16.5246 -16.2861 -16.0563 -15.8349 -15.6216 -15.4162 -15.2184 -15.0283 -14.8455 -14.6701 -14.502 -14.3412 -14.1877 -14.0415 -13.9029 -13.772 -13.6492 -13.5347 -13.4292 -13.3333 -13.248 -13.1743 -13.1141 -13.0695 -13.0437 -13.0416 -13.0705 -13.1431 -13.283 -13.5433 -14.0939 nan nan nan nan nan nan nan nan nan nan nan nan nan nan nan nan nan nan nan nan nan nan nan nan nan nan nan nan nan nan nan 
-17.992 -17.7036 -17.4259 -17.1584 -16.9006 -16.6521 -16.4126 -16.1816 -15.9589 -15.7443 -15.5375 -15.3382 -15.1464 -14.9619 -14.7846 -14.6144 -14.4512 -14.2951 -14.1462 -14.0044 -13.87 -13.7432 -13.6243 -13.5136 -13.4117 -13.3194 -13.2374 -13.167 -13.11 -13.0684 -13.0456 -13.0463 -13.0781 -13.1534 -13.2959 -13.5587 -14.1118 nan nan nan nan nan nan nan nan nan nan nan nan nan nan nan nan nan nan nan nan nan nan nan nan nan nan nan nan nan nan 
-18.123 -17.8339 -17.5553 -17.287 -17.0283 -16.7788 -16.5382 -16.3062 -16.0823 -15.8665 -15.6583 -15.4577 -15.2643 -15.0782 -14.8991 -14.7269 -14.5616 -14.4032 -14.2517 -14.1072 -13.9696 -13.8393 -13.7164 -13.6013 -13.4942 -13.3959 -13.3069 -13.2282 -13.161 -13.107 -13.0684 -13.0485 -13.052 -13.0864 -13.1644 -13.3094 -13.5747 -14.1301 nan nan nan nan nan nan nan nan nan nan nan nan nan nan nan nan nan nan nan nan nan nan nan nan nan nan nan nan nan 
-18.2529 -17.963 -17.6837 -17.4145 -17.1549 -16.9046 -16.663 -16.43 -16.2051 -15.988 -15.7786 -15.5767 -15.3819 -15.1942 -15.0135 -14.8395 -14.6723 -14.5118 -14.358 -14.2109 -14.0706 -13.9371 -13.8107 -13.6916 -13.58 -13.4765 -13.3816 -13.2959 -13.2203 -13.1562 -13.1052 -13.0695 -13.0523 -13.0585 -13.0956 -13.176 -13.3235 -13.5912 -14.149 nan nan nan nan nan nan nan nan nan nan nan nan nan nan nan nan nan nan nan nan nan nan nan nan nan nan nan nan 
-18.3817 -18.0911 -17.8111 -17.5411 -17.2807 -17.0295 -16.787 -16.553 -16.3271 -16.109 -15.8984 -15.6952 -15.4991 -15.31 -15.1277 -14.9522 -14.7832 -14.6207 -14.4648 -14.3154 -14.1725 -14.0362 -13.9067 -13.784 -13.6686 -13.5606 -13.4604 -13.3688 -13.2862 -13.2138 -13.1526 -13.1044 -13.0715 -13.0571 -13.0659 -13.1055 -13.1884 -13.3383 -13.6083 -14.1683 nan nan nan nan nan nan nan nan nan nan nan nan nan nan nan nan nan nan nan nan nan nan nan nan nan nan nan 
-18.5094 -18.2181 -17.9374 -17.6667 -17.4055 -17.1535 -16.9102 -16.6752 -16.4483 -16.2292 -16.0176 -15.8132 -15.6159 -15.4255 -15.2418 -15.0647 -14.894 -14.7298 -14.572 -14.4204 -14.2752 -14.1364 -14.004 -13.8783 -13.7593 -13.6473 -13.5427 -13.4459 -13.3574 -13.2779 -13.2084 -13.1501 -13.1047 -13.0745 -13.0627 -13.074 -13.1161 -13.2014 -13.3536 -13.6259 -14.1881 nan nan nan nan nan nan nan nan nan nan nan nan nan nan nan nan nan nan nan nan nan nan nan nan nan nan 
-18.636 -18.3441 -18.0627 -17.7913 -17.5294 -17.2766 -17.0325 -16.7967 -16.5689 -16.3488 -16.1361 -15.9307 -15.7322 -15.5406 -15.3555 -15.177 -15.0049 -14.839 -14.6794 -14.5259 -14.3786 -14.2374 -14.1025 -13.9739 -13.8518 -13.7363 -13.6278 -13.5264 -13.4328 -13.3473 -13.2708 -13.2042 -13.1487 -13.106 -13.0784 -13.0691 -13.083 -13.1274 -13.215 -13.3695 -13.644 -14.2083 nan nan nan nan nan nan nan nan nan nan nan nan nan nan nan nan nan nan nan nan nan nan nan nan nan 
-18.7616 -18.4691 -18.1871 -17.915 -17.6524 -17.3988 -17.1539 -16.9173 -16.6887 -16.4677 -16.254 -16.0476 -15.848 -15.6552 -15.469 -15.2891 -15.1156 -14.9482 -14.7869 -14.6316 -14.4824 -14.3391 -14.2019 -14.0708 -13.9458 -13.8272 -13.7151 -13.6099 -13.5117 -13.4211 -13.3386 -13.265 -13.2012 -13.1484 -13.1083 -13.0832 -13.0764 -13.0926 -13.1394 -13.2293 -13.3859 -13.6625 -14.229 nan nan nan nan nan nan nan nan nan nan nan nan nan nan nan nan nan nan nan nan nan nan nan nan 
-18.8862 -18.5931 -18.3104 -18.0377 -17.7744 -17.5202 -17.2746 -17.0372 -16.8077 -16.5858 -16.3713 -16.1639 -15.9633 -15.7694 -15.582 -15.4009 -15.226 -15.0572 -14.8944 -14.7375 -14.5865 -14.4413 -14.302 -14.1685 -14.0411 -13.9196 -13.8044 -13.6956 -13.5935 -13.4984 -13.4108 -13.3312 -13.2603 -13.1992 -13.149 -13.1115 -13.0889 -13.0844 -13.103 -13.152 -13.2441 -13.4029 -13.6816 -14.25 nan nan nan nan nan nan nan nan nan nan nan nan nan nan nan nan nan nan nan nan nan nan nan 
-19.0097 -18.7161 -18.4328 -18.1595 -17.8956 -17.6407 -17.3943 -17.1562 -16.926 -16.7033 -16.4879 -16.2796 -16.078 -15.8831 -15.6946 -15.5124 -15.3363 -15.1661 -15.0019 -14.8435 -14.6908 -14.5439 -14.4026 -14.267 -14.1372 -14.0133 -13.8952 -13.7833 -13.6777 -13.5786 -13.4865 -13.4017 -13.3249 -13.2568 -13.1983 -13.1506 -13.1155 -13.0953 -13.0932 -13.114 -13.1652 -13.2594 -13.4203 -13.701 -14.2714 nan nan nan nan nan nan nan nan nan nan nan nan nan nan nan nan nan nan nan nan nan nan 
-19.1323 -18.8381 -18.5543 -18.2804 -18.0158 -17.7603 -17.5133 -17.2744 -17.0435 -16.82 -16.6038 -16.3946 -16.1922 -15.9963 -15.8068 -15.6235 -15.4462 -15.2748 -15.1093 -14.9494 -14.7952 -14.6466 -14.5036 -14.3661 -14.2342 -14.1079 -13.9873 -13.8726 -13.7638 -13.6613 -13.5652 -13.4759 -13.394 -13.3198 -13.2543 -13.1983 -13.1532 -13.1205 -13.1026 -13.1027 -13.1257 -13.1791 -13.2754 -13.4383 -13.7209 -14.2933 nan nan nan nan nan nan nan nan nan nan nan nan nan nan nan nan nan nan nan nan nan 
-19.2538 -18.9591 -18.6748 -18.4003 -18.1352 -17.879 -17.6314 -17.3919 -17.1602 -16.936 -16.719 -16.509 -16.3057 -16.1089 -15.9185 -15.7341 -15.5558 -15.3833 -15.2165 -15.0553 -14.8997 -14.7496 -14.6049 -14.4656 -14.3318 -14.2034 -14.0805 -13.9632 -13.8516 -13.7459 -13.6463 -13.5531 -13.4667 -13.3874 -13.3159 -13.2529 -13.1994 -13.1566 -13.1262 -13.1106 -13.1129 -13.1381 -13.1935 -13.2918 -13.4567 -13.7413 -14.3155 nan nan nan nan nan nan nan nan nan nan nan nan nan nan nan nan nan nan nan nan 
-19.3744 -19.0792 -18.7944 -18.5194 -18.2537 -17.9969 -17.7487 -17.5085 -17.2762 -17.0513 -16.8336 -16.6228 -16.4187 -16.221 -16.0297 -15.8444 -15.665 -15.4914 -15.3234 -15.1611 -15.0041 -14.8526 -14.7064 -14.5655 -14.4298 -14.2995 -14.1745 -14.0549 -13.9408 -13.8323 -13.7295 -13.6328 -13.5424 -13.4586 -13.382 -13.313 -13.2525 -13.2014 -13.1609 -13.1328 -13.1193 -13.1238 -13.151 -13.2085 -13.3088 -13.4755 -13.762 -14.338 nan nan nan nan nan nan nan nan nan nan nan nan nan nan nan nan nan nan nan 
-19.4941 -19.1984 -18.913 -18.6375 -18.3713 -18.114 -17.8651 -17.6244 -17.3914 -17.1658 -16.9474 -16.7359 -16.531 -16.3326 -16.1403 -15.9541 -15.7738 -15.5992 -15.4301 -15.2666 -15.1084 -14.9556 -14.8079 -14.6655 -14.5282 -14.3961 -14.2692 -14.1475 -14.031 -13.92 -13.8145 -13.7146 -13.6207 -13.5329 -13.4518 -13.3777 -13.3112 -13.253 -13.2042 -13.166 -13.1401 -13.1288 -13.1354 -13.1646 -13.224 -13.3262 -13.4949 -13.7831 -14.3609 nan nan nan nan nan nan nan nan nan nan nan nan nan nan nan nan nan nan 
-19.6128 -19.3166 -19.0308 -18.7548 -18.4881 -18.2302 -17.9808 -17.7395 -17.5059 -17.2797 -17.0606 -16.8484 -16.6427 -16.4435 -16.2505 -16.0634 -15.8821 -15.7066 -15.5365 -15.3719 -15.2126 -15.0585 -14.9095 -14.7657 -14.6269 -14.4931 -14.3644 -14.2408 -14.1222 -14.0089 -13.9008 -13.7981 -13.701 -13.6098 -13.5247 -13.4461 -13.3744 -13.3103 -13.2545 -13.208 -13.172 -13.1482 -13.139 -13.1475 -13.1787 -13.2401 -13.3441 -13.5146 -13.8047 -14.3842 nan nan nan nan nan nan nan nan nan nan nan nan nan nan nan nan nan 
-19.7306 -19.434 -19.1477 -18.8712 -18.604 -18.3456 -18.0957 -17.8538 -17.6196 -17.3928 -17.1731 -16.9602 -16.7538 -16.5539 -16.36 -16.1722 -15.99 -15.8136 -15.6426 -15.4769 -15.3165 -15.1613 -15.0111 -14.8659 -14.7257 -14.5904 -14.4601 -14.3347 -14.2142 -14.0987 -13.9883 -13.8831 -13.7832 -13.6888 -13.6002 -13.5176 -13.4415 -13.3722 -13.3104 -13.2569 -13.2126 -13.1787 -13.157 -13.1498 -13.1603 -13.1934 -13.2566 -13.3625 -13.5348 -13.8265 -14.4077 nan nan nan nan nan nan nan nan nan nan nan nan nan nan nan nan 
-19.8474 -19.5504 -19.2637 -18.9867 -18.719 -18.4602 -18.2097 -17.9673 -17.7325 -17.5051 -17.2848 -17.0713 -16.8643 -16.6636 -16.4691 -16.2804 -16.0975 -15.9201 -15.7482 -15.5816 -15.4202 -15.2639 -15.1125 -14.9661 -14.8246 -14.6879 -14.5561 -14.429 -14.3067 -14.1893 -14.0768 -13.9693 -13.8668 -13.7697 -13.6779 -13.5918 -13.5117 -13.438 -13.371 -13.3115 -13.2602 -13.2179 -13.1862 -13.1665 -13.1612 -13.1737 -13.2087 -13.2737 -13.3814 -13.5553 -13.8488 -14.4316 nan nan nan nan nan nan nan nan nan nan nan nan nan nan nan 
-19.9634 -19.666 -19.3788 -19.1014 -18.8333 -18.5739 -18.323 -18.08 -17.8448 -17.6168 -17.3959 -17.1818 -16.9741 -16.7728 -16.5775 -16.3881 -16.2044 -16.0263 -15.8535 -15.686 -15.5236 -15.3663 -15.2139 -15.0663 -14.9235 -14.7855 -14.6522 -14.5237 -14.3997 -14.2806 -14.1661 -14.0565 -13.9517 -13.852 -13.7574 -13.6682 -13.5846 -13.5069 -13.4355 -13.3708 -13.3135 -13.2642 -13.2241 -13.1943 -13.1766 -13.1733 -13.1876 -13.2244 -13.2912 -13.4006 -13.5763 -13.8714 -14.4558 nan nan nan nan nan nan nan nan nan nan nan nan nan nan 
-20.0786 -19.7807 -19.4931 -19.2153 -18.9467 -18.6869 -18.4355 -18.192 -17.9562 -17.7278 -17.5063 -17.2916 -17.0833 -16.8814 -16.6854 -16.4953 -16.3109 -16.132 -15.9584 -15.79 -15.6267 -15.4684 -15.315 -15.1663 -15.0224 -14.8832 -14.7486 -14.6186 -14.4931 -14.3723 -14.2561 -14.1445 -14.0377 -13.9356 -13.8385 -13.7465 -13.6597 -13.5785 -13.5031 -13.434 -13.3715 -13.3163 -13.2691 -13.231 -13.2032 -13.1874 -13.186 -13.2021 -13.2407 -13.3092 -13.4203 -13.5976 -13.8943 -14.4803 nan nan nan nan nan nan nan nan nan nan nan nan nan 
-20.1928 -19.8946 -19.6066 -19.3284 -19.0594 -18.7991 -18.5472 -18.3033 -18.067 -17.838 -17.616 -17.4007 -17.1919 -16.9893 -16.7927 -16.602 -16.4168 -16.2372 -16.0628 -15.8936 -15.7295 -15.5703 -15.4159 -15.2662 -15.1212 -14.9808 -14.845 -14.7137 -14.5868 -14.4645 -14.3466 -14.2333 -14.1245 -14.0203 -13.9209 -13.8263 -13.7368 -13.6524 -13.5735 -13.5004 -13.4334 -13.3731 -13.3199 -13.2748 -13.2387 -13.2128 -13.1989 -13.1992 -13.2172 -13.2575 -13.3277 -13.4404 -13.6193 -13.9176 -14.5051 nan nan nan nan nan nan nan nan nan nan nan nan 
-20.3062 -20.0076 -19.7193 -19.4406 -19.1712 -18.9105 -18.6582 -18.4138 -18.177 -17.9475 -17.725 -17.5092 -17.2998 -17.0967 -16.8995 -16.7081 -16.5223 -16.3419 -16.1668 -15.9969 -15.8319 -15.6718 -15.5165 -15.3659 -15.2199 -15.0784 -14.9414 -14.8089 -14.6807 -14.5569 -14.4375 -14.3226 -14.212 -14.1059 -14.0044 -13.9075 -13.8154 -13.7282 -13.6462 -13.5696 -13.4986 -13.4338 -13.3755 -13.3244 -13.2813 -13.247 -13.223 -13.2109 -13.2131 -13.2327 -13.2747 -13.3466 -13.4609 -13.6414 -13.9412 -14.5302 nan nan nan nan nan nan nan nan nan nan nan 
-20.4188 -20.1199 -19.8311 -19.5521 -19.2823 -19.0212 -18.7684 -18.5236 -18.2864 -18.0564 -17.8334 -17.617 -17.4071 -17.2034 -17.0056 -16.8136 -16.6272 -16.4462 -16.2704 -16.0997 -15.9339 -15.773 -15.6169 -15.4654 -15.3184 -15.1759 -15.0378 -14.9041 -14.7747 -14.6496 -14.5288 -14.4123 -14.3001 -14.1922 -14.0888 -13.9898 -13.8954 -13.8057 -13.7208 -13.641 -13.5666 -13.4978 -13.435 -13.3788 -13.3297 -13.2884 -13.2561 -13.2339 -13.2236 -13.2274 -13.2488 -13.2924 -13.3659 -13.4818 -13.6638 -13.9651 -14.5556 nan nan nan nan nan nan nan nan nan nan 
-20.5306 -20.2313 -19.9422 -19.6628 -19.3926 -19.1311 -18.8779 -18.6327 -18.395 -18.1645 -17.9411 -17.7242 -17.5138 -17.3095 -17.1112 -16.9186 -16.7316 -16.5499 -16.3734 -16.202 -16.0356 -15.8739 -15.7169 -15.5646 -15.4167 -15.2732 -15.1341 -14.9993 -14.8688 -14.7425 -14.6204 -14.5024 -14.3887 -14.2792 -14.174 -14.073 -13.9765 -13.8845 -13.7971 -13.7145 -13.6369 -13.5646 -13.4979 -13.4372 -13.3829 -13.3357 -13.2963 -13.2658 -13.2454 -13.2368 -13.2423 -13.2653 -13.3105 -13.3856 -13.503 -13.6865 -13.9893 -14.5812 nan nan nan nan nan nan nan nan nan 
-20.6416 -20.3419 -20.0525 -19.7727 -19.5021 -19.2402 -18.9867 -18.741 -18.5029 -18.272 -18.0481 -17.8308 -17.6198 -17.4151 -17.2162 -17.023 -16.8354 -16.6531 -16.476 -16.304 -16.1368 -15.9744 -15.8167 -15.6635 -15.5147 -15.3704 -15.2303 -15.0945 -14.9629 -14.8354 -14.7121 -14.5928 -14.4777 -14.3667 -14.2598 -14.1571 -14.0586 -13.9645 -13.8748 -13.7896 -13.7093 -13.6338 -13.5636 -13.4989 -13.4401 -13.3878 -13.3424 -13.3049 -13.2761 -13.2574 -13.2505 -13.2577 -13.2823 -13.3291 -13.4057 -13.5246 -13.7096 -14.0138 -14.6071 nan nan nan nan nan nan nan nan 
-20.7517 -20.4517 -20.162 -19.8819 -19.6109 -19.3487 -19.0947 -18.8486 -18.6101 -18.3788 -18.1544 -17.9367 -17.7253 -17.52 -17.3206 -17.1269 -16.9387 -16.7559 -16.5782 -16.4055 -16.2376 -16.0745 -15.9161 -15.7621 -15.6125 -15.4673 -15.3264 -15.1896 -15.0569 -14.9284 -14.8039 -14.6834 -14.567 -14.4545 -14.3461 -14.2418 -14.1415 -14.0455 -13.9537 -13.8662 -13.7833 -13.705 -13.6317 -13.5635 -13.5007 -13.4439 -13.3934 -13.3499 -13.3141 -13.2871 -13.2701 -13.2648 -13.2736 -13.2998 -13.3481 -13.4262 -13.5466 -13.7329 -14.0385 -14.6332 nan nan nan nan nan nan nan 
-20.8611 -20.5608 -20.2707 -19.9903 -19.719 -19.4564 -19.202 -18.9556 -18.7167 -18.485 -18.2601 -18.0419 -17.8301 -17.6243 -17.4244 -17.2302 -17.0415 -16.8581 -16.6798 -16.5065 -16.338 -16.1743 -16.0151 -15.8604 -15.7101 -15.564 -15.4222 -15.2845 -15.1509 -15.0214 -14.8958 -14.7741 -14.6565 -14.5427 -14.4329 -14.327 -14.2251 -14.1273 -14.0335 -13.944 -13.8588 -13.778 -13.7018 -13.6305 -13.5642 -13.5034 -13.4484 -13.3997 -13.358 -13.324 -13.2986 -13.2833 -13.2796 -13.29 -13.3177 -13.3675 -13.447 -13.5688 -13.7566 -14.0636 -14.6596 nan nan nan nan nan nan 
-20.9698 -20.6692 -20.3787 -20.0979 -19.8263 -19.5633 -19.3087 -19.0618 -18.8225 -18.5904 -18.3652 -18.1466 -17.9343 -17.728 -17.5277 -17.333 -17.1438 -16.9598 -16.781 -16.6071 -16.438 -16.2736 -16.1137 -15.9583 -15.8073 -15.6605 -15.5179 -15.3793 -15.2448 -15.1143 -14.9877 -14.865 -14.7461 -14.6311 -14.52 -14.4127 -14.3093 -14.2098 -14.1143 -14.0228 -13.9355 -13.8524 -13.7737 -13.6995 -13.6301 -13.5658 -13.5069 -13.4537 -13.4068 -13.3668 -13.3345 -13.3108 -13.297 -13.2949 -13.3068 -13.336 -13.3873 -13.4683 -13.5915 -13.7806 -14.0889 -14.6863 nan nan nan nan nan 
-21.0777 -20.7768 -20.486 -20.2049 -19.9329 -19.6696 -19.4146 -19.1674 -18.9277 -18.6952 -18.4696 -18.2506 -18.0378 -17.8312 -17.6304 -17.4352 -17.2455 -17.061 -16.8816 -16.7072 -16.5375 -16.3725 -16.212 -16.056 -15.9042 -15.7567 -15.6133 -15.4739 -15.3385 -15.2071 -15.0795 -14.9558 -14.8359 -14.7198 -14.6074 -14.4988 -14.394 -14.293 -14.1958 -14.1025 -14.0133 -13.9281 -13.847 -13.7703 -13.6982 -13.6307 -13.5683 -13.5111 -13.4597 -13.4146 -13.3762 -13.3455 -13.3235 -13.3113 -13.3107 -13.3241 -13.3548 -13.4075 -13.4898 -13.6144 -13.8049 -14.1145 -14.7131 nan nan nan nan 
-21.1848 -20.8836 -20.5926 -20.3112 -20.0389 -19.7752 -19.5199 -19.2723 -19.0323 -18.7994 -18.5734 -18.354 -18.1408 -17.9337 -17.7325 -17.5369 -17.3467 -17.1617 -16.9818 -16.8068 -16.6366 -16.471 -16.3099 -16.1532 -16.0008 -15.8526 -15.7084 -15.5683 -15.4321 -15.2998 -15.1713 -15.0467 -14.9257 -14.8085 -14.695 -14.5851 -14.479 -14.3766 -14.2779 -14.183 -14.092 -14.0048 -13.9217 -13.8427 -13.7679 -13.6977 -13.6321 -13.5715 -13.5161 -13.4665 -13.423 -13.3863 -13.3572 -13.3367 -13.326 -13.327 -13.3418 -13.3739 -13.4281 -13.5118 -13.6377 -13.8295 -14.1404 -14.7402 nan nan nan 
-21.2913 -20.9898 -20.6984 -20.4167 -20.1441 -19.8802 -19.6244 -19.3766 -19.1362 -18.903 -18.6766 -18.4567 -18.2432 -18.0357 -17.834 -17.638 -17.4473 -17.2619 -17.0815 -16.906 -16.7352 -16.5691 -16.4074 -16.2501 -16.097 -15.9481 -15.8033 -15.6624 -15.5255 -15.3924 -15.263 -15.1375 -15.0156 -14.8973 -14.7827 -14.6717 -14.5644 -14.4606 -14.3605 -14.2641 -14.1714 -14.0825 -13.9974 -13.9163 -13.8393 -13.7665 -13.6981 -13.6343 -13.5755 -13.5219 -13.4739 -13.432 -13.397 -13.3695 -13.3505 -13.3413 -13.3437 -13.36 -13.3935 -13.449 -13.534 -13.6612 -13.8543 -14.1665 -14.7675 nan nan 
-21.397 -21.0952 -20.8036 -20.5216 -20.2487 -19.9844 -19.7284 -19.4802 -19.2395 -19.0059 -18.7791 -18.5589 -18.345 -18.1371 -17.935 -17.7385 -17.5474 -17.3615 -17.1807 -17.0047 -16.8334 -16.6667 -16.5045 -16.3466 -16.1929 -16.0434 -15.8979 -15.7563 -15.6186 -15.4848 -15.3546 -15.2282 -15.1054 -14.9862 -14.8705 -14.7585 -14.65 -14.545 -14.4436 -14.3458 -14.2515 -14.161 -14.0741 -13.9911 -13.9119 -13.8368 -13.7659 -13.6993 -13.6373 -13.5802 -13.5283 -13.482 -13.4417 -13.4082 -13.3822 -13.3647 -13.3571 -13.3609 -13.3786 -13.4134 -13.4703 -13.5566 -13.6851 -13.8794 -14.1928 -14.7951 nan 
