nan nan nan nan nan nan nan nan nan nan nan nan nan nan nan nan nan nan nan nan nan nan nan nan nan nan nan nan nan nan nan nan nan nan nan nan nan nan nan nan nan nan nan nan nan nan nan nan nan nan nan nan nan nan nan nan nan nan nan nan nan nan nan nan nan nan nan 
-12.9925 nan nan nan nan nan nan nan nan nan nan nan nan nan nan nan nan nan nan nan nan nan nan nan nan nan nan nan nan nan nan nan nan nan nan nan nan nan nan nan nan nan nan nan nan nan nan nan nan nan nan nan nan nan nan nan nan nan nan nan nan nan nan nan nan nan nan 
-12.632 -12.9897 nan nan nan nan nan nan nan nan nan nan nan nan nan nan nan nan nan nan nan nan nan nan nan nan nan nan nan nan nan nan nan nan nan nan nan nan nan nan nan nan nan nan nan nan nan nan nan nan nan nan nan nan nan nan nan nan nan nan nan nan nan nan nan nan nan 
-12.5507 -12.6207 -12.989 nan nan nan nan nan nan nan nan nan nan nan nan nan nan nan nan nan nan nan nan nan nan nan nan nan nan nan nan nan nan nan nan nan nan nan nan nan nan nan nan nan nan nan nan nan nan nan nan nan nan nan nan nan nan nan nan nan nan nan nan nan nan nan nan 
-12.5793 -12.5315 -12.612 -12.9902 nan nan nan nan nan nan nan nan nan nan nan nan nan nan nan nan nan nan nan nan nan nan nan nan nan nan nan nan nan nan nan nan nan nan nan nan nan nan nan nan nan nan nan nan nan nan nan nan nan nan nan nan nan nan nan nan nan nan nan nan nan nan nan 
-12.6649 -12.5524 -12.5151 -12.6057 -12.9933 nan nan nan nan nan nan nan nan nan nan nan nan nan nan nan nan nan nan nan nan nan nan nan nan nan nan nan nan nan nan nan nan nan nan nan nan nan nan nan nan nan nan nan nan nan nan nan nan nan nan nan nan nan nan nan nan nan nan nan nan nan nan 
-12.7841 -12.6308 -12.5289 -12.5016 -12.6015 -12.9981 nan nan nan nan nan nan nan nan nan nan nan nan nan nan nan nan nan nan nan nan nan nan nan nan nan nan nan nan nan nan nan nan nan nan nan nan nan nan nan nan nan nan nan nan nan nan nan nan nan nan nan nan nan nan nan nan nan nan nan nan nan 
-12.9247 -12.7432 -12.6005 -12.5086 -12.4907 -12.5995 -13.0046 nan nan nan nan nan nan nan nan nan nan nan nan nan nan nan nan nan nan nan nan nan nan nan nan nan nan nan nan nan nan nan nan nan nan nan nan nan nan nan nan nan nan nan nan nan nan nan nan nan nan nan nan nan nan nan nan nan nan nan nan 
-13.0795 -12.8773 -12.7064 -12.5736 -12.4911 -12.4821 -12.5994 -13.0125 nan nan nan nan nan nan nan nan nan nan nan nan nan nan nan nan nan nan nan nan nan nan nan nan nan nan nan nan nan nan nan nan nan nan nan nan nan nan nan nan nan nan nan nan nan nan nan nan nan nan nan nan nan nan nan nan nan nan nan 
-13.2439 -13.0259 -12.8343 -12.6733 -12.5499 -12.4764 -12.4759 -12.6012 -13.0219 nan nan nan nan nan nan nan nan nan nan nan nan nan nan nan nan nan nan nan nan nan nan nan nan nan nan nan nan nan nan nan nan nan nan nan nan nan nan nan nan nan nan nan nan nan nan nan nan nan nan nan nan nan nan nan nan nan nan 
-13.4149 -13.1844 -12.977 -12.7953 -12.6437 -12.5293 -12.4642 -12.4717 -12.6047 -13.0327 nan nan nan nan nan nan nan nan nan nan nan nan nan nan nan nan nan nan nan nan nan nan nan nan nan nan nan nan nan nan nan nan nan nan nan nan nan nan nan nan nan nan nan nan nan nan nan nan nan nan nan nan nan nan nan nan nan 
-13.5903 -13.3497 -13.1298 -12.9323 -12.7601 -12.6174 -12.5115 -12.4544 -12.4696 -12.6098 -13.0447 nan nan nan nan nan nan nan nan nan nan nan nan nan nan nan nan nan nan nan nan nan nan nan nan nan nan nan nan nan nan nan nan nan nan nan nan nan nan nan nan nan nan nan nan nan nan nan nan nan nan nan nan nan nan nan nan 
-13.7687 -13.5198 -13.2897 -13.0798 -12.8917 -12.7284 -12.5942 -12.4963 -12.4469 -12.4693 -12.6165 -13.058 nan nan nan nan nan nan nan nan nan nan nan nan nan nan nan nan nan nan nan nan nan nan nan nan nan nan nan nan nan nan nan nan nan nan nan nan nan nan nan nan nan nan nan nan nan nan nan nan nan nan nan nan nan nan nan 
-13.9489 -13.693 -13.4546 -13.2346 -13.034 -12.8549 -12.7001 -12.5739 -12.4836 -12.4414 -12.4708 -12.6246 -13.0725 nan nan nan nan nan nan nan nan nan nan nan nan nan nan nan nan nan nan nan nan nan nan nan nan nan nan nan nan nan nan nan nan nan nan nan nan nan nan nan nan nan nan nan nan nan nan nan nan nan nan nan nan nan nan 
-14.1302 -13.8683 -13.6229 -13.3945 -13.1839 -12.9923 -12.8216 -12.6748 -12.5563 -12.4732 -12.438 -12.474 -12.6341 -13.088 nan nan nan nan nan nan nan nan nan nan nan nan nan nan nan nan nan nan nan nan nan nan nan nan nan nan nan nan nan nan nan nan nan nan nan nan nan nan nan nan nan nan nan nan nan nan nan nan nan nan nan nan nan 
-14.3119 -14.0448 -13.7934 -13.558 -13.339 -13.1373 -12.9542 -12.7916 -12.6524 -12.5412 -12.4651 -12.4364 -12.4787 -12.6449 -13.1045 nan nan nan nan nan nan nan nan nan nan nan nan nan nan nan nan nan nan nan nan nan nan nan nan nan nan nan nan nan nan nan nan nan nan nan nan nan nan nan nan nan nan nan nan nan nan nan nan nan nan nan nan 
-14.4935 -14.2219 -13.9654 -13.724 -13.498 -13.288 -13.0948 -12.9197 -12.7647 -12.6328 -12.5284 -12.459 -12.4367 -12.485 -12.6569 -13.1221 nan nan nan nan nan nan nan nan nan nan nan nan nan nan nan nan nan nan nan nan nan nan nan nan nan nan nan nan nan nan nan nan nan nan nan nan nan nan nan nan nan nan nan nan nan nan nan nan nan nan nan 
-14.6748 -14.3992 -14.1382 -13.8917 -13.6597 -13.4426 -13.241 -13.0558 -12.8884 -12.7407 -12.6157 -12.518 -12.4548 -12.4385 -12.4926 -12.6701 -13.1406 nan nan nan nan nan nan nan nan nan nan nan nan nan nan nan nan nan nan nan nan nan nan nan nan nan nan nan nan nan nan nan nan nan nan nan nan nan nan nan nan nan nan nan nan nan nan nan nan nan nan 
-14.8554 -14.5763 -14.3113 -14.0603 -13.8231 -13.6001 -13.3915 -13.1979 -13.0204 -12.8602 -12.7194 -12.601 -12.5096 -12.4525 -12.442 -12.5017 -12.6844 -13.16 nan nan nan nan nan nan nan nan nan nan nan nan nan nan nan nan nan nan nan nan nan nan nan nan nan nan nan nan nan nan nan nan nan nan nan nan nan nan nan nan nan nan nan nan nan nan nan nan nan 
-15.0351 -14.7529 -14.4844 -14.2293 -13.9877 -13.7595 -13.5449 -13.3443 -13.1584 -12.9881 -12.8349 -12.7007 -12.5887 -12.5033 -12.4519 -12.447 -12.5119 -12.6998 -13.1803 nan nan nan nan nan nan nan nan nan nan nan nan nan nan nan nan nan nan nan nan nan nan nan nan nan nan nan nan nan nan nan nan nan nan nan nan nan nan nan nan nan nan nan nan nan nan nan nan 
-15.2137 -14.9287 -14.657 -14.3985 -14.1529 -13.9202 -13.7004 -13.4939 -13.3009 -13.1223 -12.959 -12.8123 -12.6845 -12.5784 -12.4989 -12.453 -12.4534 -12.5234 -12.7162 -13.2014 nan nan nan nan nan nan nan nan nan nan nan nan nan nan nan nan nan nan nan nan nan nan nan nan nan nan nan nan nan nan nan nan nan nan nan nan nan nan nan nan nan nan nan nan nan nan nan 
-15.3912 -15.1036 -14.8291 -14.5674 -14.3183 -14.0816 -13.8574 -13.6456 -13.4467 -13.2611 -13.0894 -12.9326 -12.7923 -12.6705 -12.5703 -12.4962 -12.4557 -12.4612 -12.5361 -12.7335 -13.2232 nan nan nan nan nan nan nan nan nan nan nan nan nan nan nan nan nan nan nan nan nan nan nan nan nan nan nan nan nan nan nan nan nan nan nan nan nan nan nan nan nan nan nan nan nan nan 
-15.5673 -15.2774 -15.0004 -14.7359 -14.4836 -14.2434 -14.0152 -13.799 -13.5949 -13.4033 -13.2246 -13.0595 -12.909 -12.7748 -12.6587 -12.564 -12.4953 -12.4599 -12.4702 -12.5498 -12.7518 -13.2458 nan nan nan nan nan nan nan nan nan nan nan nan nan nan nan nan nan nan nan nan nan nan nan nan nan nan nan nan nan nan nan nan nan nan nan nan nan nan nan nan nan nan nan nan nan 
-15.7421 -15.4501 -15.1707 -14.9037 -14.6486 -14.4053 -14.1735 -13.9534 -13.7448 -13.548 -13.3633 -13.1912 -13.0324 -12.888 -12.7595 -12.649 -12.5596 -12.496 -12.4654 -12.4805 -12.5646 -12.7709 -13.2692 nan nan nan nan nan nan nan nan nan nan nan nan nan nan nan nan nan nan nan nan nan nan nan nan nan nan nan nan nan nan nan nan nan nan nan nan nan nan nan nan nan nan nan nan 
-15.9155 -15.6215 -15.3401 -15.0707 -14.813 -14.5669 -14.332 -14.1083 -13.8958 -13.6945 -13.5046 -13.3265 -13.1607 -13.008 -12.8694 -12.7464 -12.6412 -12.5569 -12.4982 -12.4723 -12.4919 -12.5804 -12.7909 -13.2932 nan nan nan nan nan nan nan nan nan nan nan nan nan nan nan nan nan nan nan nan nan nan nan nan nan nan nan nan nan nan nan nan nan nan nan nan nan nan nan nan nan nan nan 
-16.0874 -15.7917 -15.5083 -15.2368 -14.9768 -14.7281 -14.4904 -14.2636 -14.0475 -13.8423 -13.6479 -13.4646 -13.2929 -13.1331 -12.9862 -12.8531 -12.7354 -12.6353 -12.5559 -12.5018 -12.4805 -12.5044 -12.5971 -12.8117 -13.3179 nan nan nan nan nan nan nan nan nan nan nan nan nan nan nan nan nan nan nan nan nan nan nan nan nan nan nan nan nan nan nan nan nan nan nan nan nan nan nan nan nan nan 
-16.2579 -15.9605 -15.6753 -15.4018 -15.1397 -14.8887 -14.6485 -14.4188 -14.1996 -13.9909 -13.7925 -13.6048 -13.4278 -13.2621 -13.1081 -12.9667 -12.8389 -12.7264 -12.6312 -12.5564 -12.5069 -12.4899 -12.518 -12.6148 -12.8332 -13.3432 nan nan nan nan nan nan nan nan nan nan nan nan nan nan nan nan nan nan nan nan nan nan nan nan nan nan nan nan nan nan nan nan nan nan nan nan nan nan nan nan nan 
-16.4268 -16.1279 -15.841 -15.5658 -15.3018 -15.0486 -14.8061 -14.5739 -14.3519 -14.1399 -13.9381 -13.7464 -13.5649 -13.394 -13.2341 -13.0857 -12.9495 -12.8269 -12.7192 -12.6287 -12.5585 -12.5133 -12.5005 -12.5327 -12.6333 -12.8555 -13.3691 nan nan nan nan nan nan nan nan nan nan nan nan nan nan nan nan nan nan nan nan nan nan nan nan nan nan nan nan nan nan nan nan nan nan nan nan nan nan nan nan 
-16.5942 -16.2939 -16.0055 -15.7286 -15.4628 -15.2077 -14.9631 -14.7285 -14.504 -14.2892 -14.0842 -13.889 -13.7036 -13.5282 -13.3631 -13.2087 -13.0656 -12.9345 -12.8168 -12.7138 -12.6278 -12.5619 -12.5209 -12.5122 -12.5482 -12.6526 -12.8785 -13.3955 nan nan nan nan nan nan nan nan nan nan nan nan nan nan nan nan nan nan nan nan nan nan nan nan nan nan nan nan nan nan nan nan nan nan nan nan nan nan nan 
-16.7601 -16.4585 -16.1687 -15.8903 -15.6228 -15.3659 -15.1193 -14.8827 -14.6558 -14.4385 -14.2307 -14.0323 -13.8434 -13.6641 -13.4944 -13.3349 -13.1857 -13.0477 -12.9216 -12.8085 -12.71 -12.6284 -12.5667 -12.5298 -12.525 -12.5648 -12.6728 -12.9021 -13.4226 nan nan nan nan nan nan nan nan nan nan nan nan nan nan nan nan nan nan nan nan nan nan nan nan nan nan nan nan nan nan nan nan nan nan nan nan nan nan 
-16.9245 -16.6216 -16.3305 -16.0507 -15.7817 -15.5232 -15.2748 -15.0362 -14.8072 -14.5876 -14.3772 -14.176 -13.984 -13.8011 -13.6275 -13.4634 -13.3092 -13.1652 -13.032 -12.9106 -12.802 -12.7079 -12.6305 -12.5728 -12.5398 -12.5387 -12.5821 -12.6937 -12.9264 -13.4502 nan nan nan nan nan nan nan nan nan nan nan nan nan nan nan nan nan nan nan nan nan nan nan nan nan nan nan nan nan nan nan nan nan nan nan nan nan 
-17.0874 -16.7834 -16.491 -16.2098 -15.9395 -15.6794 -15.4294 -15.189 -14.958 -14.7363 -14.5236 -14.3199 -14.125 -13.939 -13.7619 -13.5939 -13.4351 -13.2859 -13.1468 -13.0183 -12.9014 -12.7972 -12.7073 -12.6339 -12.5802 -12.5509 -12.5535 -12.6004 -12.7153 -12.9513 -13.4782 nan nan nan nan nan nan nan nan nan nan nan nan nan nan nan nan nan nan nan nan nan nan nan nan nan nan nan nan nan nan nan nan nan nan nan nan 
-17.2488 -16.9437 -16.6501 -16.3678 -16.096 -15.8346 -15.583 -15.341 -15.1082 -14.8846 -14.6698 -14.4637 -14.2663 -14.0775 -13.8972 -13.7257 -13.5629 -13.4093 -13.265 -13.1305 -13.0066 -12.8941 -12.7941 -12.7082 -12.6387 -12.5887 -12.563 -12.5691 -12.6194 -12.7376 -12.9768 -13.5068 nan nan nan nan nan nan nan nan nan nan nan nan nan nan nan nan nan nan nan nan nan nan nan nan nan nan nan nan nan nan nan nan nan nan nan 
-17.4088 -17.1026 -16.808 -16.5244 -16.2514 -15.9887 -15.7357 -15.4921 -15.2577 -15.0323 -14.8156 -14.6074 -14.4076 -14.2162 -14.0332 -13.8585 -13.6922 -13.5346 -13.3858 -13.2462 -13.1163 -12.9968 -12.8884 -12.7924 -12.7104 -12.6447 -12.5984 -12.5762 -12.5857 -12.6393 -12.7606 -13.0029 -13.5359 nan nan nan nan nan nan nan nan nan nan nan nan nan nan nan nan nan nan nan nan nan nan nan nan nan nan nan nan nan nan nan nan nan nan 
-17.5672 -17.26 -16.9644 -16.6798 -16.4057 -16.1416 -15.8873 -15.6423 -15.4064 -15.1793 -14.9608 -14.7507 -14.5488 -14.3551 -14.1695 -13.992 -13.8226 -13.6615 -13.5087 -13.3646 -13.2296 -13.104 -12.9886 -12.8843 -12.7922 -12.714 -12.6519 -12.6091 -12.5903 -12.6031 -12.6598 -12.7843 -13.0295 -13.5654 nan nan nan nan nan nan nan nan nan nan nan nan nan nan nan nan nan nan nan nan nan nan nan nan nan nan nan nan nan nan nan nan nan 
-17.7242 -17.4161 -17.1195 -16.8339 -16.5587 -16.2935 -16.0379 -15.7916 -15.5543 -15.3257 -15.1055 -14.8936 -14.6898 -14.494 -14.3061 -14.126 -13.9538 -13.7895 -13.6332 -13.4852 -13.3456 -13.2149 -13.0935 -12.9822 -12.8818 -12.7935 -12.7189 -12.6603 -12.6208 -12.6054 -12.6213 -12.6811 -12.8085 -13.0567 -13.5953 nan nan nan nan nan nan nan nan nan nan nan nan nan nan nan nan nan nan nan nan nan nan nan nan nan nan nan nan nan nan nan nan 
-17.8798 -17.5708 -17.2733 -16.9867 -16.7105 -16.4442 -16.1875 -15.9399 -15.7013 -15.4712 -15.2495 -15.036 -14.8304 -14.6327 -14.4426 -14.2602 -14.0855 -13.9184 -13.759 -13.6074 -13.4639 -13.3287 -13.2021 -13.0848 -12.9774 -12.8807 -12.796 -12.7249 -12.6697 -12.6336 -12.6213 -12.6403 -12.7031 -12.8334 -13.0843 -13.6257 nan nan nan nan nan nan nan nan nan nan nan nan nan nan nan nan nan nan nan nan nan nan nan nan nan nan nan nan nan nan nan 
-18.0339 -17.7242 -17.4258 -17.1383 -16.8611 -16.5938 -16.3359 -16.0873 -15.8474 -15.616 -15.3929 -15.1778 -14.9706 -14.771 -14.5791 -14.3946 -14.2175 -14.0478 -13.8856 -13.7309 -13.5839 -13.4447 -13.3137 -13.1912 -13.0778 -12.9741 -12.8811 -12.7999 -12.7322 -12.6802 -12.6473 -12.638 -12.66 -12.7257 -12.8588 -13.1125 -13.6565 nan nan nan nan nan nan nan nan nan nan nan nan nan nan nan nan nan nan nan nan nan nan nan nan nan nan nan nan nan nan 
-18.1867 -17.8762 -17.577 -17.2886 -17.0105 -16.7422 -16.4833 -16.2336 -15.9925 -15.7599 -15.5355 -15.319 -15.1102 -14.909 -14.7153 -14.5288 -14.3496 -14.1777 -14.0129 -13.8554 -13.7052 -13.5625 -13.4275 -13.3005 -13.182 -13.0723 -12.9723 -12.8827 -12.8049 -12.7405 -12.6918 -12.6619 -12.6556 -12.6805 -12.749 -12.8848 -13.1411 -13.6877 nan nan nan nan nan nan nan nan nan nan nan nan nan nan nan nan nan nan nan nan nan nan nan nan nan nan nan nan nan 
-18.3381 -18.0268 -17.7269 -17.4376 -17.1586 -16.8895 -16.6297 -16.3789 -16.1367 -15.903 -15.6773 -15.4595 -15.2493 -15.0466 -14.8512 -14.6629 -14.4818 -14.3077 -14.1406 -13.9806 -13.8276 -13.6817 -13.5432 -13.4123 -13.2892 -13.1744 -13.0684 -12.9718 -12.8857 -12.8112 -12.75 -12.7043 -12.6774 -12.674 -12.7016 -12.7729 -12.9113 -13.1702 -13.7192 nan nan nan nan nan nan nan nan nan nan nan nan nan nan nan nan nan nan nan nan nan nan nan nan nan nan nan nan 
-18.4882 -18.1762 -17.8755 -17.5855 -17.3057 -17.0356 -16.7749 -16.5231 -16.28 -16.0451 -15.8183 -15.5992 -15.3877 -15.1836 -14.9866 -14.7968 -14.6139 -14.4378 -14.2686 -14.1062 -13.9507 -13.802 -13.6604 -13.526 -13.3989 -13.2796 -13.1684 -13.0659 -12.9727 -12.8899 -12.8186 -12.7604 -12.7177 -12.6937 -12.6931 -12.7235 -12.7973 -12.9384 -13.1997 -13.7512 nan nan nan nan nan nan nan nan nan nan nan nan nan nan nan nan nan nan nan nan nan nan nan nan nan nan nan 
-18.6369 -18.3242 -18.0228 -17.7321 -17.4515 -17.1806 -16.919 -16.6664 -16.4222 -16.1864 -15.9584 -15.7382 -15.5255 -15.32 -15.1217 -14.9303 -14.7457 -14.5679 -14.3967 -14.2322 -14.0744 -13.9232 -13.7787 -13.6411 -13.5106 -13.3873 -13.2716 -13.1639 -13.0648 -12.9749 -12.8953 -12.827 -12.7718 -12.732 -12.7108 -12.7129 -12.7459 -12.8224 -12.9659 -13.2296 -13.7834 nan nan nan nan nan nan nan nan nan nan nan nan nan nan nan nan nan nan nan nan nan nan nan nan nan nan 
-18.7843 -18.471 -18.1689 -17.8775 -17.5961 -17.3245 -17.0621 -16.8086 -16.5635 -16.3267 -16.0977 -15.8764 -15.6625 -15.4558 -15.2561 -15.0633 -14.8772 -14.6978 -14.5248 -14.3584 -14.1984 -14.0449 -13.8979 -13.7575 -13.6238 -13.497 -13.3774 -13.2652 -13.1609 -13.0651 -12.9784 -12.9018 -12.8365 -12.7842 -12.7472 -12.7287 -12.7335 -12.769 -12.848 -12.9939 -13.26 -13.8161 nan nan nan nan nan nan nan nan nan nan nan nan nan nan nan nan nan nan nan nan nan nan nan nan nan 
-18.9304 -18.6165 -18.3138 -18.0217 -17.7396 -17.4673 -17.2041 -16.9497 -16.7038 -16.4661 -16.2362 -16.0138 -15.7988 -15.591 -15.3901 -15.1959 -15.0084 -14.8274 -14.6528 -14.4846 -14.3227 -14.1671 -14.0178 -13.8748 -13.7383 -13.6084 -13.4852 -13.3691 -13.2603 -13.1593 -13.0666 -12.983 -12.9094 -12.847 -12.7975 -12.7632 -12.7473 -12.7547 -12.7927 -12.8741 -13.0223 -13.2907 -13.849 nan nan nan nan nan nan nan nan nan nan nan nan nan nan nan nan nan nan nan nan nan nan nan nan 
-19.0753 -18.7608 -18.4575 -18.1647 -17.882 -17.6089 -17.345 -17.0899 -16.8431 -16.6045 -16.3737 -16.1504 -15.9344 -15.7254 -15.5234 -15.328 -15.1392 -14.9567 -14.7806 -14.6108 -14.4471 -14.2895 -14.1381 -13.9928 -13.8537 -13.721 -13.5947 -13.4751 -13.3623 -13.2568 -13.159 -13.0694 -12.9888 -12.918 -12.8584 -12.8117 -12.78 -12.7667 -12.7765 -12.817 -12.9007 -13.0512 -13.3218 -13.8823 nan nan nan nan nan nan nan nan nan nan nan nan nan nan nan nan nan nan nan nan nan nan nan 
-19.219 -18.9039 -18.5999 -18.3066 -18.0232 -17.7495 -17.4848 -17.229 -16.9815 -16.742 -16.5103 -16.2861 -16.0692 -15.8592 -15.656 -15.4595 -15.2694 -15.0857 -14.9082 -14.7368 -14.5714 -14.4121 -14.2587 -14.1113 -13.97 -13.8347 -13.7055 -13.5828 -13.4665 -13.357 -13.2547 -13.16 -13.0733 -12.9956 -12.9277 -12.8708 -12.8267 -12.7976 -12.7867 -12.799 -12.8418 -12.9278 -13.0805 -13.3533 -13.9159 nan nan nan nan nan nan nan nan nan nan nan nan nan nan nan nan nan nan nan nan nan nan 
-19.3614 -19.0458 -18.7413 -18.4473 -18.1633 -17.8889 -17.6236 -17.3671 -17.1188 -16.8786 -16.6461 -16.421 -16.2031 -15.9922 -15.788 -15.5904 -15.3992 -15.2142 -15.0354 -14.8626 -14.6957 -14.5347 -14.3795 -14.2302 -14.0867 -13.9491 -13.8174 -13.6918 -13.5724 -13.4595 -13.3532 -13.2539 -13.1622 -13.0784 -13.0035 -12.9383 -12.884 -12.8425 -12.8159 -12.8074 -12.822 -12.8671 -12.9553 -13.1103 -13.3851 -13.9498 nan nan nan nan nan nan nan nan nan nan nan nan nan nan nan nan nan nan nan nan nan 
-19.5026 -19.1865 -18.8814 -18.5869 -18.3024 -18.0273 -17.7614 -17.5041 -17.2552 -17.0143 -16.781 -16.5551 -16.3363 -16.1245 -15.9193 -15.7207 -15.5284 -15.3423 -15.1622 -14.988 -14.8197 -14.6572 -14.5004 -14.3493 -14.2039 -14.0642 -13.9302 -13.802 -13.6798 -13.5637 -13.4539 -13.3507 -13.2544 -13.1655 -13.0846 -13.0124 -12.9498 -12.8981 -12.8591 -12.8349 -12.8288 -12.8457 -12.893 -12.9834 -13.1404 -13.4173 -13.984 nan nan nan nan nan nan nan nan nan nan nan nan nan nan nan nan nan nan nan nan 
-19.6427 -19.326 -19.0205 -18.7254 -18.4403 -18.1647 -17.8981 -17.6402 -17.3906 -17.149 -16.9149 -16.6883 -16.4687 -16.256 -16.0499 -15.8503 -15.657 -15.4698 -15.2885 -15.1132 -14.9436 -14.7796 -14.6213 -14.4685 -14.3213 -14.1797 -14.0436 -13.9131 -13.7883 -13.6694 -13.5565 -13.4497 -13.3495 -13.2561 -13.1701 -13.0918 -13.0223 -12.9622 -12.9131 -12.8764 -12.8545 -12.8508 -12.8699 -12.9194 -13.0118 -13.1709 -13.4498 -14.0184 nan nan nan nan nan nan nan nan nan nan nan nan nan nan nan nan nan nan nan 
-19.7816 -19.4644 -19.1584 -18.8628 -18.5771 -18.301 -18.0338 -17.7753 -17.5251 -17.2827 -17.048 -16.8206 -16.6003 -16.3867 -16.1798 -15.9793 -15.785 -15.5968 -15.4144 -15.2379 -15.0671 -14.9018 -14.7421 -14.5878 -14.4389 -14.2955 -14.1574 -14.0248 -13.8978 -13.7763 -13.6605 -13.5507 -13.4469 -13.3496 -13.259 -13.1757 -13.1001 -13.0331 -12.9755 -12.9288 -12.8944 -12.8749 -12.8733 -12.8946 -12.9462 -13.0407 -13.2018 -13.4827 -14.0531 nan nan nan nan nan nan nan nan nan nan nan nan nan nan nan nan nan nan 
-19.9193 -19.6017 -19.2952 -18.9991 -18.713 -18.4362 -18.1685 -17.9094 -17.6586 -17.4156 -17.1802 -16.9521 -16.731 -16.5167 -16.309 -16.1076 -15.9124 -15.7232 -15.5398 -15.3622 -15.1902 -15.0237 -14.8626 -14.7069 -14.5566 -14.4115 -14.2716 -14.1371 -14.0079 -13.8841 -13.7658 -13.6532 -13.5463 -13.4454 -13.3509 -13.263 -13.1823 -13.1093 -13.0448 -12.9897 -12.9452 -12.9132 -12.8959 -12.8965 -12.9198 -12.9735 -13.07 -13.233 -13.5158 -14.0881 nan nan nan nan nan nan nan nan nan nan nan nan nan nan nan nan nan 
-20.056 -19.738 -19.4309 -19.1344 -18.8477 -18.5705 -18.3022 -18.0426 -17.7911 -17.5475 -17.3115 -17.0827 -16.8609 -16.6459 -16.4374 -16.2352 -16.0391 -15.849 -15.6647 -15.486 -15.3129 -15.1453 -14.983 -14.826 -14.6742 -14.5275 -14.3861 -14.2498 -14.1187 -13.9928 -13.8721 -13.7569 -13.6472 -13.5432 -13.4452 -13.3534 -13.2681 -13.19 -13.1194 -13.0573 -13.0046 -12.9624 -12.9326 -12.9174 -12.9202 -12.9456 -13.0012 -13.0997 -13.2646 -13.5492 -14.1234 nan nan nan nan nan nan nan nan nan nan nan nan nan nan nan nan 
-20.1915 -19.8731 -19.5656 -19.2686 -18.9815 -18.7037 -18.435 -18.1748 -17.9228 -17.6786 -17.4419 -17.2125 -16.9901 -16.7743 -16.565 -16.3621 -16.1652 -15.9742 -15.789 -15.6094 -15.4353 -15.2665 -15.1031 -14.9448 -14.7917 -14.6436 -14.5007 -14.3627 -14.2298 -14.102 -13.9792 -13.8617 -13.7494 -13.6426 -13.5415 -13.4461 -13.3569 -13.2743 -13.1986 -13.1305 -13.0707 -13.0202 -12.9803 -12.9527 -12.9396 -12.9444 -12.9718 -13.0294 -13.1298 -13.2965 -13.583 -14.1589 nan nan nan nan nan nan nan nan nan nan nan nan nan nan nan 
-20.326 -20.0072 -19.6993 -19.4018 -19.1142 -18.836 -18.5667 -18.306 -18.0535 -17.8087 -17.5715 -17.3414 -17.1183 -16.9019 -16.692 -16.4883 -16.2906 -16.0988 -15.9127 -15.7322 -15.5571 -15.3874 -15.2228 -15.0634 -14.909 -14.7597 -14.6153 -14.4758 -14.3412 -14.2116 -14.0869 -13.9673 -13.8527 -13.7434 -13.6394 -13.5409 -13.4482 -13.3616 -13.2814 -13.2082 -13.1424 -13.0849 -13.0367 -12.9989 -12.9734 -12.9624 -12.9691 -12.9985 -13.058 -13.1602 -13.3288 -13.617 -14.1946 nan nan nan nan nan nan nan nan nan nan nan nan nan nan 
-20.4595 -20.1402 -19.8319 -19.534 -19.2459 -18.9673 -18.6975 -18.4363 -18.1832 -17.938 -17.7002 -17.4695 -17.2458 -17.0288 -16.8181 -16.6137 -16.4153 -16.2227 -16.0358 -15.8545 -15.6785 -15.5078 -15.3422 -15.1817 -15.0262 -14.8756 -14.7298 -14.589 -14.4529 -14.3216 -14.1952 -14.0736 -13.9569 -13.8452 -13.7387 -13.6374 -13.5416 -13.4514 -13.3673 -13.2895 -13.2186 -13.1552 -13.0999 -13.0538 -13.0182 -12.9947 -12.9857 -12.9944 -13.0256 -13.087 -13.191 -13.3613 -13.6512 -14.2305 nan nan nan nan nan nan nan nan nan nan nan nan nan 
-20.5919 -20.2722 -19.9635 -19.6652 -19.3767 -19.0976 -18.8274 -18.5657 -18.3121 -18.0663 -17.828 -17.5968 -17.3725 -17.1548 -16.9436 -16.7385 -16.5394 -16.3461 -16.1584 -15.9762 -15.7993 -15.6277 -15.4612 -15.2996 -15.143 -14.9913 -14.8443 -14.7021 -14.5646 -14.4318 -14.3037 -14.1804 -14.0618 -13.948 -13.8391 -13.7353 -13.6366 -13.5434 -13.4557 -13.374 -13.2986 -13.23 -13.1687 -13.1156 -13.0716 -13.0381 -13.0166 -13.0095 -13.0201 -13.0532 -13.1164 -13.2221 -13.3942 -13.6858 -14.2667 nan nan nan nan nan nan nan nan nan nan nan nan 
-20.7233 -20.4033 -20.0942 -19.7954 -19.5065 -19.227 -18.9563 -18.6942 -18.4401 -18.1938 -17.955 -17.7232 -17.4984 -17.2801 -17.0682 -16.8625 -16.6627 -16.4687 -16.2803 -16.0973 -15.9197 -15.7472 -15.5797 -15.4172 -15.2596 -15.1068 -14.9587 -14.8152 -14.6764 -14.5422 -14.4126 -14.2875 -14.1672 -14.0514 -13.9405 -13.8343 -13.7331 -13.637 -13.5462 -13.461 -13.3817 -13.3085 -13.2421 -13.1831 -13.1321 -13.0901 -13.0585 -13.039 -13.0338 -13.0463 -13.0812 -13.1461 -13.2536 -13.4274 -13.7206 -14.3031 nan nan nan nan nan nan nan nan nan nan nan 
-20.8537 -20.5333 -20.2238 -19.9247 -19.6354 -19.3554 -19.0844 -18.8217 -18.5672 -18.3205 -18.0811 -17.8489 -17.6235 -17.4046 -17.1922 -16.9858 -16.7854 -16.5907 -16.4016 -16.2179 -16.0394 -15.8661 -15.6978 -15.5344 -15.3758 -15.222 -15.0728 -14.9282 -14.7881 -14.6526 -14.5216 -14.395 -14.273 -14.1555 -14.0426 -13.9343 -13.8308 -13.7322 -13.6386 -13.5502 -13.4673 -13.3903 -13.3194 -13.2551 -13.1981 -13.1492 -13.1093 -13.0796 -13.062 -13.0587 -13.0729 -13.1096 -13.1763 -13.2854 -13.4608 -13.7556 -14.3397 nan nan nan nan nan nan nan nan nan nan 
-20.9831 -20.6624 -20.3525 -20.053 -19.7633 -19.483 -19.2115 -18.9484 -18.6935 -18.4462 -18.2064 -17.9737 -17.7477 -17.5284 -17.3153 -17.1084 -16.9074 -16.7121 -16.5223 -16.3379 -16.1587 -15.9846 -15.8155 -15.6512 -15.4917 -15.3369 -15.1867 -15.041 -14.8998 -14.763 -14.6306 -14.5027 -14.3791 -14.26 -14.1453 -14.0351 -13.9295 -13.8285 -13.7324 -13.6412 -13.5552 -13.4746 -13.3997 -13.331 -13.2689 -13.214 -13.167 -13.129 -13.1013 -13.0855 -13.084 -13.1 -13.1384 -13.2067 -13.3175 -13.4945 -13.7909 -14.3766 nan nan nan nan nan nan nan nan nan 
-21.1116 -20.7905 -20.4803 -20.1804 -19.8904 -19.6096 -19.3377 -19.0742 -18.8189 -18.5712 -18.3309 -18.0977 -17.8712 -17.6514 -17.4378 -17.2303 -17.0287 -16.8327 -16.6423 -16.4572 -16.2773 -16.1025 -15.9326 -15.7676 -15.6072 -15.4515 -15.3003 -15.1536 -15.0113 -14.8733 -14.7398 -14.6105 -14.4855 -14.3648 -14.2485 -14.1365 -14.029 -13.9259 -13.8274 -13.7337 -13.6449 -13.5612 -13.4828 -13.4101 -13.3435 -13.2834 -13.2305 -13.1855 -13.1494 -13.1235 -13.1095 -13.1098 -13.1275 -13.1676 -13.2376 -13.35 -13.5285 -13.8264 -14.4136 nan nan nan nan nan nan nan nan 
-21.2391 -20.9177 -20.6071 -20.3069 -20.0165 -19.7353 -19.4631 -19.1992 -18.9434 -18.6953 -18.4545 -18.2209 -17.994 -17.7736 -17.5595 -17.3515 -17.1493 -16.9528 -16.7617 -16.576 -16.3954 -16.2199 -16.0493 -15.8834 -15.7223 -15.5657 -15.4136 -15.2659 -15.1226 -14.9836 -14.8488 -14.7183 -14.592 -14.4699 -14.3521 -14.2384 -14.1291 -14.0241 -13.9235 -13.8275 -13.7361 -13.6496 -13.5681 -13.4919 -13.4213 -13.3567 -13.2986 -13.2477 -13.2046 -13.1703 -13.1463 -13.134 -13.136 -13.1554 -13.1972 -13.2687 -13.3827 -13.5628 -13.8622 -14.4508 nan nan nan nan nan nan nan 
-21.3657 -21.0439 -20.7331 -20.4325 -20.1417 -19.8602 -19.5876 -19.3233 -19.0671 -18.8186 -18.5774 -18.3433 -18.1159 -17.8951 -17.6805 -17.4719 -17.2692 -17.0721 -16.8805 -16.6942 -16.513 -16.3368 -16.1654 -15.9988 -15.8369 -15.6795 -15.5265 -15.3779 -15.2337 -15.0936 -14.9578 -14.8261 -14.6986 -14.5752 -14.4559 -14.3408 -14.2298 -14.123 -14.0205 -13.9223 -13.8287 -13.7396 -13.6553 -13.5759 -13.5018 -13.4333 -13.3707 -13.3146 -13.2655 -13.2243 -13.1919 -13.1695 -13.159 -13.1627 -13.1837 -13.2271 -13.3002 -13.4157 -13.5973 -13.8981 -14.4882 nan nan nan nan nan nan 
-21.4914 -21.1693 -20.8581 -20.5572 -20.2661 -19.9842 -19.7112 -19.4466 -19.19 -18.9411 -18.6995 -18.4649 -18.2371 -18.0158 -17.8007 -17.5917 -17.3884 -17.1908 -16.9986 -16.8117 -16.6299 -16.4531 -16.2811 -16.1138 -15.9511 -15.7929 -15.6391 -15.4897 -15.3445 -15.2035 -15.0666 -14.9339 -14.8052 -14.6806 -14.56 -14.4434 -14.3309 -14.2225 -14.1182 -14.0181 -13.9223 -13.8309 -13.744 -13.6619 -13.5846 -13.5126 -13.4461 -13.3855 -13.3312 -13.284 -13.2446 -13.2139 -13.1933 -13.1845 -13.1898 -13.2124 -13.2573 -13.332 -13.449 -13.632 -13.9343 -14.5257 nan nan nan nan nan 
-21.6161 -21.2938 -20.9823 -20.681 -20.3896 -20.1074 -19.834 -19.569 -19.3121 -19.0627 -18.8207 -18.5858 -18.3575 -18.1358 -17.9203 -17.7107 -17.507 -17.3089 -17.1161 -16.9286 -16.7463 -16.5688 -16.3962 -16.2282 -16.0648 -15.9059 -15.7513 -15.6011 -15.455 -15.3131 -15.1753 -15.0415 -14.9118 -14.786 -14.6641 -14.5463 -14.4323 -14.3224 -14.2165 -14.1146 -14.0168 -13.9233 -13.8342 -13.7495 -13.6694 -13.5942 -13.5242 -13.4596 -13.4009 -13.3485 -13.3031 -13.2654 -13.2365 -13.2176 -13.2104 -13.2173 -13.2415 -13.2879 -13.3641 -13.4825 -13.667 -13.9707 -14.5635 nan nan nan nan 
-21.7401 -21.4174 -21.1056 -20.804 -20.5123 -20.2297 -19.956 -19.6907 -19.4333 -19.1836 -18.9413 -18.7059 -18.4772 -18.255 -18.0391 -17.8291 -17.6249 -17.4262 -17.233 -17.045 -16.862 -16.684 -16.5107 -16.3421 -16.1781 -16.0184 -15.8632 -15.7121 -15.5653 -15.4225 -15.2838 -15.149 -15.0182 -14.8914 -14.7684 -14.6493 -14.534 -14.4226 -14.3152 -14.2117 -14.1122 -14.0167 -13.9254 -13.8384 -13.7558 -13.6778 -13.6047 -13.5366 -13.4739 -13.417 -13.3664 -13.3228 -13.2868 -13.2596 -13.2423 -13.2367 -13.2452 -13.2709 -13.3188 -13.3964 -13.5163 -13.7022 -14.0073 -14.6014 nan nan nan 
-21.8631 -21.5401 -21.228 -20.9262 -20.6341 -20.3512 -20.0772 -19.8115 -19.5538 -19.3038 -19.061 -18.8252 -18.5962 -18.3736 -18.1572 -17.9468 -17.7421 -17.543 -17.3492 -17.1607 -16.9772 -16.7986 -16.6248 -16.4555 -16.2908 -16.1306 -15.9746 -15.8228 -15.6752 -15.5316 -15.392 -15.2563 -15.1246 -14.9967 -14.8726 -14.7523 -14.6359 -14.5232 -14.4143 -14.3093 -14.2081 -14.1109 -14.0177 -13.9285 -13.8436 -13.7631 -13.6871 -13.6159 -13.5497 -13.4889 -13.4338 -13.385 -13.3431 -13.3088 -13.2832 -13.2675 -13.2635 -13.2734 -13.3007 -13.3501 -13.4291 -13.5504 -13.7376 -14.044 -14.6395 nan nan 
-21.9853 -21.662 -21.3496 -21.0475 -20.7551 -20.4719 -20.1976 -19.9316 -19.6735 -19.4231 -19.18 -18.9439 -18.7144 -18.4914 -18.2746 -18.0637 -17.8586 -17.659 -17.4648 -17.2758 -17.0918 -16.9126 -16.7382 -16.5684 -16.4031 -16.2422 -16.0855 -15.9331 -15.7847 -15.6403 -15.4999 -15.3634 -15.2308 -15.1019 -14.9768 -14.8555 -14.7378 -14.6239 -14.5137 -14.4073 -14.3046 -14.2057 -14.1107 -14.0196 -13.9326 -13.8498 -13.7712 -13.6972 -13.6279 -13.5635 -13.5045 -13.4512 -13.4041 -13.3639 -13.3312 -13.3072 -13.2931 -13.2906 -13.3021 -13.3308 -13.3816 -13.4621 -13.5847 -13.7733 -14.081 -14.6777 nan 
