nan nan nan nan nan nan nan nan nan nan nan nan nan nan nan nan nan nan nan nan nan nan nan nan nan nan nan nan nan nan nan nan nan nan nan nan nan nan nan nan nan nan nan nan nan nan nan nan nan nan nan nan nan nan nan nan nan nan nan nan nan nan nan nan nan nan nan 
-12.898 nan nan nan nan nan nan nan nan nan nan nan nan nan nan nan nan nan nan nan nan nan nan nan nan nan nan nan nan nan nan nan nan nan nan nan nan nan nan nan nan nan nan nan nan nan nan nan nan nan nan nan nan nan nan nan nan nan nan nan nan nan nan nan nan nan nan 
-12.4982 -12.8896 nan nan nan nan nan nan nan nan nan nan nan nan nan nan nan nan nan nan nan nan nan nan nan nan nan nan nan nan nan nan nan nan nan nan nan nan nan nan nan nan nan nan nan nan nan nan nan nan nan nan nan nan nan nan nan nan nan nan nan nan nan nan nan nan nan 
-12.3788 -12.4824 -12.8832 nan nan nan nan nan nan nan nan nan nan nan nan nan nan nan nan nan nan nan nan nan nan nan nan nan nan nan nan nan nan nan nan nan nan nan nan nan nan nan nan nan nan nan nan nan nan nan nan nan nan nan nan nan nan nan nan nan nan nan nan nan nan nan nan 
-12.3701 -12.3558 -12.469 -12.8788 nan nan nan nan nan nan nan nan nan nan nan nan nan nan nan nan nan nan nan nan nan nan nan nan nan nan nan nan nan nan nan nan nan nan nan nan nan nan nan nan nan nan nan nan nan nan nan nan nan nan nan nan nan nan nan nan nan nan nan nan nan nan nan 
-12.4193 -12.3405 -12.3358 -12.4578 -12.8761 nan nan nan nan nan nan nan nan nan nan nan nan nan nan nan nan nan nan nan nan nan nan nan nan nan nan nan nan nan nan nan nan nan nan nan nan nan nan nan nan nan nan nan nan nan nan nan nan nan nan nan nan nan nan nan nan nan nan nan nan nan nan 
-12.503 -12.3833 -12.314 -12.3183 -12.4489 -12.8752 nan nan nan nan nan nan nan nan nan nan nan nan nan nan nan nan nan nan nan nan nan nan nan nan nan nan nan nan nan nan nan nan nan nan nan nan nan nan nan nan nan nan nan nan nan nan nan nan nan nan nan nan nan nan nan nan nan nan nan nan nan 
-12.6089 -12.461 -12.3508 -12.2905 -12.3033 -12.4419 -12.8758 nan nan nan nan nan nan nan nan nan nan nan nan nan nan nan nan nan nan nan nan nan nan nan nan nan nan nan nan nan nan nan nan nan nan nan nan nan nan nan nan nan nan nan nan nan nan nan nan nan nan nan nan nan nan nan nan nan nan nan nan 
-12.7297 -12.5612 -12.4228 -12.3216 -12.2698 -12.2906 -12.4368 -12.8779 nan nan nan nan nan nan nan nan nan nan nan nan nan nan nan nan nan nan nan nan nan nan nan nan nan nan nan nan nan nan nan nan nan nan nan nan nan nan nan nan nan nan nan nan nan nan nan nan nan nan nan nan nan nan nan nan nan nan nan 
-12.8609 -12.6766 -12.5175 -12.3881 -12.2954 -12.2516 -12.28 -12.4334 -12.8815 nan nan nan nan nan nan nan nan nan nan nan nan nan nan nan nan nan nan nan nan nan nan nan nan nan nan nan nan nan nan nan nan nan nan nan nan nan nan nan nan nan nan nan nan nan nan nan nan nan nan nan nan nan nan nan nan nan nan 
-12.9994 -12.8025 -12.6277 -12.4776 -12.3567 -12.272 -12.2358 -12.2715 -12.4318 -12.8864 nan nan nan nan nan nan nan nan nan nan nan nan nan nan nan nan nan nan nan nan nan nan nan nan nan nan nan nan nan nan nan nan nan nan nan nan nan nan nan nan nan nan nan nan nan nan nan nan nan nan nan nan nan nan nan nan nan 
-13.1429 -12.936 -12.7487 -12.5828 -12.4413 -12.3284 -12.2513 -12.2223 -12.2648 -12.4317 -12.8925 nan nan nan nan nan nan nan nan nan nan nan nan nan nan nan nan nan nan nan nan nan nan nan nan nan nan nan nan nan nan nan nan nan nan nan nan nan nan nan nan nan nan nan nan nan nan nan nan nan nan nan nan nan nan nan nan 
-13.2901 -13.0748 -12.8774 -12.6991 -12.5417 -12.4081 -12.3029 -12.233 -12.2109 -12.26 -12.4331 -12.8998 nan nan nan nan nan nan nan nan nan nan nan nan nan nan nan nan nan nan nan nan nan nan nan nan nan nan nan nan nan nan nan nan nan nan nan nan nan nan nan nan nan nan nan nan nan nan nan nan nan nan nan nan nan nan nan 
-13.4397 -13.2174 -13.0117 -12.8233 -12.6534 -12.5041 -12.3781 -12.2801 -12.2171 -12.2016 -12.2568 -12.4359 -12.9083 nan nan nan nan nan nan nan nan nan nan nan nan nan nan nan nan nan nan nan nan nan nan nan nan nan nan nan nan nan nan nan nan nan nan nan nan nan nan nan nan nan nan nan nan nan nan nan nan nan nan nan nan nan nan 
-13.591 -13.3627 -13.1499 -12.9532 -12.7732 -12.6114 -12.4697 -12.3509 -12.2598 -12.2034 -12.194 -12.2553 -12.44 -12.9179 nan nan nan nan nan nan nan nan nan nan nan nan nan nan nan nan nan nan nan nan nan nan nan nan nan nan nan nan nan nan nan nan nan nan nan nan nan nan nan nan nan nan nan nan nan nan nan nan nan nan nan nan nan 
-13.7432 -13.5098 -13.291 -13.0873 -12.899 -12.727 -12.5728 -12.4383 -12.3265 -12.2419 -12.1917 -12.1883 -12.2552 -12.4454 -12.9285 nan nan nan nan nan nan nan nan nan nan nan nan nan nan nan nan nan nan nan nan nan nan nan nan nan nan nan nan nan nan nan nan nan nan nan nan nan nan nan nan nan nan nan nan nan nan nan nan nan nan nan nan 
-13.8959 -13.658 -13.4341 -13.2243 -13.029 -12.8488 -12.6845 -12.5375 -12.4099 -12.3046 -12.2262 -12.182 -12.1843 -12.2566 -12.452 -12.94 nan nan nan nan nan nan nan nan nan nan nan nan nan nan nan nan nan nan nan nan nan nan nan nan nan nan nan nan nan nan nan nan nan nan nan nan nan nan nan nan nan nan nan nan nan nan nan nan nan nan nan 
-14.0488 -13.8069 -13.5785 -13.3636 -13.1623 -12.975 -12.8024 -12.6453 -12.5052 -12.3841 -12.285 -12.2126 -12.1741 -12.1818 -12.2594 -12.4597 -12.9525 nan nan nan nan nan nan nan nan nan nan nan nan nan nan nan nan nan nan nan nan nan nan nan nan nan nan nan nan nan nan nan nan nan nan nan nan nan nan nan nan nan nan nan nan nan nan nan nan nan nan 
-14.2014 -13.9561 -13.7237 -13.5043 -13.2978 -13.1046 -12.9249 -12.7595 -12.6093 -12.4757 -12.3609 -12.2678 -12.201 -12.1679 -12.1809 -12.2634 -12.4685 -12.9659 nan nan nan nan nan nan nan nan nan nan nan nan nan nan nan nan nan nan nan nan nan nan nan nan nan nan nan nan nan nan nan nan nan nan nan nan nan nan nan nan nan nan nan nan nan nan nan nan nan 
-14.3537 -14.1052 -13.8693 -13.6459 -13.435 -13.2365 -13.0509 -12.8785 -12.7199 -12.5763 -12.449 -12.3401 -12.2526 -12.1913 -12.1634 -12.1813 -12.2686 -12.4783 -12.9802 nan nan nan nan nan nan nan nan nan nan nan nan nan nan nan nan nan nan nan nan nan nan nan nan nan nan nan nan nan nan nan nan nan nan nan nan nan nan nan nan nan nan nan nan nan nan nan nan 
-14.5053 -14.254 -14.015 -13.7881 -13.5732 -13.3703 -13.1795 -13.001 -12.8355 -12.6835 -12.5461 -12.4247 -12.3215 -12.2395 -12.1834 -12.1605 -12.1832 -12.275 -12.4891 -12.9952 nan nan nan nan nan nan nan nan nan nan nan nan nan nan nan nan nan nan nan nan nan nan nan nan nan nan nan nan nan nan nan nan nan nan nan nan nan nan nan nan nan nan nan nan nan nan nan 
-14.6562 -14.4023 -14.1605 -13.9305 -13.712 -13.5052 -13.3099 -13.1263 -12.9548 -12.7958 -12.65 -12.5186 -12.4029 -12.3051 -12.2283 -12.1772 -12.159 -12.1863 -12.2826 -12.5009 -13.011 nan nan nan nan nan nan nan nan nan nan nan nan nan nan nan nan nan nan nan nan nan nan nan nan nan nan nan nan nan nan nan nan nan nan nan nan nan nan nan nan nan nan nan nan nan nan 
-14.8062 -14.55 -14.3057 -14.0728 -13.8513 -13.6409 -13.4416 -13.2535 -13.0769 -12.9119 -12.7591 -12.6193 -12.4935 -12.3833 -12.2907 -12.2189 -12.1725 -12.1589 -12.1906 -12.2911 -12.5135 -13.0276 nan nan nan nan nan nan nan nan nan nan nan nan nan nan nan nan nan nan nan nan nan nan nan nan nan nan nan nan nan nan nan nan nan nan nan nan nan nan nan nan nan nan nan nan nan 
-14.9553 -14.697 -14.4503 -14.2149 -13.9905 -13.777 -13.5742 -13.3822 -13.201 -13.0309 -12.8721 -12.7253 -12.5912 -12.4709 -12.3658 -12.2782 -12.2112 -12.1694 -12.1602 -12.1961 -12.3007 -12.527 -13.0448 nan nan nan nan nan nan nan nan nan nan nan nan nan nan nan nan nan nan nan nan nan nan nan nan nan nan nan nan nan nan nan nan nan nan nan nan nan nan nan nan nan nan nan nan 
-15.1034 -14.8431 -14.5943 -14.3566 -14.1297 -13.9133 -13.7074 -13.5119 -13.3268 -13.1521 -12.9882 -12.8354 -12.6943 -12.5656 -12.4504 -12.3504 -12.2676 -12.2051 -12.1677 -12.1628 -12.2028 -12.3113 -12.5413 -13.0628 nan nan nan nan nan nan nan nan nan nan nan nan nan nan nan nan nan nan nan nan nan nan nan nan nan nan nan nan nan nan nan nan nan nan nan nan nan nan nan nan nan nan nan 
-15.2503 -14.9883 -14.7376 -14.4977 -14.2685 -14.0496 -13.8409 -13.6422 -13.4536 -13.275 -13.1066 -12.9486 -12.8015 -12.6658 -12.5423 -12.4322 -12.3369 -12.2586 -12.2006 -12.1674 -12.1665 -12.2104 -12.3227 -12.5564 -13.0814 nan nan nan nan nan nan nan nan nan nan nan nan nan nan nan nan nan nan nan nan nan nan nan nan nan nan nan nan nan nan nan nan nan nan nan nan nan nan nan nan nan nan 
-15.3962 -15.1325 -14.88 -14.6382 -14.4069 -14.1857 -13.9744 -13.7729 -13.5811 -13.399 -13.2267 -13.0642 -12.9119 -12.7703 -12.6398 -12.5213 -12.4159 -12.3252 -12.2513 -12.1975 -12.1684 -12.1715 -12.2191 -12.335 -12.5723 -13.1006 nan nan nan nan nan nan nan nan nan nan nan nan nan nan nan nan nan nan nan nan nan nan nan nan nan nan nan nan nan nan nan nan nan nan nan nan nan nan nan nan nan 
-15.5409 -15.2757 -15.0215 -14.778 -14.5447 -14.3214 -14.1078 -13.9038 -13.7092 -13.5239 -13.3481 -13.1816 -13.0249 -12.878 -12.7416 -12.6161 -12.5023 -12.4015 -12.3152 -12.2456 -12.1959 -12.1707 -12.1775 -12.2288 -12.3482 -12.5888 -13.1204 nan nan nan nan nan nan nan nan nan nan nan nan nan nan nan nan nan nan nan nan nan nan nan nan nan nan nan nan nan nan nan nan nan nan nan nan nan nan nan nan 
-15.6845 -15.4178 -15.1621 -14.917 -14.6819 -14.4566 -14.241 -14.0346 -13.8374 -13.6494 -13.4704 -13.3005 -13.1397 -12.9884 -12.8468 -12.7153 -12.5945 -12.4854 -12.389 -12.3069 -12.2414 -12.1955 -12.1741 -12.1846 -12.2394 -12.3622 -12.606 -13.1408 nan nan nan nan nan nan nan nan nan nan nan nan nan nan nan nan nan nan nan nan nan nan nan nan nan nan nan nan nan nan nan nan nan nan nan nan nan nan nan 
-15.8268 -15.5589 -15.3018 -15.0551 -14.8183 -14.5913 -14.3737 -14.1652 -13.9658 -13.7751 -13.5933 -13.4203 -13.256 -13.1007 -12.9546 -12.818 -12.6912 -12.5751 -12.4703 -12.3782 -12.3002 -12.2385 -12.1965 -12.1787 -12.1927 -12.2509 -12.3769 -12.6239 -13.1617 nan nan nan nan nan nan nan nan nan nan nan nan nan nan nan nan nan nan nan nan nan nan nan nan nan nan nan nan nan nan nan nan nan nan nan nan nan nan 
-15.968 -15.6988 -15.4404 -15.1923 -14.954 -14.7254 -14.5059 -14.2955 -14.094 -13.901 -13.7167 -13.5408 -13.3734 -13.2146 -13.0645 -12.9234 -12.7915 -12.6694 -12.5576 -12.4571 -12.369 -12.2949 -12.2371 -12.1986 -12.1844 -12.2017 -12.2632 -12.3924 -12.6425 -13.1832 nan nan nan nan nan nan nan nan nan nan nan nan nan nan nan nan nan nan nan nan nan nan nan nan nan nan nan nan nan nan nan nan nan nan nan nan nan 
-16.108 -15.8376 -15.578 -15.3285 -15.0889 -14.8587 -14.6376 -14.4254 -14.2219 -14.0269 -13.8402 -13.6618 -13.4916 -13.3297 -13.1761 -13.031 -12.8946 -12.7673 -12.6496 -12.542 -12.4456 -12.3614 -12.2911 -12.2369 -12.2019 -12.1911 -12.2117 -12.2763 -12.4086 -12.6616 -13.2052 nan nan nan nan nan nan nan nan nan nan nan nan nan nan nan nan nan nan nan nan nan nan nan nan nan nan nan nan nan nan nan nan nan nan nan nan 
-16.2468 -15.9754 -15.7145 -15.4638 -15.2229 -14.9913 -14.7687 -14.5549 -14.3496 -14.1526 -13.9638 -13.783 -13.6103 -13.4456 -13.2888 -13.1402 -12.9999 -12.8681 -12.7452 -12.6317 -12.5282 -12.4357 -12.3553 -12.2886 -12.2379 -12.2064 -12.1988 -12.2225 -12.2902 -12.4254 -12.6813 -13.2277 nan nan nan nan nan nan nan nan nan nan nan nan nan nan nan nan nan nan nan nan nan nan nan nan nan nan nan nan nan nan nan nan nan nan nan 
-16.3844 -16.1119 -15.85 -15.5982 -15.356 -15.123 -14.899 -14.6837 -14.4767 -14.278 -14.0873 -13.9044 -13.7294 -13.5621 -13.4025 -13.2508 -13.1069 -12.9712 -12.8438 -12.7251 -12.6157 -12.5162 -12.4274 -12.3506 -12.2875 -12.2401 -12.2119 -12.2074 -12.2342 -12.3049 -12.4429 -12.7016 -13.2506 nan nan nan nan nan nan nan nan nan nan nan nan nan nan nan nan nan nan nan nan nan nan nan nan nan nan nan nan nan nan nan nan nan nan 
-16.5208 -16.2474 -15.9845 -15.7315 -15.4882 -15.254 -15.0287 -14.8119 -14.6034 -14.403 -14.2105 -14.0258 -13.8486 -13.679 -13.5169 -13.3623 -13.2153 -13.0761 -12.9447 -12.8216 -12.707 -12.6015 -12.5057 -12.4206 -12.3473 -12.2875 -12.2435 -12.2184 -12.217 -12.2467 -12.3202 -12.4611 -12.7224 -13.2741 nan nan nan nan nan nan nan nan nan nan nan nan nan nan nan nan nan nan nan nan nan nan nan nan nan nan nan nan nan nan nan nan nan 
-16.656 -16.3817 -16.1178 -15.8639 -15.6194 -15.3841 -15.1576 -14.9395 -14.7296 -14.5277 -14.3335 -14.1469 -13.9679 -13.7961 -13.6317 -13.4746 -13.3248 -13.1824 -13.0476 -12.9205 -12.8014 -12.6907 -12.589 -12.4968 -12.4152 -12.3453 -12.2888 -12.2479 -12.2258 -12.2274 -12.26 -12.3363 -12.4798 -12.7437 -13.2979 nan nan nan nan nan nan nan nan nan nan nan nan nan nan nan nan nan nan nan nan nan nan nan nan nan nan nan nan nan nan nan nan 
-16.7901 -16.5149 -16.2501 -15.9952 -15.7498 -15.5133 -15.2856 -15.0663 -14.8551 -14.6518 -14.4561 -14.2679 -14.087 -13.9134 -13.7468 -13.5874 -13.4351 -13.2899 -13.1519 -13.0213 -12.8982 -12.7831 -12.6762 -12.578 -12.4894 -12.4112 -12.3446 -12.2912 -12.2534 -12.2342 -12.2387 -12.274 -12.353 -12.4991 -12.7656 -13.3222 nan nan nan nan nan nan nan nan nan nan nan nan nan nan nan nan nan nan nan nan nan nan nan nan nan nan nan nan nan nan nan 
-16.923 -16.647 -16.3814 -16.1256 -15.8791 -15.6417 -15.4129 -15.1924 -14.98 -14.7753 -14.5782 -14.3885 -14.206 -14.0306 -13.8621 -13.7006 -13.5459 -13.3982 -13.2574 -13.1236 -12.9971 -12.8779 -12.7665 -12.6633 -12.5687 -12.4834 -12.4085 -12.345 -12.2947 -12.2598 -12.2436 -12.2507 -12.2888 -12.3703 -12.519 -12.7879 -13.3469 nan nan nan nan nan nan nan nan nan nan nan nan nan nan nan nan nan nan nan nan nan nan nan nan nan nan nan nan nan nan 
-17.0548 -16.7781 -16.5116 -16.2549 -16.0076 -15.7692 -15.5394 -15.3178 -15.1042 -14.8983 -14.6999 -14.5088 -14.3247 -14.1476 -13.9774 -13.8139 -13.6572 -13.5071 -13.3638 -13.2272 -13.0975 -12.9749 -12.8595 -12.7517 -12.652 -12.5608 -12.4788 -12.407 -12.3466 -12.2992 -12.2672 -12.2537 -12.2636 -12.3042 -12.3883 -12.5394 -12.8106 -13.3719 nan nan nan nan nan nan nan nan nan nan nan nan nan nan nan nan nan nan nan nan nan nan nan nan nan nan nan nan nan 
-17.1855 -16.908 -16.6407 -16.3832 -16.135 -15.8957 -15.665 -15.4424 -15.2277 -15.0207 -14.821 -14.6286 -14.4431 -14.2645 -14.0926 -13.9274 -13.7687 -13.6165 -13.4708 -13.3317 -13.1992 -13.0734 -12.9546 -12.8429 -12.7386 -12.6422 -12.5543 -12.4755 -12.4067 -12.3493 -12.3048 -12.2755 -12.2647 -12.2772 -12.3203 -12.4068 -12.5603 -12.8339 -13.3974 nan nan nan nan nan nan nan nan nan nan nan nan nan nan nan nan nan nan nan nan nan nan nan nan nan nan nan nan 
-17.315 -17.0368 -16.7688 -16.5106 -16.2616 -16.0214 -15.7897 -15.5662 -15.3505 -15.1424 -14.9416 -14.7479 -14.5611 -14.3811 -14.2077 -14.0408 -13.8803 -13.7262 -13.5784 -13.437 -13.3019 -13.1733 -13.0514 -12.9361 -12.8279 -12.7271 -12.6339 -12.5492 -12.4734 -12.4076 -12.353 -12.3113 -12.2847 -12.2765 -12.2915 -12.3371 -12.426 -12.5817 -12.8575 -13.4232 nan nan nan nan nan nan nan nan nan nan nan nan nan nan nan nan nan nan nan nan nan nan nan nan nan nan nan 
-17.4435 -17.1646 -16.8959 -16.6369 -16.3871 -16.1462 -15.9136 -15.6892 -15.4725 -15.2634 -15.0615 -14.8666 -14.6786 -14.4973 -14.3225 -14.154 -13.9919 -13.836 -13.6863 -13.5428 -13.4054 -13.2743 -13.1495 -13.0311 -12.9194 -12.8146 -12.717 -12.6271 -12.5453 -12.4725 -12.4096 -12.3577 -12.3187 -12.2947 -12.289 -12.3064 -12.3544 -12.4456 -12.6036 -12.8816 -13.4494 nan nan nan nan nan nan nan nan nan nan nan nan nan nan nan nan nan nan nan nan nan nan nan nan nan nan 
-17.5709 -17.2914 -17.022 -16.7623 -16.5118 -16.27 -16.0367 -15.8114 -15.5938 -15.3837 -15.1808 -14.9849 -14.7957 -14.6131 -14.437 -14.2671 -14.1035 -13.946 -13.7945 -13.649 -13.5095 -13.3761 -13.2487 -13.1276 -13.0127 -12.9044 -12.8028 -12.7084 -12.6215 -12.5427 -12.4728 -12.4126 -12.3635 -12.327 -12.3055 -12.3023 -12.3221 -12.3724 -12.4658 -12.626 -12.9061 -13.4759 nan nan nan nan nan nan nan nan nan nan nan nan nan nan nan nan nan nan nan nan nan nan nan nan nan 
-17.6972 -17.4171 -17.1471 -16.8867 -16.6355 -16.393 -16.1589 -15.9327 -15.7143 -15.5033 -15.2994 -15.1025 -14.9122 -14.7285 -14.5511 -14.38 -14.2149 -14.0559 -13.9027 -13.7555 -13.6141 -13.4785 -13.3489 -13.2252 -13.1075 -12.996 -12.891 -12.7926 -12.7012 -12.6172 -12.5413 -12.4741 -12.4166 -12.3701 -12.3362 -12.3171 -12.3163 -12.3384 -12.3909 -12.4865 -12.6488 -12.9309 -13.5028 nan nan nan nan nan nan nan nan nan nan nan nan nan nan nan nan nan nan nan nan nan nan nan nan 
-17.8225 -17.5418 -17.2712 -17.0101 -16.7583 -16.5151 -16.2802 -16.0533 -15.8341 -15.6222 -15.4174 -15.2195 -15.0282 -14.8434 -14.6649 -14.4925 -14.3261 -14.1657 -14.011 -13.8621 -13.7189 -13.5815 -13.4497 -13.3236 -13.2034 -13.0892 -12.981 -12.8791 -12.7837 -12.6953 -12.6142 -12.541 -12.4765 -12.4217 -12.3776 -12.3461 -12.3295 -12.3309 -12.3552 -12.41 -12.5077 -12.672 -12.9561 -13.53 nan nan nan nan nan nan nan nan nan nan nan nan nan nan nan nan nan nan nan nan nan nan nan 
-17.9467 -17.6654 -17.3943 -17.1326 -16.8801 -16.6363 -16.4007 -16.1731 -15.953 -15.7404 -15.5347 -15.3359 -15.1437 -14.9578 -14.7782 -14.6047 -14.4371 -14.2753 -14.1192 -13.9688 -13.824 -13.6847 -13.551 -13.4229 -13.3003 -13.1835 -13.0725 -12.9675 -12.8686 -12.7762 -12.6907 -12.6123 -12.5419 -12.48 -12.4276 -12.386 -12.3569 -12.3425 -12.3462 -12.3727 -12.4296 -12.5293 -12.6956 -12.9817 -13.5575 nan nan nan nan nan nan nan nan nan nan nan nan nan nan nan nan nan nan nan nan nan nan 
-18.0699 -17.7881 -17.5164 -17.2542 -17.001 -16.7566 -16.5203 -16.292 -16.0712 -15.8578 -15.6513 -15.4516 -15.2585 -15.0717 -14.8911 -14.7165 -14.5477 -14.3847 -14.2273 -14.0755 -13.9291 -13.7882 -13.6527 -13.5227 -13.398 -13.2789 -13.1653 -13.0575 -12.9555 -12.8596 -12.7701 -12.6873 -12.6116 -12.5438 -12.4844 -12.4345 -12.3952 -12.3684 -12.3563 -12.3622 -12.3908 -12.4497 -12.5514 -12.7197 -13.0077 -13.5853 nan nan nan nan nan nan nan nan nan nan nan nan nan nan nan nan nan nan nan nan nan 
-18.1922 -17.9099 -17.6376 -17.3748 -17.1211 -16.876 -16.6391 -16.4101 -16.1887 -15.9745 -15.7672 -15.5667 -15.3728 -15.1851 -15.0035 -14.8278 -14.658 -14.4938 -14.3352 -14.182 -14.0343 -13.8919 -13.7547 -13.6229 -13.4963 -13.3751 -13.2592 -13.1488 -13.044 -12.945 -12.8519 -12.7652 -12.685 -12.612 -12.5467 -12.4897 -12.4422 -12.4053 -12.3807 -12.3707 -12.3787 -12.4094 -12.4703 -12.574 -12.7441 -13.034 -13.6133 nan nan nan nan nan nan nan nan nan nan nan nan nan nan nan nan nan nan nan nan 
-18.3134 -18.0306 -17.7578 -17.4945 -17.2402 -16.9946 -16.7571 -16.5274 -16.3053 -16.0904 -15.8825 -15.6812 -15.4864 -15.2978 -15.1153 -14.9387 -14.7679 -14.6026 -14.4428 -14.2885 -14.1394 -13.9955 -13.8569 -13.7234 -13.595 -13.4719 -13.3539 -13.2412 -13.1338 -13.032 -12.9358 -12.8455 -12.7615 -12.6839 -12.6134 -12.5505 -12.496 -12.4507 -12.416 -12.3936 -12.3858 -12.3958 -12.4285 -12.4914 -12.5969 -12.769 -13.0606 -13.6417 nan nan nan nan nan nan nan nan nan nan nan nan nan nan nan nan nan nan nan 
-18.4337 -18.1504 -17.8771 -17.6133 -17.3585 -17.1123 -16.8742 -16.644 -16.4212 -16.2056 -15.997 -15.795 -15.5994 -15.41 -15.2267 -15.0492 -14.8773 -14.7111 -14.5502 -14.3947 -14.2444 -14.0992 -13.9591 -13.8241 -13.6941 -13.5692 -13.4492 -13.3344 -13.2248 -13.1204 -13.0214 -12.928 -12.8404 -12.7589 -12.6839 -12.6159 -12.5553 -12.5031 -12.4601 -12.4276 -12.4073 -12.4015 -12.4135 -12.4482 -12.5129 -12.6203 -12.7941 -13.0875 -13.6703 nan nan nan nan nan nan nan nan nan nan nan nan nan nan nan nan nan nan 
-18.5531 -18.2693 -17.9955 -17.7312 -17.4759 -17.2291 -16.9905 -16.7597 -16.5363 -16.3201 -16.1108 -15.9081 -15.7118 -15.5216 -15.3374 -15.1591 -14.9863 -14.8191 -14.6572 -14.5006 -14.3492 -14.2028 -14.0614 -13.9249 -13.7934 -13.6668 -13.5451 -13.4284 -13.3166 -13.2099 -13.1084 -13.0122 -12.9215 -12.8365 -12.7575 -12.685 -12.6193 -12.561 -12.511 -12.4702 -12.4398 -12.4216 -12.4178 -12.4318 -12.4683 -12.5349 -12.6441 -12.8197 -13.1148 -13.6993 nan nan nan nan nan nan nan nan nan nan nan nan nan nan nan nan nan 
-18.6715 -18.3873 -18.1131 -17.8483 -17.5924 -17.3451 -17.106 -16.8746 -16.6507 -16.4338 -16.2239 -16.0205 -15.8235 -15.6326 -15.4477 -15.2685 -15.0949 -14.9268 -14.7639 -14.6063 -14.4537 -14.3062 -14.1636 -14.0258 -13.8929 -13.7648 -13.6415 -13.5229 -13.4092 -13.3004 -13.1966 -13.0978 -13.0043 -12.9162 -12.8337 -12.7572 -12.687 -12.6236 -12.5676 -12.5198 -12.4811 -12.4527 -12.4365 -12.4347 -12.4505 -12.4889 -12.5573 -12.6683 -12.8455 -13.1423 -13.7284 nan nan nan nan nan nan nan nan nan nan nan nan nan nan nan nan 
-18.789 -18.5044 -18.2297 -17.9644 -17.7081 -17.4603 -17.2207 -16.9887 -16.7642 -16.5468 -16.3363 -16.1323 -15.9346 -15.743 -15.5573 -15.3774 -15.203 -15.034 -14.8702 -14.7116 -14.5581 -14.4094 -14.2657 -14.1267 -13.9925 -13.8629 -13.7381 -13.6179 -13.5024 -13.3917 -13.2857 -13.1847 -13.0886 -12.9976 -12.912 -12.832 -12.7579 -12.69 -12.6289 -12.575 -12.5293 -12.4927 -12.4663 -12.452 -12.4521 -12.4698 -12.51 -12.5801 -12.6928 -12.8717 -13.1701 -13.7578 nan nan nan nan nan nan nan nan nan nan nan nan nan nan nan 
-18.9056 -18.6205 -18.3454 -18.0798 -17.823 -17.5747 -17.3346 -17.1021 -16.8771 -16.6591 -16.448 -16.2433 -16.045 -15.8528 -15.6664 -15.4857 -15.3105 -15.1407 -14.9761 -14.8166 -14.6621 -14.5125 -14.3676 -14.2275 -14.092 -13.9611 -13.8349 -13.7132 -13.5961 -13.4836 -13.3757 -13.2725 -13.1741 -13.0806 -12.9922 -12.9091 -12.8314 -12.7596 -12.6939 -12.635 -12.5833 -12.5396 -12.5049 -12.4806 -12.4682 -12.4701 -12.4896 -12.5315 -12.6033 -12.7177 -12.8983 -13.1982 -13.7875 nan nan nan nan nan nan nan nan nan nan nan nan nan nan 
-19.0213 -18.7359 -18.4603 -18.1942 -17.937 -17.6883 -17.4477 -17.2147 -16.9892 -16.7707 -16.559 -16.3538 -16.1548 -15.9619 -15.7749 -15.5935 -15.4176 -15.247 -15.0816 -14.9213 -14.7658 -14.6152 -14.4693 -14.3281 -14.1915 -14.0594 -13.9318 -13.8087 -13.6901 -13.5759 -13.4663 -13.3612 -13.2607 -13.1649 -13.0739 -12.988 -12.9072 -12.8318 -12.7622 -12.6988 -12.6419 -12.5923 -12.5506 -12.5179 -12.4954 -12.4849 -12.4886 -12.5098 -12.5535 -12.627 -12.7429 -12.9251 -13.2266 -13.8174 nan nan nan nan nan nan nan nan nan nan nan nan nan 
-19.1361 -18.8503 -18.5744 -18.3079 -18.0502 -17.8011 -17.56 -17.3266 -17.1005 -16.8815 -16.6693 -16.4635 -16.264 -16.0705 -15.8828 -15.7008 -15.5242 -15.3528 -15.1867 -15.0255 -14.8692 -14.7177 -14.5709 -14.4286 -14.2909 -14.1577 -14.0289 -13.9044 -13.7844 -13.6687 -13.5574 -13.4505 -13.3481 -13.2502 -13.1569 -13.0684 -12.9848 -12.9063 -12.8332 -12.7658 -12.7045 -12.6497 -12.602 -12.5623 -12.5315 -12.5109 -12.5021 -12.5076 -12.5305 -12.5758 -12.651 -12.7685 -12.9522 -13.2553 -13.8475 nan nan nan nan nan nan nan nan nan nan nan nan 
-19.2501 -18.9639 -18.6876 -18.4207 -18.1627 -17.9131 -17.6715 -17.4377 -17.2111 -16.9916 -16.7789 -16.5726 -16.3725 -16.1784 -15.9901 -15.8075 -15.6302 -15.4582 -15.2913 -15.1293 -14.9722 -14.8198 -14.6721 -14.5289 -14.3902 -14.2559 -14.1259 -14.0002 -13.8789 -13.7618 -13.649 -13.5404 -13.4362 -13.3364 -13.241 -13.1502 -13.0641 -12.9828 -12.9065 -12.8356 -12.7703 -12.711 -12.6582 -12.6125 -12.5747 -12.5457 -12.5269 -12.5199 -12.5271 -12.5517 -12.5986 -12.6753 -12.7944 -12.9796 -13.2841 -13.8778 nan nan nan nan nan nan nan nan nan nan nan 
-19.3633 -19.0767 -18.8001 -18.5327 -18.2743 -18.0243 -17.7823 -17.548 -17.321 -17.1011 -16.8878 -16.681 -16.4804 -16.2858 -16.0969 -15.9136 -15.7357 -15.563 -15.3954 -15.2327 -15.0748 -14.9216 -14.773 -14.6289 -14.4893 -14.3539 -14.2229 -14.0961 -13.9735 -13.8551 -13.7408 -13.6308 -13.5249 -13.4233 -13.326 -13.2331 -13.1446 -13.0608 -12.9818 -12.9077 -12.8389 -12.7756 -12.7183 -12.6675 -12.6237 -12.5877 -12.5605 -12.5435 -12.5382 -12.547 -12.5733 -12.6218 -12.7 -12.8207 -13.0073 -13.3133 -13.9084 nan nan nan nan nan nan nan nan nan nan 
-19.4756 -19.1887 -18.9117 -18.644 -18.3852 -18.1348 -17.8924 -17.6576 -17.4302 -17.2098 -16.996 -16.7887 -16.5876 -16.3925 -16.203 -16.0191 -15.8406 -15.6673 -15.499 -15.3356 -15.177 -15.0231 -14.8737 -14.7287 -14.5881 -14.4518 -14.3198 -14.1919 -14.0681 -13.9485 -13.8329 -13.7215 -13.6141 -13.5109 -13.4118 -13.3169 -13.2264 -13.1402 -13.0586 -12.9818 -12.9098 -12.8431 -12.7818 -12.7265 -12.6775 -12.6356 -12.6014 -12.576 -12.5606 -12.557 -12.5674 -12.5953 -12.6453 -12.7251 -12.8472 -13.0353 -13.3427 -13.9391 nan nan nan nan nan nan nan nan nan 
-19.5871 -19.2999 -19.0225 -18.7545 -18.4953 -18.2445 -18.0017 -17.7665 -17.5387 -17.3178 -17.1036 -16.8958 -16.6942 -16.4985 -16.3086 -16.1241 -15.945 -15.7711 -15.6022 -15.4382 -15.2788 -15.1242 -14.974 -14.8282 -14.6868 -14.5496 -14.4165 -14.2876 -14.1628 -14.042 -13.9252 -13.8124 -13.7037 -13.5989 -13.4982 -13.4015 -13.309 -13.2208 -13.1369 -13.0575 -12.9827 -12.9128 -12.8481 -12.7888 -12.7353 -12.6882 -12.6481 -12.6156 -12.5919 -12.5782 -12.5762 -12.5883 -12.6177 -12.6692 -12.7505 -12.874 -13.0636 -13.3723 -13.9701 nan nan nan nan nan nan nan nan 
-19.6978 -19.4103 -19.1325 -18.8642 -18.6046 -18.3534 -18.1103 -17.8747 -17.6465 -17.4252 -17.2105 -17.0023 -16.8002 -16.604 -16.4135 -16.2286 -16.0489 -15.8744 -15.7049 -15.5402 -15.3802 -15.2248 -15.0739 -14.9274 -14.7851 -14.6471 -14.5131 -14.3833 -14.2574 -14.1356 -14.0176 -13.9036 -13.7935 -13.6873 -13.5851 -13.4868 -13.3925 -13.3024 -13.2163 -13.1346 -13.0573 -12.9846 -12.9167 -12.8539 -12.7965 -12.7449 -12.6996 -12.6612 -12.6305 -12.6084 -12.5964 -12.596 -12.6096 -12.6405 -12.6935 -12.7762 -12.9011 -13.092 -13.4021 -14.0012 nan nan nan nan nan nan nan 
-19.8078 -19.5199 -19.2418 -18.9731 -18.7132 -18.4617 -18.2181 -17.9822 -17.7535 -17.5318 -17.3168 -17.1081 -16.9055 -16.7089 -16.5179 -16.3324 -16.1522 -15.9772 -15.8071 -15.6418 -15.4812 -15.3251 -15.1735 -15.0262 -14.8832 -14.7443 -14.6095 -14.4788 -14.352 -14.2291 -14.1101 -13.9949 -13.8836 -13.7761 -13.6724 -13.5726 -13.4767 -13.3848 -13.2968 -13.213 -13.1334 -13.0581 -12.9874 -12.9215 -12.8606 -12.805 -12.7552 -12.7117 -12.675 -12.6459 -12.6255 -12.615 -12.6161 -12.6313 -12.6636 -12.7181 -12.8022 -12.9285 -13.1208 -13.4322 -14.0326 nan nan nan nan nan nan 
-19.9169 -19.6287 -19.3504 -19.0813 -18.8211 -18.5692 -18.3253 -18.089 -17.8599 -17.6378 -17.4224 -17.2133 -17.0103 -16.8132 -16.6217 -16.4357 -16.255 -16.0794 -15.9088 -15.7429 -15.5817 -15.425 -15.2727 -15.1247 -14.981 -14.8413 -14.7057 -14.5741 -14.4464 -14.3225 -14.2025 -14.0863 -13.9738 -13.8651 -13.7601 -13.6589 -13.5614 -13.4678 -13.3781 -13.2924 -13.2106 -13.1331 -13.0599 -12.9911 -12.9271 -12.868 -12.8143 -12.7662 -12.7244 -12.6893 -12.6619 -12.6431 -12.6341 -12.6368 -12.6534 -12.6872 -12.7431 -12.8285 -12.9562 -13.1498 -13.4624 -14.0641 nan nan nan nan nan 
-20.0253 -19.7368 -19.4582 -19.1888 -18.9282 -18.676 -18.4317 -18.1951 -17.9657 -17.7432 -17.5273 -17.3178 -17.1144 -16.9168 -16.7249 -16.5385 -16.3573 -16.1812 -16.01 -15.8435 -15.6817 -15.5244 -15.3715 -15.2229 -15.0784 -14.938 -14.8017 -14.6692 -14.5407 -14.4159 -14.2949 -14.1777 -14.0641 -13.9542 -13.848 -13.7455 -13.6466 -13.5515 -13.4602 -13.3726 -13.289 -13.2093 -13.1338 -13.0625 -12.9956 -12.9334 -12.8762 -12.8242 -12.7778 -12.7377 -12.7043 -12.6784 -12.6611 -12.6537 -12.6578 -12.6758 -12.7111 -12.7683 -12.8551 -12.9841 -13.179 -13.4929 -14.0958 nan nan nan nan 
-20.133 -19.8442 -19.5652 -19.2955 -19.0346 -18.7821 -18.5375 -18.3005 -18.0707 -17.8479 -17.6316 -17.4217 -17.2179 -17.0199 -16.8276 -16.6406 -16.459 -16.2824 -16.1107 -15.9437 -15.7813 -15.6235 -15.4699 -15.3207 -15.1755 -15.0345 -14.8974 -14.7642 -14.6348 -14.5092 -14.3873 -14.269 -14.1545 -14.0435 -13.9361 -13.8324 -13.7322 -13.6357 -13.5428 -13.4536 -13.3682 -13.2866 -13.209 -13.1354 -13.066 -13.001 -12.9406 -12.8851 -12.8348 -12.7901 -12.7515 -12.7197 -12.6954 -12.6797 -12.6737 -12.6793 -12.6987 -12.7353 -12.7939 -12.882 -13.0123 -13.2084 -13.5236 -14.1277 nan nan nan 
-20.2399 -19.9509 -19.6716 -19.4016 -19.1404 -18.8875 -18.6426 -18.4053 -18.1751 -17.9519 -17.7353 -17.525 -17.3208 -17.1224 -16.9296 -16.7423 -16.5601 -16.383 -16.2108 -16.0434 -15.8805 -15.722 -15.5679 -15.4181 -15.2723 -15.1306 -14.9928 -14.8588 -14.7287 -14.6022 -14.4795 -14.3604 -14.2448 -14.1328 -14.0244 -13.9195 -13.8181 -13.7203 -13.626 -13.5353 -13.4482 -13.3648 -13.2853 -13.2096 -13.1378 -13.0703 -13.0071 -12.9485 -12.8947 -12.846 -12.803 -12.766 -12.7357 -12.713 -12.6987 -12.6941 -12.7011 -12.7219 -12.7599 -12.8198 -12.9092 -13.0408 -13.2381 -13.5545 -14.1597 nan nan 
-20.3461 -20.0568 -19.7772 -19.5069 -19.2454 -18.9923 -18.747 -18.5094 -18.2789 -18.0553 -17.8383 -17.6277 -17.4231 -17.2243 -17.0311 -16.8433 -16.6608 -16.4832 -16.3105 -16.1426 -15.9792 -15.8202 -15.6655 -15.5151 -15.3687 -15.2263 -15.0879 -14.9532 -14.8223 -14.6951 -14.5716 -14.4516 -14.3352 -14.2222 -14.1128 -14.0068 -13.9042 -13.8052 -13.7096 -13.6174 -13.5289 -13.4439 -13.3625 -13.2848 -13.211 -13.1412 -13.0754 -13.014 -12.9571 -12.9049 -12.8579 -12.8165 -12.781 -12.7523 -12.731 -12.7181 -12.715 -12.7234 -12.7455 -12.7848 -12.846 -12.9367 -13.0694 -13.268 -13.5855 -14.192 nan 
