nan nan nan nan nan nan nan nan nan nan nan nan nan nan nan nan nan nan nan nan nan nan nan nan nan nan nan nan nan nan nan nan nan nan nan nan nan nan nan nan nan nan nan nan nan nan nan nan nan nan nan nan nan nan nan nan nan nan nan nan nan nan nan nan nan nan nan 
-14.2948 nan nan nan nan nan nan nan nan nan nan nan nan nan nan nan nan nan nan nan nan nan nan nan nan nan nan nan nan nan nan nan nan nan nan nan nan nan nan nan nan nan nan nan nan nan nan nan nan nan nan nan nan nan nan nan nan nan nan nan nan nan nan nan nan nan nan 
-13.8938 -14.2691 nan nan nan nan nan nan nan nan nan nan nan nan nan nan nan nan nan nan nan nan nan nan nan nan nan nan nan nan nan nan nan nan nan nan nan nan nan nan nan nan nan nan nan nan nan nan nan nan nan nan nan nan nan nan nan nan nan nan nan nan nan nan nan nan nan 
-13.7731 -13.8607 -14.2459 nan nan nan nan nan nan nan nan nan nan nan nan nan nan nan nan nan nan nan nan nan nan nan nan nan nan nan nan nan nan nan nan nan nan nan nan nan nan nan nan nan nan nan nan nan nan nan nan nan nan nan nan nan nan nan nan nan nan nan nan nan nan nan nan 
-13.7632 -13.733 -13.8305 -14.2252 nan nan nan nan nan nan nan nan nan nan nan nan nan nan nan nan nan nan nan nan nan nan nan nan nan nan nan nan nan nan nan nan nan nan nan nan nan nan nan nan nan nan nan nan nan nan nan nan nan nan nan nan nan nan nan nan nan nan nan nan nan nan nan 
-13.8113 -13.7165 -13.6962 -13.8031 -14.2067 nan nan nan nan nan nan nan nan nan nan nan nan nan nan nan nan nan nan nan nan nan nan nan nan nan nan nan nan nan nan nan nan nan nan nan nan nan nan nan nan nan nan nan nan nan nan nan nan nan nan nan nan nan nan nan nan nan nan nan nan nan nan 
-13.894 -13.7583 -13.6734 -13.6625 -13.7784 -14.1904 nan nan nan nan nan nan nan nan nan nan nan nan nan nan nan nan nan nan nan nan nan nan nan nan nan nan nan nan nan nan nan nan nan nan nan nan nan nan nan nan nan nan nan nan nan nan nan nan nan nan nan nan nan nan nan nan nan nan nan nan nan 
-13.9989 -13.8349 -13.7092 -13.6337 -13.6318 -13.7561 -14.1761 nan nan nan nan nan nan nan nan nan nan nan nan nan nan nan nan nan nan nan nan nan nan nan nan nan nan nan nan nan nan nan nan nan nan nan nan nan nan nan nan nan nan nan nan nan nan nan nan nan nan nan nan nan nan nan nan nan nan nan nan 
-14.1187 -13.9341 -13.7801 -13.6638 -13.5973 -13.6037 -13.736 -14.1636 nan nan nan nan nan nan nan nan nan nan nan nan nan nan nan nan nan nan nan nan nan nan nan nan nan nan nan nan nan nan nan nan nan nan nan nan nan nan nan nan nan nan nan nan nan nan nan nan nan nan nan nan nan nan nan nan nan nan nan 
-14.2489 -14.0485 -13.8739 -13.7294 -13.6219 -13.5638 -13.5783 -13.7182 -14.153 nan nan nan nan nan nan nan nan nan nan nan nan nan nan nan nan nan nan nan nan nan nan nan nan nan nan nan nan nan nan nan nan nan nan nan nan nan nan nan nan nan nan nan nan nan nan nan nan nan nan nan nan nan nan nan nan nan nan 
-14.3865 -14.1736 -13.9832 -13.818 -13.6823 -13.5833 -13.5332 -13.5553 -13.7024 -14.1441 nan nan nan nan nan nan nan nan nan nan nan nan nan nan nan nan nan nan nan nan nan nan nan nan nan nan nan nan nan nan nan nan nan nan nan nan nan nan nan nan nan nan nan nan nan nan nan nan nan nan nan nan nan nan nan nan nan 
-14.5291 -14.3062 -14.1033 -13.9223 -13.766 -13.6388 -13.5478 -13.5052 -13.5345 -13.6885 -14.1367 nan nan nan nan nan nan nan nan nan nan nan nan nan nan nan nan nan nan nan nan nan nan nan nan nan nan nan nan nan nan nan nan nan nan nan nan nan nan nan nan nan nan nan nan nan nan nan nan nan nan nan nan nan nan nan nan 
-14.6754 -14.4441 -14.2311 -14.0377 -13.8656 -13.7177 -13.5985 -13.5151 -13.4798 -13.5159 -13.6764 -14.1309 nan nan nan nan nan nan nan nan nan nan nan nan nan nan nan nan nan nan nan nan nan nan nan nan nan nan nan nan nan nan nan nan nan nan nan nan nan nan nan nan nan nan nan nan nan nan nan nan nan nan nan nan nan nan nan 
-14.8243 -14.5859 -14.3646 -14.161 -13.9764 -13.8128 -13.6729 -13.5613 -13.4851 -13.4567 -13.4993 -13.6661 -14.1266 nan nan nan nan nan nan nan nan nan nan nan nan nan nan nan nan nan nan nan nan nan nan nan nan nan nan nan nan nan nan nan nan nan nan nan nan nan nan nan nan nan nan nan nan nan nan nan nan nan nan nan nan nan nan 
-14.9747 -14.7304 -14.502 -14.2901 -14.0955 -13.9193 -13.7636 -13.6314 -13.527 -13.4577 -13.4358 -13.4847 -13.6574 -14.1236 nan nan nan nan nan nan nan nan nan nan nan nan nan nan nan nan nan nan nan nan nan nan nan nan nan nan nan nan nan nan nan nan nan nan nan nan nan nan nan nan nan nan nan nan nan nan nan nan nan nan nan nan nan 
-15.1262 -14.8767 -14.6424 -14.4234 -14.2204 -14.0342 -13.866 -13.718 -13.5929 -13.4954 -13.4326 -13.417 -13.4719 -13.6503 -14.1219 nan nan nan nan nan nan nan nan nan nan nan nan nan nan nan nan nan nan nan nan nan nan nan nan nan nan nan nan nan nan nan nan nan nan nan nan nan nan nan nan nan nan nan nan nan nan nan nan nan nan nan nan 
-15.2782 -15.0242 -14.7847 -14.5598 -14.3498 -14.1552 -13.9769 -13.8164 -13.6755 -13.5573 -13.4664 -13.4098 -13.4002 -13.4608 -13.6447 -14.1215 nan nan nan nan nan nan nan nan nan nan nan nan nan nan nan nan nan nan nan nan nan nan nan nan nan nan nan nan nan nan nan nan nan nan nan nan nan nan nan nan nan nan nan nan nan nan nan nan nan nan nan 
-15.4303 -15.1724 -14.9284 -14.6983 -14.4823 -14.2807 -14.0941 -13.9235 -13.7701 -13.6361 -13.5245 -13.4398 -13.3892 -13.3852 -13.4513 -13.6404 -14.1223 nan nan nan nan nan nan nan nan nan nan nan nan nan nan nan nan nan nan nan nan nan nan nan nan nan nan nan nan nan nan nan nan nan nan nan nan nan nan nan nan nan nan nan nan nan nan nan nan nan nan 
-15.5823 -15.3208 -15.0729 -14.8383 -14.6171 -14.4095 -14.2159 -14.0369 -13.8735 -13.7271 -13.5996 -13.4942 -13.4155 -13.3706 -13.3721 -13.4434 -13.6375 -14.1242 nan nan nan nan nan nan nan nan nan nan nan nan nan nan nan nan nan nan nan nan nan nan nan nan nan nan nan nan nan nan nan nan nan nan nan nan nan nan nan nan nan nan nan nan nan nan nan nan nan 
-15.7338 -15.4693 -15.2178 -14.9792 -14.7536 -14.5408 -14.3413 -14.1553 -13.9835 -13.8269 -13.687 -13.5658 -13.4664 -13.3933 -13.354 -13.3607 -13.437 -13.6359 -14.1272 nan nan nan nan nan nan nan nan nan nan nan nan nan nan nan nan nan nan nan nan nan nan nan nan nan nan nan nan nan nan nan nan nan nan nan nan nan nan nan nan nan nan nan nan nan nan nan nan 
-15.8848 -15.6174 -15.3628 -15.1208 -14.8911 -14.6739 -14.4692 -14.2772 -14.0984 -13.9335 -13.7835 -13.6498 -13.5346 -13.4409 -13.3733 -13.3391 -13.3509 -13.432 -13.6355 -14.1313 nan nan nan nan nan nan nan nan nan nan nan nan nan nan nan nan nan nan nan nan nan nan nan nan nan nan nan nan nan nan nan nan nan nan nan nan nan nan nan nan nan nan nan nan nan nan nan 
-16.0351 -15.7651 -15.5077 -15.2625 -15.0294 -14.8082 -14.5989 -14.4018 -14.217 -14.0451 -13.8868 -13.743 -13.6153 -13.5058 -13.4175 -13.3552 -13.326 -13.3426 -13.4283 -13.6363 -14.1363 nan nan nan nan nan nan nan nan nan nan nan nan nan nan nan nan nan nan nan nan nan nan nan nan nan nan nan nan nan nan nan nan nan nan nan nan nan nan nan nan nan nan nan nan nan nan 
-16.1845 -15.9123 -15.6523 -15.4043 -15.168 -14.9433 -14.7301 -14.5284 -14.3385 -14.1606 -13.9952 -13.8431 -13.7054 -13.5834 -13.4793 -13.3963 -13.3389 -13.3146 -13.3358 -13.4259 -13.6382 -14.1423 nan nan nan nan nan nan nan nan nan nan nan nan nan nan nan nan nan nan nan nan nan nan nan nan nan nan nan nan nan nan nan nan nan nan nan nan nan nan nan nan nan nan nan nan nan 
-16.333 -16.0586 -15.7963 -15.5458 -15.3067 -15.0788 -14.8621 -14.6565 -14.4621 -14.279 -14.1077 -13.9486 -13.8024 -13.6704 -13.5538 -13.455 -13.377 -13.3244 -13.3047 -13.3303 -13.4248 -13.6412 -14.1493 nan nan nan nan nan nan nan nan nan nan nan nan nan nan nan nan nan nan nan nan nan nan nan nan nan nan nan nan nan nan nan nan nan nan nan nan nan nan nan nan nan nan nan nan 
-16.4805 -16.2042 -15.9398 -15.6869 -15.4453 -15.2146 -14.9947 -14.7856 -14.5872 -14.3997 -14.2232 -14.0581 -13.9049 -13.7645 -13.6379 -13.5266 -13.4328 -13.3596 -13.3116 -13.2964 -13.3262 -13.4248 -13.6452 -14.1571 nan nan nan nan nan nan nan nan nan nan nan nan nan nan nan nan nan nan nan nan nan nan nan nan nan nan nan nan nan nan nan nan nan nan nan nan nan nan nan nan nan nan nan 
-16.627 -16.3488 -16.0825 -15.8275 -15.5835 -15.3503 -15.1277 -14.9154 -14.7135 -14.522 -14.341 -14.1707 -14.0116 -13.8642 -13.7292 -13.6078 -13.5015 -13.4125 -13.3439 -13.3004 -13.2894 -13.3234 -13.426 -13.6501 -14.1657 nan nan nan nan nan nan nan nan nan nan nan nan nan nan nan nan nan nan nan nan nan nan nan nan nan nan nan nan nan nan nan nan nan nan nan nan nan nan nan nan nan nan 
-16.7723 -16.4925 -16.2244 -15.9675 -15.7214 -15.4859 -15.2606 -15.0456 -14.8405 -14.6455 -14.4605 -14.2858 -14.1215 -13.9681 -13.8261 -13.6964 -13.58 -13.4785 -13.3941 -13.33 -13.2908 -13.2839 -13.3218 -13.4282 -13.656 -14.1752 nan nan nan nan nan nan nan nan nan nan nan nan nan nan nan nan nan nan nan nan nan nan nan nan nan nan nan nan nan nan nan nan nan nan nan nan nan nan nan nan nan 
-16.9165 -16.6352 -16.3654 -16.1067 -15.8587 -15.6211 -15.3935 -15.1759 -14.968 -14.7699 -14.5814 -14.4027 -14.2339 -14.0753 -13.9274 -13.7906 -13.6659 -13.5543 -13.4575 -13.3775 -13.3177 -13.2826 -13.2796 -13.3214 -13.4314 -13.6628 -14.1854 nan nan nan nan nan nan nan nan nan nan nan nan nan nan nan nan nan nan nan nan nan nan nan nan nan nan nan nan nan nan nan nan nan nan nan nan nan nan nan nan 
-17.0596 -16.7768 -16.5055 -16.2452 -15.9954 -15.7558 -15.5262 -15.3062 -15.0958 -14.8948 -14.7032 -14.521 -14.3482 -14.1852 -14.032 -13.8893 -13.7576 -13.6377 -13.5307 -13.4383 -13.3627 -13.3069 -13.2757 -13.2766 -13.3221 -13.4357 -13.6705 -14.1964 nan nan nan nan nan nan nan nan nan nan nan nan nan nan nan nan nan nan nan nan nan nan nan nan nan nan nan nan nan nan nan nan nan nan nan nan nan nan nan 
-17.2014 -16.9174 -16.6447 -16.3828 -16.1314 -15.89 -15.6584 -15.4364 -15.2236 -15.0201 -14.8257 -14.6403 -14.4641 -14.297 -14.1394 -13.9915 -13.8538 -13.7269 -13.6116 -13.5091 -13.4209 -13.3494 -13.2976 -13.2703 -13.2748 -13.3238 -13.4408 -13.679 -14.2081 nan nan nan nan nan nan nan nan nan nan nan nan nan nan nan nan nan nan nan nan nan nan nan nan nan nan nan nan nan nan nan nan nan nan nan nan nan nan 
-17.3422 -17.0569 -16.7828 -16.5195 -16.2666 -16.0236 -15.7902 -15.5662 -15.3514 -15.1455 -14.9485 -14.7604 -14.581 -14.4104 -14.2488 -14.0965 -13.9536 -13.8207 -13.6984 -13.5875 -13.4893 -13.4053 -13.3377 -13.2897 -13.2661 -13.2742 -13.3266 -13.4469 -13.6883 -14.2205 nan nan nan nan nan nan nan nan nan nan nan nan nan nan nan nan nan nan nan nan nan nan nan nan nan nan nan nan nan nan nan nan nan nan nan nan nan 
-17.4817 -17.1953 -16.92 -16.6554 -16.401 -16.1564 -15.9214 -15.6956 -15.4789 -15.2709 -15.0716 -14.8809 -14.6987 -14.525 -14.3599 -14.2036 -14.0562 -13.9181 -13.7899 -13.672 -13.5654 -13.4713 -13.3912 -13.3275 -13.2832 -13.2631 -13.2746 -13.3304 -13.4539 -13.6983 -14.2335 nan nan nan nan nan nan nan nan nan nan nan nan nan nan nan nan nan nan nan nan nan nan nan nan nan nan nan nan nan nan nan nan nan nan nan nan 
-17.6201 -17.3325 -17.0561 -16.7902 -16.5345 -16.2886 -16.052 -15.8246 -15.6061 -15.3962 -15.1948 -15.0017 -14.817 -14.6405 -14.4722 -14.3124 -14.161 -14.0185 -13.885 -13.7612 -13.6476 -13.5452 -13.455 -13.3788 -13.3187 -13.2779 -13.2612 -13.2761 -13.3351 -13.4617 -13.7091 -14.2472 nan nan nan nan nan nan nan nan nan nan nan nan nan nan nan nan nan nan nan nan nan nan nan nan nan nan nan nan nan nan nan nan nan nan nan 
-17.7572 -17.4687 -17.1912 -16.9242 -16.6672 -16.4199 -16.182 -15.953 -15.7328 -15.5212 -15.3178 -15.1227 -14.9356 -14.7565 -14.5855 -14.4225 -14.2676 -14.1211 -13.9832 -13.8542 -13.7346 -13.6252 -13.5267 -13.4403 -13.3678 -13.3112 -13.2739 -13.2606 -13.2786 -13.3407 -13.4703 -13.7206 -14.2615 nan nan nan nan nan nan nan nan nan nan nan nan nan nan nan nan nan nan nan nan nan nan nan nan nan nan nan nan nan nan nan nan nan nan 
-17.8933 -17.6038 -17.3252 -17.0571 -16.799 -16.5505 -16.3112 -16.0808 -15.8591 -15.6458 -15.4407 -15.2436 -15.0544 -14.873 -14.6994 -14.5336 -14.3756 -14.2256 -14.0837 -13.9502 -13.8255 -13.71 -13.6045 -13.5099 -13.4272 -13.3582 -13.3051 -13.2711 -13.2609 -13.2821 -13.3471 -13.4797 -13.7328 -14.2765 nan nan nan nan nan nan nan nan nan nan nan nan nan nan nan nan nan nan nan nan nan nan nan nan nan nan nan nan nan nan nan nan nan 
-18.0281 -17.7377 -17.4582 -17.1891 -16.9299 -16.6802 -16.4397 -16.208 -15.9849 -15.77 -15.5632 -15.3644 -15.1732 -14.9898 -14.8139 -14.6455 -14.4847 -14.3315 -14.1861 -14.0487 -13.9195 -13.7988 -13.6874 -13.5857 -13.4947 -13.4156 -13.35 -13.3002 -13.2694 -13.2623 -13.2865 -13.3545 -13.4898 -13.7457 -14.292 nan nan nan nan nan nan nan nan nan nan nan nan nan nan nan nan nan nan nan nan nan nan nan nan nan nan nan nan nan nan nan nan 
-18.1618 -17.8705 -17.5901 -17.32 -17.0598 -16.8091 -16.5674 -16.3345 -16.11 -15.8937 -15.6854 -15.4849 -15.292 -15.1066 -14.9286 -14.7579 -14.5946 -14.4386 -14.29 -14.1491 -14.0159 -13.8908 -13.7741 -13.6665 -13.5685 -13.481 -13.4053 -13.3431 -13.2965 -13.2688 -13.2647 -13.2918 -13.3626 -13.5007 -13.7592 -14.308 nan nan nan nan nan nan nan nan nan nan nan nan nan nan nan nan nan nan nan nan nan nan nan nan nan nan nan nan nan nan nan 
-18.2944 -18.0023 -17.721 -17.45 -17.1888 -16.937 -16.6943 -16.4602 -16.2345 -16.0169 -15.8072 -15.6052 -15.4106 -15.2234 -15.0435 -14.8707 -14.705 -14.5465 -14.3951 -14.251 -14.1143 -13.9853 -13.8641 -13.7513 -13.6473 -13.5529 -13.4688 -13.3965 -13.3374 -13.2939 -13.2692 -13.2681 -13.298 -13.3715 -13.5122 -13.7733 -14.3246 nan nan nan nan nan nan nan nan nan nan nan nan nan nan nan nan nan nan nan nan nan nan nan nan nan nan nan nan nan nan 
-18.4258 -18.133 -17.8509 -17.579 -17.3169 -17.0642 -16.8204 -16.5852 -16.3584 -16.1395 -15.9285 -15.725 -15.529 -15.3401 -15.1584 -14.9837 -14.8159 -14.6551 -14.5011 -14.3542 -14.2144 -14.0818 -13.9567 -13.8394 -13.7302 -13.6298 -13.5388 -13.4581 -13.3889 -13.333 -13.2925 -13.2707 -13.2724 -13.305 -13.3811 -13.5244 -13.788 -14.3417 nan nan nan nan nan nan nan nan nan nan nan nan nan nan nan nan nan nan nan nan nan nan nan nan nan nan nan nan nan 
-18.5561 -18.2625 -17.9797 -17.707 -17.444 -17.1904 -16.9456 -16.7095 -16.4815 -16.2615 -16.0493 -15.8445 -15.647 -15.4566 -15.2732 -15.0967 -14.927 -14.7641 -14.6079 -14.4584 -14.3158 -14.18 -14.0514 -13.9301 -13.8165 -13.7109 -13.6139 -13.5262 -13.4487 -13.3826 -13.3297 -13.2921 -13.2731 -13.2775 -13.3128 -13.3915 -13.5373 -13.8033 -14.3594 nan nan nan nan nan nan nan nan nan nan nan nan nan nan nan nan nan nan nan nan nan nan nan nan nan nan nan nan 
-18.6854 -18.3911 -18.1075 -17.834 -17.5702 -17.3157 -17.0701 -16.8329 -16.604 -16.3829 -16.1695 -15.9634 -15.7646 -15.5728 -15.3879 -15.2098 -15.0383 -14.8734 -14.7151 -14.5633 -14.4181 -14.2796 -14.1478 -14.023 -13.9054 -13.7953 -13.6932 -13.5995 -13.515 -13.4406 -13.3775 -13.3275 -13.2927 -13.2765 -13.2835 -13.3214 -13.4026 -13.5507 -13.8191 -14.3775 nan nan nan nan nan nan nan nan nan nan nan nan nan nan nan nan nan nan nan nan nan nan nan nan nan nan nan 
-18.8135 -18.5185 -18.2342 -17.96 -17.6955 -17.4402 -17.1936 -16.9556 -16.7257 -16.5036 -16.2891 -16.0819 -15.8818 -15.6887 -15.5024 -15.3227 -15.1496 -14.9829 -14.8227 -14.6688 -14.5213 -14.3802 -14.2456 -14.1177 -13.9966 -13.8825 -13.7759 -13.677 -13.5866 -13.5052 -13.4338 -13.3736 -13.3264 -13.2943 -13.2807 -13.2904 -13.3307 -13.4143 -13.5648 -13.8355 -14.3961 nan nan nan nan nan nan nan nan nan nan nan nan nan nan nan nan nan nan nan nan nan nan nan nan nan nan 
-18.9406 -18.645 -18.36 -18.0851 -17.8198 -17.5637 -17.3164 -17.0775 -16.8466 -16.6236 -16.4081 -16.1998 -15.9986 -15.8042 -15.6166 -15.4355 -15.2609 -15.0925 -14.9305 -14.7747 -14.6251 -14.4817 -14.3446 -14.2138 -14.0896 -13.972 -13.8614 -13.758 -13.6624 -13.575 -13.4966 -13.4281 -13.3708 -13.3263 -13.2969 -13.2859 -13.298 -13.3407 -13.4267 -13.5795 -13.8524 -14.4151 nan nan nan nan nan nan nan nan nan nan nan nan nan nan nan nan nan nan nan nan nan nan nan nan nan 
-19.0666 -18.7704 -18.4848 -18.2092 -17.9432 -17.6864 -17.4383 -17.1985 -16.9668 -16.7429 -16.5264 -16.3171 -16.1148 -15.9193 -15.7305 -15.548 -15.372 -15.2021 -15.0384 -14.8808 -14.7293 -14.5838 -14.4444 -14.3111 -14.184 -14.0633 -13.9492 -13.8419 -13.7417 -13.6492 -13.5648 -13.4893 -13.4236 -13.369 -13.3272 -13.3004 -13.2918 -13.3063 -13.3514 -13.4397 -13.5947 -13.8697 -14.4346 nan nan nan nan nan nan nan nan nan nan nan nan nan nan nan nan nan nan nan nan nan nan nan nan 
-19.1916 -18.8948 -18.6086 -18.3324 -18.0657 -17.8082 -17.5593 -17.3188 -17.0863 -16.8615 -16.6441 -16.4338 -16.2305 -16.0339 -15.8439 -15.6603 -15.4829 -15.3116 -15.1464 -14.9872 -14.8338 -14.6864 -14.5448 -14.4092 -14.2796 -14.1561 -14.0389 -13.928 -13.824 -13.7269 -13.6374 -13.5559 -13.4832 -13.4203 -13.3683 -13.329 -13.3047 -13.2986 -13.3154 -13.3628 -13.4533 -13.6105 -13.8876 -14.4545 nan nan nan nan nan nan nan nan nan nan nan nan nan nan nan nan nan nan nan nan nan nan nan 
-19.3156 -19.0182 -18.7314 -18.4546 -18.1873 -17.9291 -17.6795 -17.4383 -17.205 -16.9794 -16.7611 -16.5499 -16.3457 -16.1481 -15.9569 -15.7722 -15.5935 -15.4209 -15.2543 -15.0935 -14.9386 -14.7893 -14.6459 -14.5082 -14.3762 -14.2502 -14.1301 -14.0162 -13.9086 -13.8076 -13.7135 -13.6269 -13.5482 -13.4783 -13.418 -13.3686 -13.3318 -13.3099 -13.3061 -13.3253 -13.3749 -13.4675 -13.6268 -13.9059 -14.4748 nan nan nan nan nan nan nan nan nan nan nan nan nan nan nan nan nan nan nan nan nan nan 
-19.4385 -19.1406 -18.8533 -18.5759 -18.308 -18.0491 -17.7989 -17.5569 -17.3229 -17.0965 -16.8774 -16.6654 -16.4602 -16.2617 -16.0695 -15.8836 -15.7039 -15.5301 -15.3621 -15.1999 -15.0434 -14.8926 -14.7473 -14.6076 -14.4736 -14.3452 -14.2226 -14.1059 -13.9951 -13.8906 -13.7926 -13.7015 -13.6177 -13.5418 -13.4744 -13.4167 -13.3698 -13.3354 -13.3159 -13.3144 -13.3358 -13.3875 -13.4822 -13.6436 -13.9247 -14.4956 nan nan nan nan nan nan nan nan nan nan nan nan nan nan nan nan nan nan nan nan nan 
-19.5605 -19.2621 -18.9742 -18.6962 -18.4277 -18.1683 -17.9174 -17.6748 -17.4401 -17.2129 -16.9931 -16.7802 -16.5742 -16.3747 -16.1816 -15.9947 -15.8139 -15.6389 -15.4697 -15.3062 -15.1483 -14.9959 -14.849 -14.7076 -14.5716 -14.4411 -14.3162 -14.1969 -14.0833 -13.9757 -13.8742 -13.7791 -13.6908 -13.6097 -13.5364 -13.4717 -13.4164 -13.372 -13.3399 -13.3226 -13.3234 -13.3469 -13.4008 -13.4975 -13.6609 -13.944 -14.5167 nan nan nan nan nan nan nan nan nan nan nan nan nan nan nan nan nan nan nan nan 
-19.6815 -19.3826 -19.0942 -18.8157 -18.5466 -18.2866 -18.0351 -17.7919 -17.5565 -17.3286 -17.108 -16.8944 -16.6876 -16.4872 -16.2932 -16.1054 -15.9235 -15.7474 -15.5771 -15.4123 -15.2531 -15.0993 -14.9509 -14.8078 -14.6701 -14.5376 -14.4106 -14.289 -14.1729 -14.0624 -13.9578 -13.8592 -13.7669 -13.6813 -13.6029 -13.5322 -13.4699 -13.4171 -13.375 -13.3453 -13.3302 -13.3331 -13.3587 -13.4146 -13.5134 -13.6786 -13.9636 -14.5382 nan nan nan nan nan nan nan nan nan nan nan nan nan nan nan nan nan nan nan 
-19.8016 -19.5022 -19.2133 -18.9342 -18.6647 -18.404 -18.152 -17.9081 -17.6721 -17.4436 -17.2223 -17.008 -16.8003 -16.5992 -16.4043 -16.2155 -16.0327 -15.8556 -15.6842 -15.5183 -15.3578 -15.2027 -15.0529 -14.9083 -14.7689 -14.6347 -14.5057 -14.382 -14.2636 -14.1506 -14.0431 -13.9414 -13.8456 -13.7561 -13.6731 -13.5973 -13.529 -13.4692 -13.4187 -13.3789 -13.3514 -13.3385 -13.3434 -13.3711 -13.429 -13.5297 -13.6969 -13.9837 -14.56 nan nan nan nan nan nan nan nan nan nan nan nan nan nan nan nan nan nan 
-19.9207 -19.6209 -19.3314 -19.0519 -18.7818 -18.5207 -18.2681 -18.0236 -17.787 -17.5578 -17.3359 -17.1208 -16.9124 -16.7105 -16.5148 -16.3252 -16.1415 -15.9634 -15.791 -15.624 -15.4624 -15.306 -15.1549 -15.0089 -14.8679 -14.7321 -14.6013 -14.4757 -14.3551 -14.2398 -14.1298 -14.0253 -13.9264 -13.8333 -13.7464 -13.6661 -13.5927 -13.5269 -13.4694 -13.4212 -13.3836 -13.3582 -13.3474 -13.3545 -13.3841 -13.444 -13.5465 -13.7155 -14.0042 -14.5822 nan nan nan nan nan nan nan nan nan nan nan nan nan nan nan nan nan 
-20.0389 -19.7386 -19.4487 -19.1687 -18.8981 -18.6365 -18.3833 -18.1383 -17.9011 -17.6713 -17.4487 -17.233 -17.0239 -16.8213 -16.6248 -16.4344 -16.2498 -16.0708 -15.8974 -15.7294 -15.5667 -15.4092 -15.2568 -15.1095 -14.9672 -14.8298 -14.6974 -14.5699 -14.4475 -14.3301 -14.2178 -14.1107 -14.0089 -13.9128 -13.8224 -13.738 -13.6602 -13.5892 -13.5257 -13.4705 -13.4246 -13.3891 -13.3659 -13.3571 -13.3661 -13.3977 -13.4594 -13.5639 -13.7346 -14.025 -14.6048 nan nan nan nan nan nan nan nan nan nan nan nan nan nan nan nan 
-20.1562 -19.8555 -19.5651 -19.2847 -19.0136 -18.7515 -18.4978 -18.2522 -18.0145 -17.7841 -17.5609 -17.3446 -17.1348 -16.9315 -16.7343 -16.543 -16.3576 -16.1778 -16.0035 -15.8345 -15.6708 -15.5122 -15.3587 -15.2101 -15.0665 -14.9277 -14.7937 -14.6647 -14.5404 -14.4211 -14.3067 -14.1973 -14.093 -13.994 -13.9004 -13.8126 -13.7308 -13.6553 -13.5867 -13.5255 -13.4726 -13.4288 -13.3954 -13.3742 -13.3674 -13.3784 -13.4119 -13.4754 -13.5816 -13.7542 -14.0462 -14.6277 nan nan nan nan nan nan nan nan nan nan nan nan nan nan nan 
-20.2726 -19.9714 -19.6807 -19.3998 -19.1283 -18.8656 -18.6115 -18.3654 -18.1271 -17.8962 -17.6724 -17.4554 -17.245 -17.041 -16.8431 -16.6512 -16.465 -16.2843 -16.1092 -15.9393 -15.7746 -15.615 -15.4604 -15.3107 -15.1658 -15.0257 -14.8903 -14.7597 -14.6338 -14.5127 -14.3964 -14.2848 -14.1783 -14.0767 -13.9804 -13.8894 -13.8041 -13.7247 -13.6515 -13.5852 -13.5263 -13.4755 -13.4338 -13.4024 -13.3832 -13.3784 -13.3912 -13.4266 -13.4919 -13.5999 -13.7741 -14.0678 -14.6509 nan nan nan nan nan nan nan nan nan nan nan nan nan nan 
-20.3881 -20.0866 -19.7954 -19.5141 -19.2421 -18.979 -18.7244 -18.4778 -18.239 -18.0075 -17.7832 -17.5656 -17.3546 -17.15 -16.9514 -16.7588 -16.5718 -16.3904 -16.2144 -16.0437 -15.8781 -15.7175 -15.5619 -15.4111 -15.2651 -15.1237 -14.9871 -14.855 -14.7276 -14.6049 -14.4867 -14.3733 -14.2646 -14.1607 -14.0618 -13.9681 -13.8796 -13.7967 -13.7196 -13.6488 -13.5847 -13.5279 -13.4792 -13.4395 -13.4102 -13.3929 -13.3899 -13.4046 -13.4418 -13.5089 -13.6185 -13.7944 -14.0898 -14.6745 nan nan nan nan nan nan nan nan nan nan nan nan nan 
-20.5028 -20.2008 -19.9093 -19.6275 -19.3551 -19.0916 -18.8365 -18.5895 -18.3501 -18.1182 -17.8933 -17.6752 -17.4636 -17.2583 -17.0591 -16.8658 -16.6782 -16.496 -16.3193 -16.1477 -15.9813 -15.8198 -15.6632 -15.5114 -15.3642 -15.2218 -15.0839 -14.9505 -14.8217 -14.6974 -14.5776 -14.4624 -14.3518 -14.2458 -14.1446 -14.0483 -13.957 -13.8709 -13.7904 -13.7156 -13.647 -13.585 -13.5304 -13.4837 -13.446 -13.4186 -13.4032 -13.4021 -13.4186 -13.4575 -13.5263 -13.6376 -13.8152 -14.1121 -14.6983 nan nan nan nan nan nan nan nan nan nan nan nan 
-20.6166 -20.3143 -20.0223 -19.7402 -19.4674 -19.2034 -18.9479 -18.7004 -18.4606 -18.2281 -18.0027 -17.784 -17.5719 -17.3661 -17.1663 -16.9723 -16.784 -16.6012 -16.4237 -16.2513 -16.0841 -15.9217 -15.7642 -15.6114 -15.4633 -15.3197 -15.1807 -15.0461 -14.916 -14.7903 -14.669 -14.5521 -14.4397 -14.3318 -14.2285 -14.1298 -14.036 -13.9471 -13.8634 -13.7851 -13.7126 -13.6461 -13.5863 -13.5337 -13.489 -13.4533 -13.4278 -13.4142 -13.4149 -13.4331 -13.4737 -13.5442 -13.6571 -13.8362 -14.1347 -14.7225 nan nan nan nan nan nan nan nan nan nan nan 
-20.7296 -20.4269 -20.1346 -19.8521 -19.5788 -19.3145 -19.0585 -18.8105 -18.5703 -18.3373 -18.1114 -17.8923 -17.6796 -17.4732 -17.2728 -17.0782 -16.8893 -16.7058 -16.5276 -16.3545 -16.1865 -16.0233 -15.865 -15.7113 -15.5622 -15.4176 -15.2775 -15.1417 -15.0104 -14.8833 -14.7606 -14.6422 -14.5282 -14.4185 -14.3133 -14.2125 -14.1164 -14.025 -13.9384 -13.857 -13.781 -13.7106 -13.6462 -13.5884 -13.5378 -13.495 -13.4612 -13.4375 -13.4258 -13.4282 -13.4481 -13.4904 -13.5625 -13.677 -13.8577 -14.1577 -14.7469 nan nan nan nan nan nan nan nan nan nan 
-20.8417 -20.5387 -20.246 -19.9631 -19.6895 -19.4247 -19.1684 -18.92 -18.6793 -18.4459 -18.2195 -17.9998 -17.7867 -17.5797 -17.3788 -17.1836 -16.994 -16.8099 -16.6311 -16.4573 -16.2885 -16.1246 -15.9654 -15.8109 -15.6609 -15.5153 -15.3742 -15.2373 -15.1048 -14.9766 -14.8525 -14.7327 -14.6172 -14.5058 -14.3988 -14.2961 -14.1979 -14.1041 -14.0151 -13.9309 -13.8517 -13.7778 -13.7095 -13.6472 -13.5914 -13.5426 -13.5018 -13.4698 -13.4479 -13.4379 -13.4421 -13.4636 -13.5075 -13.5812 -13.6973 -13.8795 -14.181 -14.7716 nan nan nan nan nan nan nan nan nan 
-20.9531 -20.6497 -20.3567 -20.0734 -19.7995 -19.5343 -19.2775 -19.0287 -18.7876 -18.5537 -18.3269 -18.1068 -17.8931 -17.6856 -17.4841 -17.2884 -17.0983 -16.9135 -16.734 -16.5596 -16.3901 -16.2255 -16.0655 -15.9102 -15.7593 -15.6128 -15.4707 -15.3329 -15.1993 -15.0699 -14.9446 -14.8235 -14.7065 -14.5937 -14.485 -14.3805 -14.2804 -14.1845 -14.0931 -14.0064 -13.9244 -13.8473 -13.7755 -13.7093 -13.649 -13.5951 -13.5483 -13.5093 -13.4791 -13.4589 -13.4506 -13.4564 -13.4797 -13.5251 -13.6004 -13.718 -13.9016 -14.2046 -14.7966 nan nan nan nan nan nan nan nan 
-21.0637 -20.76 -20.4666 -20.183 -19.9086 -19.6431 -19.3859 -19.1368 -18.8952 -18.6609 -18.4336 -18.2131 -17.9989 -17.7909 -17.5889 -17.3927 -17.202 -17.0167 -16.8366 -16.6615 -16.4914 -16.326 -16.1653 -16.0092 -15.8575 -15.7102 -15.5672 -15.4284 -15.2937 -15.1632 -15.0368 -14.9145 -14.7962 -14.6819 -14.5717 -14.4656 -14.3636 -14.2659 -14.1724 -14.0833 -13.9988 -13.9189 -13.844 -13.7742 -13.71 -13.6516 -13.5996 -13.5546 -13.5174 -13.489 -13.4706 -13.4639 -13.4713 -13.4961 -13.5432 -13.6199 -13.739 -13.9241 -14.2284 -14.8219 nan nan nan nan nan nan nan 
-21.1735 -20.8694 -20.5757 -20.2918 -20.0171 -19.7512 -19.4936 -19.2441 -19.0021 -18.7674 -18.5397 -18.3187 -18.1041 -17.8957 -17.6932 -17.4964 -17.3052 -17.1193 -16.9386 -16.7629 -16.5921 -16.4261 -16.2647 -16.1078 -15.9554 -15.8073 -15.6634 -15.5237 -15.3881 -15.2566 -15.1291 -15.0056 -14.886 -14.7705 -14.6589 -14.5512 -14.4476 -14.3481 -14.2527 -14.1615 -14.0746 -13.9922 -13.9145 -13.8416 -13.7738 -13.7115 -13.655 -13.6049 -13.5617 -13.5262 -13.4995 -13.4827 -13.4777 -13.4867 -13.5131 -13.5616 -13.6398 -13.7604 -13.9469 -14.2526 -14.8474 nan nan nan nan nan nan 
-21.2825 -20.9782 -20.6841 -20.3999 -20.1248 -19.8586 -19.6007 -19.3507 -19.1084 -18.8733 -18.6452 -18.4237 -18.2087 -17.9998 -17.7968 -17.5995 -17.4078 -17.2214 -17.0401 -16.8639 -16.6925 -16.5258 -16.3637 -16.2062 -16.053 -15.9041 -15.7594 -15.6188 -15.4824 -15.3499 -15.2214 -15.0968 -14.9761 -14.8593 -14.7464 -14.6373 -14.5322 -14.431 -14.3338 -14.2407 -14.1517 -14.067 -13.9867 -13.911 -13.8401 -13.7743 -13.7138 -13.6592 -13.6109 -13.5694 -13.5357 -13.5106 -13.4955 -13.492 -13.5026 -13.5305 -13.5805 -13.6602 -13.7821 -13.97 -14.2771 -14.8732 nan nan nan nan nan 
-21.3908 -21.0861 -20.7918 -20.5072 -20.2318 -19.9652 -19.707 -19.4567 -19.214 -18.9785 -18.75 -18.5281 -18.3126 -18.1033 -17.8999 -17.7021 -17.5099 -17.3229 -17.1412 -16.9643 -16.7924 -16.6251 -16.4624 -16.3042 -16.1503 -16.0006 -15.8552 -15.7138 -15.5765 -15.4431 -15.3136 -15.188 -15.0662 -14.9483 -14.8341 -14.7238 -14.6172 -14.5145 -14.4157 -14.3208 -14.2299 -14.143 -14.0604 -13.9822 -13.9085 -13.8395 -13.7756 -13.717 -13.6642 -13.6176 -13.5778 -13.5457 -13.5223 -13.5088 -13.5069 -13.5189 -13.5483 -13.5998 -13.6808 -13.8042 -13.9934 -14.3018 -14.8992 nan nan nan nan 
-21.4983 -21.1934 -20.8987 -20.6138 -20.3381 -20.0712 -19.8126 -19.562 -19.3189 -19.0831 -18.8542 -18.6319 -18.416 -18.2062 -18.0023 -17.8041 -17.6114 -17.424 -17.2417 -17.0644 -16.8918 -16.724 -16.5607 -16.4018 -16.2472 -16.0969 -15.9507 -15.8086 -15.6704 -15.5362 -15.4058 -15.2792 -15.1564 -15.0374 -14.9221 -14.8105 -14.7026 -14.5985 -14.4981 -14.4016 -14.3089 -14.2202 -14.1355 -14.0549 -13.9786 -13.9069 -13.8398 -13.7777 -13.7209 -13.6698 -13.6249 -13.5869 -13.5564 -13.5345 -13.5226 -13.5222 -13.5357 -13.5665 -13.6194 -13.7019 -13.8265 -14.0171 -14.3268 -14.9255 nan nan nan 
-21.6051 -21.2999 -21.005 -20.7198 -20.4438 -20.1765 -19.9176 -19.6666 -19.4232 -19.187 -18.9577 -18.735 -18.5188 -18.3086 -18.1043 -17.9056 -17.7125 -17.5245 -17.3418 -17.1639 -16.9908 -16.8224 -16.6585 -16.499 -16.3438 -16.1928 -16.046 -15.9031 -15.7641 -15.6291 -15.4978 -15.3704 -15.2466 -15.1266 -15.0102 -14.8974 -14.7883 -14.6829 -14.5811 -14.4831 -14.3887 -14.2982 -14.2116 -14.1289 -14.0503 -13.976 -13.9061 -13.8409 -13.7806 -13.7256 -13.6762 -13.633 -13.5965 -13.5677 -13.5473 -13.5369 -13.538 -13.553 -13.5852 -13.6394 -13.7232 -13.8492 -14.0411 -14.3521 -14.952 nan nan 
-21.7112 -21.4057 -21.1105 -20.825 -20.5487 -20.2811 -20.0219 -19.7706 -19.5268 -19.2903 -19.0606 -18.8376 -18.6209 -18.4103 -18.2056 -18.0066 -17.8129 -17.6246 -17.4413 -17.263 -17.0894 -16.9204 -16.756 -16.5959 -16.4401 -16.2885 -16.1409 -15.9973 -15.8577 -15.7218 -15.5898 -15.4615 -15.3368 -15.2158 -15.0984 -14.9846 -14.8743 -14.7676 -14.6646 -14.5651 -14.4692 -14.3771 -14.2886 -14.204 -14.1234 -14.0467 -13.9743 -13.9063 -13.8428 -13.7843 -13.731 -13.6832 -13.6416 -13.6068 -13.5795 -13.5607 -13.5517 -13.5542 -13.5706 -13.6042 -13.6598 -13.745 -13.8722 -14.0654 -14.3776 -14.9787 nan 
