nan nan nan nan nan nan nan nan nan nan nan nan nan nan nan nan nan nan nan nan nan nan nan nan nan nan nan nan nan nan nan nan nan nan nan nan nan nan nan nan nan nan nan nan nan nan nan nan nan nan nan nan nan nan nan nan nan nan nan nan nan nan nan nan nan nan nan 
-10.4794 nan nan nan nan nan nan nan nan nan nan nan nan nan nan nan nan nan nan nan nan nan nan nan nan nan nan nan nan nan nan nan nan nan nan nan nan nan nan nan nan nan nan nan nan nan nan nan nan nan nan nan nan nan nan nan nan nan nan nan nan nan nan nan nan nan nan 
-10.1017 -10.501 nan nan nan nan nan nan nan nan nan nan nan nan nan nan nan nan nan nan nan nan nan nan nan nan nan nan nan nan nan nan nan nan nan nan nan nan nan nan nan nan nan nan nan nan nan nan nan nan nan nan nan nan nan nan nan nan nan nan nan nan nan nan nan nan nan 
-10.0037 -10.1153 -10.5238 nan nan nan nan nan nan nan nan nan nan nan nan nan nan nan nan nan nan nan nan nan nan nan nan nan nan nan nan nan nan nan nan nan nan nan nan nan nan nan nan nan nan nan nan nan nan nan nan nan nan nan nan nan nan nan nan nan nan nan nan nan nan nan nan 
-10.0159 -10.0096 -10.1305 -10.5478 nan nan nan nan nan nan nan nan nan nan nan nan nan nan nan nan nan nan nan nan nan nan nan nan nan nan nan nan nan nan nan nan nan nan nan nan nan nan nan nan nan nan nan nan nan nan nan nan nan nan nan nan nan nan nan nan nan nan nan nan nan nan nan 
-10.0855 -10.0146 -10.0176 -10.1472 -10.5728 nan nan nan nan nan nan nan nan nan nan nan nan nan nan nan nan nan nan nan nan nan nan nan nan nan nan nan nan nan nan nan nan nan nan nan nan nan nan nan nan nan nan nan nan nan nan nan nan nan nan nan nan nan nan nan nan nan nan nan nan nan nan 
-10.189 -10.0773 -10.0157 -10.0275 -10.1654 -10.5989 nan nan nan nan nan nan nan nan nan nan nan nan nan nan nan nan nan nan nan nan nan nan nan nan nan nan nan nan nan nan nan nan nan nan nan nan nan nan nan nan nan nan nan nan nan nan nan nan nan nan nan nan nan nan nan nan nan nan nan nan nan 
-10.3143 -10.1744 -10.0719 -10.0191 -10.0392 -10.1849 -10.6259 nan nan nan nan nan nan nan nan nan nan nan nan nan nan nan nan nan nan nan nan nan nan nan nan nan nan nan nan nan nan nan nan nan nan nan nan nan nan nan nan nan nan nan nan nan nan nan nan nan nan nan nan nan nan nan nan nan nan nan nan 
-10.4541 -10.2935 -10.1628 -10.0691 -10.0246 -10.0525 -10.2057 -10.6537 nan nan nan nan nan nan nan nan nan nan nan nan nan nan nan nan nan nan nan nan nan nan nan nan nan nan nan nan nan nan nan nan nan nan nan nan nan nan nan nan nan nan nan nan nan nan nan nan nan nan nan nan nan nan nan nan nan nan nan 
-10.6037 -10.4273 -10.276 -10.1541 -10.0687 -10.0321 -10.0674 -10.2277 -10.6824 nan nan nan nan nan nan nan nan nan nan nan nan nan nan nan nan nan nan nan nan nan nan nan nan nan nan nan nan nan nan nan nan nan nan nan nan nan nan nan nan nan nan nan nan nan nan nan nan nan nan nan nan nan nan nan nan nan nan 
-10.7602 -10.5713 -10.4042 -10.2617 -10.1481 -10.0705 -10.0413 -10.0838 -10.2508 -10.7119 nan nan nan nan nan nan nan nan nan nan nan nan nan nan nan nan nan nan nan nan nan nan nan nan nan nan nan nan nan nan nan nan nan nan nan nan nan nan nan nan nan nan nan nan nan nan nan nan nan nan nan nan nan nan nan nan nan 
-10.9214 -10.7225 -10.5429 -10.3845 -10.2503 -10.1445 -10.0744 -10.0523 -10.1015 -10.2748 -10.7421 nan nan nan nan nan nan nan nan nan nan nan nan nan nan nan nan nan nan nan nan nan nan nan nan nan nan nan nan nan nan nan nan nan nan nan nan nan nan nan nan nan nan nan nan nan nan nan nan nan nan nan nan nan nan nan nan 
-11.0859 -10.8785 -10.6889 -10.518 -10.368 -10.2416 -10.1433 -10.0803 -10.0649 -10.1204 -10.2999 -10.7729 nan nan nan nan nan nan nan nan nan nan nan nan nan nan nan nan nan nan nan nan nan nan nan nan nan nan nan nan nan nan nan nan nan nan nan nan nan nan nan nan nan nan nan nan nan nan nan nan nan nan nan nan nan nan nan 
-11.2524 -11.0381 -10.84 -10.6591 -10.4966 -10.3544 -10.2354 -10.1442 -10.0879 -10.0789 -10.1406 -10.3259 -10.8044 nan nan nan nan nan nan nan nan nan nan nan nan nan nan nan nan nan nan nan nan nan nan nan nan nan nan nan nan nan nan nan nan nan nan nan nan nan nan nan nan nan nan nan nan nan nan nan nan nan nan nan nan nan nan 
-11.4202 -11.1999 -10.9949 -10.8056 -10.633 -10.4783 -10.3436 -10.2317 -10.1472 -10.0973 -10.0943 -10.1618 -10.3527 -10.8366 nan nan nan nan nan nan nan nan nan nan nan nan nan nan nan nan nan nan nan nan nan nan nan nan nan nan nan nan nan nan nan nan nan nan nan nan nan nan nan nan nan nan nan nan nan nan nan nan nan nan nan nan nan 
-11.5887 -11.3632 -11.1522 -10.9559 -10.7749 -10.6102 -10.463 -10.3353 -10.2301 -10.152 -10.1082 -10.1111 -10.1841 -10.3803 -10.8693 nan nan nan nan nan nan nan nan nan nan nan nan nan nan nan nan nan nan nan nan nan nan nan nan nan nan nan nan nan nan nan nan nan nan nan nan nan nan nan nan nan nan nan nan nan nan nan nan nan nan nan nan 
-11.7573 -11.5273 -11.3111 -11.1089 -10.9209 -10.7478 -10.5905 -10.4504 -10.3294 -10.2306 -10.1586 -10.1206 -10.1291 -10.2074 -10.4087 -10.9025 nan nan nan nan nan nan nan nan nan nan nan nan nan nan nan nan nan nan nan nan nan nan nan nan nan nan nan nan nan nan nan nan nan nan nan nan nan nan nan nan nan nan nan nan nan nan nan nan nan nan nan 
-11.9257 -11.6918 -11.4711 -11.2637 -11.0698 -10.8896 -10.724 -10.5737 -10.4403 -10.3258 -10.2331 -10.1669 -10.1345 -10.1482 -10.2317 -10.4378 -10.9363 nan nan nan nan nan nan nan nan nan nan nan nan nan nan nan nan nan nan nan nan nan nan nan nan nan nan nan nan nan nan nan nan nan nan nan nan nan nan nan nan nan nan nan nan nan nan nan nan nan nan 
-12.0937 -11.8563 -11.6316 -11.4197 -11.2206 -11.0345 -10.8618 -10.7032 -10.5597 -10.4327 -10.3242 -10.2374 -10.1767 -10.1496 -10.1685 -10.2568 -10.4676 -10.9706 nan nan nan nan nan nan nan nan nan nan nan nan nan nan nan nan nan nan nan nan nan nan nan nan nan nan nan nan nan nan nan nan nan nan nan nan nan nan nan nan nan nan nan nan nan nan nan nan nan 
-12.2609 -12.0204 -11.7922 -11.5764 -11.3728 -11.1815 -11.0028 -10.8372 -10.6854 -10.5482 -10.4273 -10.3247 -10.2434 -10.1881 -10.166 -10.1897 -10.2827 -10.498 -11.0053 nan nan nan nan nan nan nan nan nan nan nan nan nan nan nan nan nan nan nan nan nan nan nan nan nan nan nan nan nan nan nan nan nan nan nan nan nan nan nan nan nan nan nan nan nan nan nan nan 
-12.4273 -12.1839 -11.9527 -11.7333 -11.5257 -11.33 -11.1461 -10.9746 -10.8157 -10.6702 -10.5392 -10.4241 -10.327 -10.251 -10.2008 -10.1836 -10.212 -10.3094 -10.529 -11.0405 nan nan nan nan nan nan nan nan nan nan nan nan nan nan nan nan nan nan nan nan nan nan nan nan nan nan nan nan nan nan nan nan nan nan nan nan nan nan nan nan nan nan nan nan nan nan nan 
-12.5927 -12.3468 -12.1127 -11.8901 -11.6791 -11.4793 -11.291 -11.1143 -10.9494 -10.797 -10.6576 -10.5324 -10.4228 -10.3311 -10.2602 -10.2148 -10.2023 -10.2352 -10.3369 -10.5606 -11.076 nan nan nan nan nan nan nan nan nan nan nan nan nan nan nan nan nan nan nan nan nan nan nan nan nan nan nan nan nan nan nan nan nan nan nan nan nan nan nan nan nan nan nan nan nan nan 
-12.7569 -12.5087 -12.272 -12.0467 -11.8325 -11.6293 -11.437 -11.2558 -11.0858 -10.9273 -10.7809 -10.6474 -10.5277 -10.4235 -10.3368 -10.2708 -10.2301 -10.2221 -10.2592 -10.3651 -10.5928 -11.112 nan nan nan nan nan nan nan nan nan nan nan nan nan nan nan nan nan nan nan nan nan nan nan nan nan nan nan nan nan nan nan nan nan nan nan nan nan nan nan nan nan nan nan nan nan 
-12.92 -12.6696 -12.4307 -12.2028 -11.9858 -11.7794 -11.5836 -11.3984 -11.2239 -11.0603 -10.9079 -10.7674 -10.6394 -10.5251 -10.4259 -10.3441 -10.2827 -10.2465 -10.2428 -10.2841 -10.394 -10.6255 -11.1484 nan nan nan nan nan nan nan nan nan nan nan nan nan nan nan nan nan nan nan nan nan nan nan nan nan nan nan nan nan nan nan nan nan nan nan nan nan nan nan nan nan nan nan nan 
-13.0818 -12.8295 -12.5884 -12.3582 -12.1386 -11.9295 -11.7306 -11.5419 -11.3634 -11.1953 -11.0377 -10.8912 -10.7562 -10.6335 -10.5243 -10.43 -10.3528 -10.296 -10.2641 -10.2645 -10.3098 -10.4235 -10.6587 -11.1851 nan nan nan nan nan nan nan nan nan nan nan nan nan nan nan nan nan nan nan nan nan nan nan nan nan nan nan nan nan nan nan nan nan nan nan nan nan nan nan nan nan nan nan 
-13.2423 -12.9882 -12.7452 -12.5129 -12.291 -12.0793 -11.8775 -11.6857 -11.5037 -11.3316 -11.1696 -11.0179 -10.877 -10.7473 -10.6297 -10.5253 -10.4357 -10.363 -10.3104 -10.2827 -10.2871 -10.3362 -10.4536 -10.6923 -11.2222 nan nan nan nan nan nan nan nan nan nan nan nan nan nan nan nan nan nan nan nan nan nan nan nan nan nan nan nan nan nan nan nan nan nan nan nan nan nan nan nan nan nan 
-13.4014 -13.1457 -12.9009 -12.6667 -12.4427 -12.2286 -12.0244 -11.8297 -11.6446 -11.469 -11.303 -11.1468 -11.0007 -10.865 -10.7404 -10.6277 -10.528 -10.4429 -10.3745 -10.3261 -10.3023 -10.3105 -10.3633 -10.4842 -10.7264 -11.2596 nan nan nan nan nan nan nan nan nan nan nan nan nan nan nan nan nan nan nan nan nan nan nan nan nan nan nan nan nan nan nan nan nan nan nan nan nan nan nan nan nan 
-13.5592 -13.302 -13.0555 -12.8195 -12.5936 -12.3774 -12.1708 -11.9736 -11.7857 -11.607 -11.4375 -11.2774 -11.1267 -10.9859 -10.8553 -10.7356 -10.6275 -10.5323 -10.4515 -10.3872 -10.3428 -10.3228 -10.3347 -10.3911 -10.5154 -10.7609 -11.2973 nan nan nan nan nan nan nan nan nan nan nan nan nan nan nan nan nan nan nan nan nan nan nan nan nan nan nan nan nan nan nan nan nan nan nan nan nan nan nan nan 
-13.7157 -13.457 -13.209 -12.9714 -12.7436 -12.5256 -12.3169 -12.1173 -11.9269 -11.7453 -11.5727 -11.409 -11.2544 -11.1091 -10.9734 -10.8477 -10.7326 -10.629 -10.5381 -10.4614 -10.4012 -10.3605 -10.3443 -10.3597 -10.4195 -10.5472 -10.7959 -11.3354 nan nan nan nan nan nan nan nan nan nan nan nan nan nan nan nan nan nan nan nan nan nan nan nan nan nan nan nan nan nan nan nan nan nan nan nan nan nan nan 
-13.8707 -13.6107 -13.3613 -13.1221 -12.8928 -12.6729 -12.4623 -12.2606 -12.0679 -11.8838 -11.7083 -11.5415 -11.3834 -11.2342 -11.0939 -10.9631 -10.842 -10.7314 -10.6322 -10.5454 -10.4727 -10.4162 -10.3793 -10.3666 -10.3855 -10.4486 -10.5794 -10.8312 -11.3737 nan nan nan nan nan nan nan nan nan nan nan nan nan nan nan nan nan nan nan nan nan nan nan nan nan nan nan nan nan nan nan nan nan nan nan nan nan nan 
-14.0244 -13.7631 -13.5124 -13.2718 -13.0409 -12.8194 -12.607 -12.4034 -12.2085 -12.0222 -11.8442 -11.6746 -11.5133 -11.3605 -11.2163 -11.081 -10.9548 -10.8382 -10.7319 -10.6368 -10.554 -10.4851 -10.4324 -10.399 -10.3897 -10.4119 -10.4782 -10.6121 -10.8669 -11.4123 nan nan nan nan nan nan nan nan nan nan nan nan nan nan nan nan nan nan nan nan nan nan nan nan nan nan nan nan nan nan nan nan nan nan nan nan nan 
-14.1767 -13.9143 -13.6623 -13.4204 -13.1881 -12.9651 -12.751 -12.5457 -12.3488 -12.1603 -11.98 -11.8079 -11.6438 -11.4879 -11.3402 -11.2009 -11.0702 -10.9484 -10.8362 -10.7341 -10.6429 -10.5639 -10.4987 -10.4495 -10.4196 -10.4136 -10.439 -10.5084 -10.6453 -10.9029 -11.4511 nan nan nan nan nan nan nan nan nan nan nan nan nan nan nan nan nan nan nan nan nan nan nan nan nan nan nan nan nan nan nan nan nan nan nan nan 
-14.3276 -14.0641 -13.811 -13.5678 -13.3342 -13.1098 -12.8942 -12.6872 -12.4886 -12.2981 -12.1157 -11.9412 -11.7746 -11.6159 -11.4651 -11.3222 -11.1876 -11.0614 -10.944 -10.8358 -10.7377 -10.6504 -10.5751 -10.5134 -10.4677 -10.441 -10.4382 -10.4667 -10.5391 -10.6789 -10.9393 -11.4902 nan nan nan nan nan nan nan nan nan nan nan nan nan nan nan nan nan nan nan nan nan nan nan nan nan nan nan nan nan nan nan nan nan nan nan 
-14.4771 -14.2126 -13.9584 -13.7141 -13.4793 -13.2535 -13.0365 -12.828 -12.6277 -12.4355 -12.2511 -12.0746 -11.9056 -11.7444 -11.5907 -11.4447 -11.3066 -11.1764 -11.0545 -10.9412 -10.8371 -10.7428 -10.6591 -10.5874 -10.5292 -10.4867 -10.4633 -10.4636 -10.4951 -10.5703 -10.7129 -10.976 -11.5295 nan nan nan nan nan nan nan nan nan nan nan nan nan nan nan nan nan nan nan nan nan nan nan nan nan nan nan nan nan nan nan nan nan nan 
-14.6253 -14.3598 -14.1046 -13.8592 -13.6232 -13.3962 -13.1779 -12.968 -12.7662 -12.5723 -12.3862 -12.2077 -12.0367 -11.8731 -11.7169 -11.5681 -11.4268 -11.2931 -11.1672 -11.0495 -10.9402 -10.8399 -10.7492 -10.6691 -10.6008 -10.5459 -10.5067 -10.4863 -10.4896 -10.524 -10.602 -10.7473 -11.0131 -11.5691 nan nan nan nan nan nan nan nan nan nan nan nan nan nan nan nan nan nan nan nan nan nan nan nan nan nan nan nan nan nan nan nan nan 
-14.7721 -14.5058 -14.2496 -14.0032 -13.7661 -13.5379 -13.3184 -13.1071 -12.9039 -12.7085 -12.5208 -12.3405 -12.1675 -12.0018 -11.8433 -11.692 -11.5479 -11.4111 -11.2817 -11.16 -11.0462 -10.9407 -10.8441 -10.757 -10.6803 -10.6153 -10.5636 -10.5275 -10.5101 -10.5162 -10.5534 -10.6341 -10.7821 -11.0504 -11.6089 nan nan nan nan nan nan nan nan nan nan nan nan nan nan nan nan nan nan nan nan nan nan nan nan nan nan nan nan nan nan nan nan 
-14.9177 -14.6504 -14.3934 -14.146 -13.9079 -13.6786 -13.4579 -13.2454 -13.0409 -12.8441 -12.6548 -12.4729 -12.2981 -12.1305 -11.9699 -11.8162 -11.6696 -11.53 -11.3975 -11.2722 -11.1545 -11.0445 -10.9427 -10.8497 -10.766 -10.6927 -10.6309 -10.5822 -10.5491 -10.5346 -10.5435 -10.5834 -10.6667 -10.8172 -11.088 -11.6489 nan nan nan nan nan nan nan nan nan nan nan nan nan nan nan nan nan nan nan nan nan nan nan nan nan nan nan nan nan nan nan 
-15.0619 -14.7938 -14.5359 -14.2876 -14.0485 -13.8183 -13.5965 -13.3829 -13.1771 -12.979 -12.7883 -12.6048 -12.4284 -12.259 -12.0964 -11.9407 -11.7917 -11.6496 -11.5142 -11.3859 -11.2646 -11.1507 -11.0444 -10.9462 -10.8566 -10.7762 -10.7061 -10.6473 -10.6017 -10.5714 -10.5597 -10.5714 -10.6139 -10.6998 -10.8527 -11.1259 -11.6891 nan nan nan nan nan nan nan nan nan nan nan nan nan nan nan nan nan nan nan nan nan nan nan nan nan nan nan nan nan nan 
-15.2048 -14.936 -14.6773 -14.4281 -14.1881 -13.9569 -13.7341 -13.5194 -13.3124 -13.1131 -12.9211 -12.7362 -12.5583 -12.3872 -12.2229 -12.0652 -11.9141 -11.7696 -11.6318 -11.5006 -11.3762 -11.2588 -11.1485 -11.0458 -10.951 -10.8647 -10.7875 -10.7205 -10.6648 -10.622 -10.5945 -10.5855 -10.5998 -10.6448 -10.7332 -10.8885 -11.164 -11.7294 nan nan nan nan nan nan nan nan nan nan nan nan nan nan nan nan nan nan nan nan nan nan nan nan nan nan nan nan nan 
-15.3465 -15.0769 -14.8174 -14.5674 -14.3266 -14.0945 -13.8707 -13.6549 -13.4469 -13.2464 -13.0532 -12.867 -12.6877 -12.5151 -12.3491 -12.1896 -12.0366 -11.89 -11.7498 -11.6161 -11.4889 -11.3684 -11.2546 -11.1479 -11.0487 -10.9572 -10.874 -10.8 -10.7359 -10.6831 -10.6431 -10.6183 -10.6119 -10.6288 -10.6763 -10.767 -10.9247 -11.2024 -11.77 nan nan nan nan nan nan nan nan nan nan nan nan nan nan nan nan nan nan nan nan nan nan nan nan nan nan nan nan 
-15.4869 -15.2166 -14.9564 -14.7056 -14.464 -14.231 -14.0063 -13.7896 -13.5806 -13.379 -13.1846 -12.9971 -12.8165 -12.6425 -12.475 -12.3139 -12.1591 -12.0106 -11.8683 -11.7322 -11.6025 -11.4791 -11.3622 -11.2521 -11.1488 -11.0528 -10.9646 -10.8845 -10.8134 -10.7522 -10.7022 -10.6649 -10.6428 -10.6389 -10.6582 -10.7081 -10.8012 -10.9611 -11.241 -11.8108 nan nan nan nan nan nan nan nan nan nan nan nan nan nan nan nan nan nan nan nan nan nan nan nan nan nan nan 
-15.626 -15.3551 -15.0942 -14.8427 -14.6003 -14.3665 -14.1409 -13.9233 -13.7133 -13.5107 -13.3152 -13.1266 -12.9448 -12.7694 -12.6005 -12.4379 -12.2815 -12.1312 -11.9869 -11.8488 -11.7167 -11.5908 -11.4711 -11.3578 -11.2511 -11.1511 -11.0583 -10.9731 -10.8961 -10.8279 -10.7695 -10.7222 -10.6875 -10.6679 -10.6665 -10.6882 -10.7404 -10.8357 -10.9978 -11.2799 -11.8517 nan nan nan nan nan nan nan nan nan nan nan nan nan nan nan nan nan nan nan nan nan nan nan nan nan nan 
-15.764 -15.4924 -15.2308 -14.9787 -14.7355 -14.5009 -14.2745 -14.0561 -13.8452 -13.6416 -13.4451 -13.2554 -13.0724 -12.8959 -12.7256 -12.5616 -12.4036 -12.2517 -12.1057 -11.9656 -11.8314 -11.7032 -11.581 -11.4648 -11.3549 -11.2515 -11.1548 -11.0651 -10.9829 -10.9087 -10.8433 -10.7876 -10.7429 -10.7108 -10.6936 -10.6946 -10.7186 -10.7731 -10.8706 -11.0348 -11.3189 -11.8928 nan nan nan nan nan nan nan nan nan nan nan nan nan nan nan nan nan nan nan nan nan nan nan nan nan 
-15.9008 -15.6286 -15.3663 -15.1135 -14.8696 -14.6343 -14.4072 -14.1879 -13.9762 -13.7717 -13.5742 -13.3835 -13.1994 -13.0217 -12.8502 -12.6849 -12.5255 -12.372 -12.2244 -12.0825 -11.9464 -11.8161 -11.6915 -11.5729 -11.4602 -11.3536 -11.2533 -11.1597 -11.073 -10.9937 -10.9223 -10.8596 -10.8065 -10.7643 -10.7347 -10.7199 -10.7233 -10.7495 -10.8062 -10.9058 -11.0721 -11.3582 -11.934 nan nan nan nan nan nan nan nan nan nan nan nan nan nan nan nan nan nan nan nan nan nan nan nan 
-16.0363 -15.7636 -15.5007 -15.2473 -15.0027 -14.7667 -14.5388 -14.3188 -14.1062 -13.9009 -13.7025 -13.5109 -13.3257 -13.1469 -12.9743 -12.8077 -12.647 -12.4922 -12.343 -12.1995 -12.0616 -11.9293 -11.8027 -11.6817 -11.5664 -11.457 -11.3537 -11.2565 -11.1659 -11.082 -11.0055 -10.9368 -10.8768 -10.8262 -10.7865 -10.7593 -10.7468 -10.7524 -10.7809 -10.8396 -10.9413 -11.1096 -11.3977 -11.9754 nan nan nan nan nan nan nan nan nan nan nan nan nan nan nan nan nan nan nan nan nan nan nan 
-16.1708 -15.8975 -15.634 -15.3799 -15.1348 -14.8981 -14.6695 -14.4487 -14.2354 -14.0292 -13.83 -13.6375 -13.4514 -13.2716 -13.0979 -12.9301 -12.7682 -12.612 -12.4614 -12.3164 -12.1768 -12.0428 -11.9142 -11.7911 -11.6736 -11.5616 -11.4554 -11.3551 -11.261 -11.1732 -11.0922 -11.0183 -10.9523 -10.8948 -10.8467 -10.8094 -10.7845 -10.7743 -10.782 -10.8126 -10.8734 -10.9772 -11.1474 -11.4374 -12.0169 nan nan nan nan nan nan nan nan nan nan nan nan nan nan nan nan nan nan nan nan nan nan 
-16.3041 -16.0302 -15.7662 -15.5116 -15.2658 -15.0285 -14.7992 -14.5777 -14.3637 -14.1567 -13.9567 -13.7633 -13.5763 -13.3955 -13.2208 -13.052 -12.8889 -12.7315 -12.5796 -12.4331 -12.2921 -12.1564 -12.026 -11.901 -11.7813 -11.6671 -11.5583 -11.4552 -11.3579 -11.2666 -11.1817 -11.1033 -11.0321 -10.9686 -10.9136 -10.8679 -10.8329 -10.8102 -10.8022 -10.8121 -10.8448 -10.9076 -11.0133 -11.1854 -11.4772 -12.0586 nan nan nan nan nan nan nan nan nan nan nan nan nan nan nan nan nan nan nan nan nan 
-16.4363 -16.1619 -15.8974 -15.6421 -15.3958 -15.1578 -14.928 -14.7058 -14.4911 -14.2834 -14.0826 -13.8883 -13.7005 -13.5188 -13.3431 -13.1733 -13.0091 -12.8505 -12.6974 -12.5496 -12.4072 -12.27 -12.138 -12.0111 -11.8895 -11.7732 -11.6621 -11.5565 -11.4564 -11.362 -11.2735 -11.1912 -11.1155 -11.0468 -10.9858 -10.9331 -10.8898 -10.857 -10.8366 -10.8307 -10.8426 -10.8773 -10.9421 -11.0497 -11.2237 -11.5173 -12.1004 nan nan nan nan nan nan nan nan nan nan nan nan nan nan nan nan nan nan nan nan 
-16.5674 -16.2925 -16.0275 -15.7717 -15.5248 -15.2862 -15.0558 -14.833 -14.6175 -14.4092 -14.2076 -14.0126 -13.824 -13.6414 -13.4648 -13.294 -13.1288 -12.9692 -12.8149 -12.6659 -12.5221 -12.3835 -12.25 -12.1215 -11.9981 -11.8798 -11.7667 -11.6587 -11.5561 -11.4588 -11.3672 -11.2814 -11.2018 -11.1286 -11.0624 -11.0038 -10.9534 -10.9123 -10.8818 -10.8634 -10.8596 -10.8736 -10.9102 -10.9769 -11.0863 -11.2621 -11.5575 -12.1423 nan nan nan nan nan nan nan nan nan nan nan nan nan nan nan nan nan nan nan 
-16.6974 -16.422 -16.1565 -15.9002 -15.6527 -15.4137 -15.1826 -14.9592 -14.7431 -14.5341 -14.3319 -14.1361 -13.9467 -13.7633 -13.5859 -13.4142 -13.248 -13.0873 -12.932 -12.7818 -12.6368 -12.4969 -12.3619 -12.232 -12.1069 -11.9869 -11.8718 -11.7617 -11.6568 -11.557 -11.4625 -11.3736 -11.2905 -11.2134 -11.1427 -11.0789 -11.0225 -10.9744 -10.9355 -10.9071 -10.8908 -10.889 -10.9049 -10.9434 -11.012 -11.1232 -11.3008 -11.5979 -12.1844 nan nan nan nan nan nan nan nan nan nan nan nan nan nan nan nan nan nan 
-16.8263 -16.5505 -16.2845 -16.0277 -15.7798 -15.5402 -15.3085 -15.0845 -14.8679 -14.6582 -14.4553 -14.2588 -14.0687 -13.8845 -13.7063 -13.5337 -13.3667 -13.205 -13.0486 -12.8974 -12.7512 -12.6101 -12.4738 -12.3424 -12.2159 -12.0942 -11.9773 -11.8653 -11.7582 -11.6561 -11.5592 -11.4674 -11.3812 -11.3005 -11.2259 -11.1576 -11.0961 -11.042 -10.9961 -10.9593 -10.933 -10.9187 -10.9189 -10.9367 -10.977 -11.0474 -11.1604 -11.3397 -11.6384 -12.2266 nan nan nan nan nan nan nan nan nan nan nan nan nan nan nan nan nan 
-16.9542 -16.678 -16.4115 -16.1543 -15.9058 -15.6657 -15.4335 -15.209 -14.9917 -14.7814 -14.5779 -14.3808 -14.1899 -14.0051 -13.826 -13.6526 -13.4847 -13.3222 -13.1648 -13.0126 -12.8653 -12.723 -12.5855 -12.4528 -12.3249 -12.2016 -12.0831 -11.9694 -11.8603 -11.7562 -11.6569 -11.5626 -11.4735 -11.3897 -11.3116 -11.2393 -11.1734 -11.1141 -11.0622 -11.0185 -10.9837 -10.9594 -10.9471 -10.9491 -10.9688 -11.011 -11.0831 -11.1978 -11.3787 -11.6791 -12.2688 nan nan nan nan nan nan nan nan nan nan nan nan nan nan nan nan 
-17.0811 -16.8045 -16.5376 -16.2799 -16.0309 -15.7903 -15.5576 -15.3325 -15.1147 -14.9039 -14.6997 -14.502 -14.3104 -14.1249 -13.9451 -13.7709 -13.6022 -13.4388 -13.2806 -13.1273 -12.9791 -12.8357 -12.697 -12.5631 -12.4338 -12.3092 -12.1892 -12.0737 -11.9629 -11.8568 -11.7554 -11.6588 -11.5672 -11.4806 -11.3994 -11.3236 -11.2537 -11.1899 -11.1329 -11.0831 -11.0414 -11.0087 -10.9863 -10.9759 -10.9798 -11.0013 -11.0452 -11.1191 -11.2354 -11.418 -11.72 -12.3112 nan nan nan nan nan nan nan nan nan nan nan nan nan nan nan 
-17.207 -16.93 -16.6626 -16.4045 -16.1551 -15.914 -15.6808 -15.4552 -15.2368 -15.0254 -14.8207 -14.6223 -14.4302 -14.2439 -14.0635 -13.8886 -13.7191 -13.5549 -13.3958 -13.2417 -13.0924 -12.948 -12.8083 -12.6732 -12.5427 -12.4167 -12.2953 -12.1783 -12.0659 -11.958 -11.8547 -11.756 -11.662 -11.5729 -11.4888 -11.4099 -11.3365 -11.2688 -11.2073 -11.1524 -11.1047 -11.065 -11.0342 -11.0137 -11.0052 -11.0109 -11.0341 -11.0798 -11.1553 -11.2733 -11.4574 -11.761 -12.3537 nan nan nan nan nan nan nan nan nan nan nan nan nan nan 
-17.3319 -17.0545 -16.7867 -16.5281 -16.2783 -16.0367 -15.8031 -15.577 -15.3581 -15.1462 -14.9409 -14.742 -14.5492 -14.3623 -14.1812 -14.0056 -13.8354 -13.6704 -13.5104 -13.3555 -13.2053 -13.06 -12.9192 -12.7831 -12.6514 -12.5242 -12.4015 -12.2831 -12.1691 -12.0596 -11.9545 -11.8539 -11.7578 -11.6664 -11.5798 -11.498 -11.4215 -11.3503 -11.2848 -11.2254 -11.1725 -11.1269 -11.0891 -11.0603 -11.0416 -11.0349 -11.0423 -11.0673 -11.1146 -11.1918 -11.3113 -11.4971 -11.8021 -12.3963 nan nan nan nan nan nan nan nan nan nan nan nan nan 
-17.4559 -17.178 -16.9099 -16.6509 -16.4006 -16.1586 -15.9245 -15.698 -15.4786 -15.2661 -15.0603 -14.8608 -14.6674 -14.48 -14.2982 -14.1219 -13.951 -13.7853 -13.6246 -13.4688 -13.3178 -13.1715 -13.0298 -12.8926 -12.7599 -12.6316 -12.5076 -12.3879 -12.2725 -12.1615 -12.0547 -11.9523 -11.8543 -11.7608 -11.6719 -11.5876 -11.5082 -11.4339 -11.3649 -11.3016 -11.2442 -11.1934 -11.1497 -11.1138 -11.0868 -11.07 -11.065 -11.0742 -11.1008 -11.1497 -11.2285 -11.3496 -11.5368 -11.8434 -12.439 nan nan nan nan nan nan nan nan nan nan nan nan 
-17.5789 -17.3007 -17.0321 -16.7727 -16.522 -16.2796 -16.0451 -15.8181 -15.5982 -15.3853 -15.1789 -14.9789 -14.785 -14.5969 -14.4145 -14.2376 -14.0661 -13.8996 -13.7382 -13.5816 -13.4298 -13.2827 -13.1401 -13.0019 -12.8682 -12.7388 -12.6136 -12.4927 -12.376 -12.2636 -12.1553 -12.0513 -11.9515 -11.856 -11.765 -11.6784 -11.5965 -11.5194 -11.4472 -11.3804 -11.3191 -11.2637 -11.2149 -11.173 -11.139 -11.1139 -11.0988 -11.0955 -11.1064 -11.1346 -11.1851 -11.2654 -11.3881 -11.5768 -11.8847 -12.4818 nan nan nan nan nan nan nan nan nan nan nan 
-17.7009 -17.4224 -17.1534 -16.8937 -16.6426 -16.3998 -16.1648 -15.9373 -15.717 -15.5036 -15.2967 -15.0962 -14.9017 -14.7131 -14.5302 -14.3527 -14.1805 -14.0134 -13.8512 -13.694 -13.5414 -13.3934 -13.25 -13.1109 -12.9762 -12.8458 -12.7195 -12.5975 -12.4796 -12.3658 -12.2561 -12.1505 -12.0491 -11.9519 -11.8589 -11.7702 -11.686 -11.6063 -11.5314 -11.4614 -11.3966 -11.3373 -11.2839 -11.237 -11.197 -11.1648 -11.1414 -11.128 -11.1264 -11.1389 -11.1687 -11.2208 -11.3026 -11.4267 -11.6169 -11.9262 -12.5247 nan nan nan nan nan nan nan nan nan nan 
-17.8221 -17.5432 -17.2739 -17.0137 -16.7623 -16.519 -16.2837 -16.0558 -15.835 -15.6211 -15.4138 -15.2128 -15.0178 -14.8287 -14.6452 -14.4671 -14.2942 -14.1265 -13.9637 -13.8057 -13.6524 -13.5037 -13.3594 -13.2195 -13.0839 -12.9525 -12.8253 -12.7021 -12.5831 -12.468 -12.357 -12.2501 -12.1471 -12.0483 -11.9535 -11.8629 -11.7766 -11.6946 -11.6171 -11.5443 -11.4763 -11.4136 -11.3562 -11.3048 -11.2596 -11.2215 -11.1911 -11.1693 -11.1576 -11.1577 -11.1717 -11.2031 -11.2567 -11.34 -11.4656 -11.6571 -11.9679 -12.5677 nan nan nan nan nan nan nan nan nan 
-17.9423 -17.6631 -17.3934 -17.1329 -16.8811 -16.6375 -16.4017 -16.1734 -15.9522 -15.7379 -15.5301 -15.3286 -15.1331 -14.9435 -14.7594 -14.5808 -14.4074 -14.2391 -14.0756 -13.917 -13.763 -13.6135 -13.4685 -13.3277 -13.1913 -13.059 -12.9308 -12.8066 -12.6865 -12.5703 -12.4581 -12.3498 -12.2454 -12.145 -12.0486 -11.9563 -11.868 -11.7839 -11.7041 -11.6287 -11.558 -11.4921 -11.4313 -11.3758 -11.3262 -11.2829 -11.2465 -11.2178 -11.1977 -11.1877 -11.1893 -11.2049 -11.2378 -11.2929 -11.3776 -11.5046 -11.6975 -12.0096 -12.6107 nan nan nan nan nan nan nan nan 
-18.0617 -17.7821 -17.5121 -17.2513 -16.9991 -16.7551 -16.5189 -16.2902 -16.0687 -15.8539 -15.6457 -15.4437 -15.2478 -15.0576 -14.8731 -14.6939 -14.5199 -14.351 -14.187 -14.0277 -13.873 -13.7228 -13.5771 -13.4356 -13.2983 -13.1651 -13.036 -12.9109 -12.7897 -12.6725 -12.5591 -12.4496 -12.3439 -12.2421 -12.1442 -12.0502 -11.9601 -11.8741 -11.7922 -11.7145 -11.6413 -11.5725 -11.5086 -11.4496 -11.3961 -11.3483 -11.3067 -11.272 -11.245 -11.2266 -11.2181 -11.2213 -11.2384 -11.2728 -11.3293 -11.4154 -11.5438 -11.738 -12.0514 -12.6539 nan nan nan nan nan nan nan 
-18.1802 -17.9003 -17.63 -17.3688 -17.1162 -16.8719 -16.6353 -16.4063 -16.1843 -15.9691 -15.7605 -15.5581 -15.3617 -15.1711 -14.986 -14.8063 -14.6318 -14.4623 -14.2977 -14.1378 -13.9825 -13.8317 -13.6852 -13.543 -13.4049 -13.271 -13.141 -13.015 -12.8929 -12.7746 -12.6601 -12.5495 -12.4426 -12.3394 -12.2401 -12.1446 -12.0529 -11.9651 -11.8812 -11.8015 -11.7259 -11.6546 -11.5878 -11.5258 -11.4687 -11.4169 -11.3709 -11.331 -11.298 -11.2726 -11.2558 -11.2489 -11.2535 -11.2722 -11.308 -11.3659 -11.4534 -11.5831 -11.7787 -12.0934 -12.6971 nan nan nan nan nan nan 
-18.2978 -18.0176 -17.747 -17.4855 -17.2326 -16.9879 -16.751 -16.5215 -16.2992 -16.0836 -15.8745 -15.6717 -15.4749 -15.2838 -15.0983 -14.9181 -14.7431 -14.5731 -14.4079 -14.2474 -14.0915 -13.94 -13.7929 -13.65 -13.5112 -13.3764 -13.2457 -13.1188 -12.9958 -12.8765 -12.7611 -12.6493 -12.5413 -12.4369 -12.3363 -12.2393 -12.1461 -12.0567 -11.9711 -11.8894 -11.8116 -11.7381 -11.6687 -11.6039 -11.5437 -11.4884 -11.4384 -11.3941 -11.3559 -11.3245 -11.3007 -11.2854 -11.28 -11.2862 -11.3062 -11.3435 -11.4028 -11.4916 -11.6226 -11.8195 -12.1354 -12.7403 nan nan nan nan nan 
-18.4146 -18.1341 -17.8632 -17.6013 -17.3481 -17.1031 -16.8658 -16.636 -16.4133 -16.1973 -15.9879 -15.7846 -15.5874 -15.3959 -15.2099 -15.0292 -14.8537 -14.6832 -14.5175 -14.3564 -14.2 -14.0479 -13.9001 -13.7565 -13.617 -13.4816 -13.35 -13.2223 -13.0984 -12.9783 -12.8619 -12.7491 -12.64 -12.5345 -12.4326 -12.3343 -12.2397 -12.1488 -12.0615 -11.978 -11.8984 -11.8227 -11.7511 -11.6837 -11.6206 -11.5623 -11.5087 -11.4605 -11.4178 -11.3813 -11.3515 -11.3292 -11.3154 -11.3115 -11.3191 -11.3405 -11.3792 -11.4398 -11.53 -11.6623 -11.8604 -12.1776 -12.7837 nan nan nan nan 
-18.5306 -18.2498 -17.9785 -17.7164 -17.4629 -17.2175 -16.9799 -16.7498 -16.5267 -16.3103 -16.1005 -15.8969 -15.6992 -15.5073 -15.3208 -15.1397 -14.9637 -14.7927 -14.6265 -14.4649 -14.3079 -14.1552 -14.0068 -13.8626 -13.7225 -13.5863 -13.454 -13.3256 -13.2009 -13.0799 -12.9625 -12.8488 -12.7387 -12.6321 -12.529 -12.4296 -12.3336 -12.2412 -12.1525 -12.0674 -11.986 -11.9083 -11.8346 -11.7649 -11.6993 -11.6381 -11.5815 -11.5297 -11.4831 -11.442 -11.4071 -11.3788 -11.3581 -11.3458 -11.3433 -11.3523 -11.3751 -11.4151 -11.4771 -11.5685 -11.7021 -11.9014 -12.2198 -12.8271 nan nan nan 
-18.6458 -18.3646 -18.0931 -17.8307 -17.5768 -17.3311 -17.0932 -16.8627 -16.6393 -16.4226 -16.2124 -16.0084 -15.8103 -15.618 -15.4311 -15.2496 -15.0731 -14.9016 -14.7349 -14.5728 -14.4153 -14.262 -14.1131 -13.9683 -13.8275 -13.6906 -13.5577 -13.4285 -13.303 -13.1812 -13.063 -12.9484 -12.8373 -12.7297 -12.6256 -12.5249 -12.4278 -12.3341 -12.2439 -12.1572 -12.0742 -11.9948 -11.9191 -11.8473 -11.7794 -11.7157 -11.6562 -11.6013 -11.5512 -11.5062 -11.4668 -11.4334 -11.4066 -11.3874 -11.3765 -11.3754 -11.3858 -11.41 -11.4513 -11.5145 -11.6072 -11.742 -11.9426 -12.2622 -12.8706 nan nan 
-18.7601 -18.4787 -18.2069 -17.9442 -17.69 -17.444 -17.2058 -16.975 -16.7512 -16.5342 -16.3236 -16.1192 -15.9208 -15.728 -15.5408 -15.3588 -15.1819 -15.01 -14.8428 -14.6802 -14.5221 -14.3684 -14.2188 -14.0734 -13.932 -13.7946 -13.6609 -13.531 -13.4048 -13.2823 -13.1633 -13.0478 -12.9358 -12.8272 -12.7221 -12.6204 -12.522 -12.4271 -12.3356 -12.2476 -12.163 -12.082 -12.0045 -11.9308 -11.8608 -11.7947 -11.7328 -11.675 -11.6218 -11.5733 -11.5299 -11.492 -11.4601 -11.4348 -11.417 -11.4076 -11.4079 -11.4196 -11.4451 -11.4877 -11.5522 -11.6461 -11.7821 -11.9838 -12.3046 -12.9141 nan 
