nan nan nan nan nan nan nan nan nan nan nan nan nan nan nan nan nan nan nan nan nan nan nan nan nan nan nan nan nan nan nan nan nan nan nan nan nan nan nan nan nan nan nan nan nan nan nan nan nan nan nan nan nan nan nan nan nan nan nan nan nan nan nan nan nan nan nan 
-14.2987 nan nan nan nan nan nan nan nan nan nan nan nan nan nan nan nan nan nan nan nan nan nan nan nan nan nan nan nan nan nan nan nan nan nan nan nan nan nan nan nan nan nan nan nan nan nan nan nan nan nan nan nan nan nan nan nan nan nan nan nan nan nan nan nan nan nan 
-13.8971 -14.2729 nan nan nan nan nan nan nan nan nan nan nan nan nan nan nan nan nan nan nan nan nan nan nan nan nan nan nan nan nan nan nan nan nan nan nan nan nan nan nan nan nan nan nan nan nan nan nan nan nan nan nan nan nan nan nan nan nan nan nan nan nan nan nan nan nan 
-13.7759 -13.8639 -14.2496 nan nan nan nan nan nan nan nan nan nan nan nan nan nan nan nan nan nan nan nan nan nan nan nan nan nan nan nan nan nan nan nan nan nan nan nan nan nan nan nan nan nan nan nan nan nan nan nan nan nan nan nan nan nan nan nan nan nan nan nan nan nan nan nan 
-13.7655 -13.7357 -13.8336 -14.2287 nan nan nan nan nan nan nan nan nan nan nan nan nan nan nan nan nan nan nan nan nan nan nan nan nan nan nan nan nan nan nan nan nan nan nan nan nan nan nan nan nan nan nan nan nan nan nan nan nan nan nan nan nan nan nan nan nan nan nan nan nan nan nan 
-13.8131 -13.7187 -13.6988 -13.8061 -14.2101 nan nan nan nan nan nan nan nan nan nan nan nan nan nan nan nan nan nan nan nan nan nan nan nan nan nan nan nan nan nan nan nan nan nan nan nan nan nan nan nan nan nan nan nan nan nan nan nan nan nan nan nan nan nan nan nan nan nan nan nan nan nan 
-13.8952 -13.7599 -13.6755 -13.665 -13.7812 -14.1936 nan nan nan nan nan nan nan nan nan nan nan nan nan nan nan nan nan nan nan nan nan nan nan nan nan nan nan nan nan nan nan nan nan nan nan nan nan nan nan nan nan nan nan nan nan nan nan nan nan nan nan nan nan nan nan nan nan nan nan nan nan 
-13.9996 -13.8361 -13.7108 -13.6357 -13.6341 -13.7588 -14.1792 nan nan nan nan nan nan nan nan nan nan nan nan nan nan nan nan nan nan nan nan nan nan nan nan nan nan nan nan nan nan nan nan nan nan nan nan nan nan nan nan nan nan nan nan nan nan nan nan nan nan nan nan nan nan nan nan nan nan nan nan 
-14.119 -13.9348 -13.7812 -13.6653 -13.5991 -13.606 -13.7386 -14.1666 nan nan nan nan nan nan nan nan nan nan nan nan nan nan nan nan nan nan nan nan nan nan nan nan nan nan nan nan nan nan nan nan nan nan nan nan nan nan nan nan nan nan nan nan nan nan nan nan nan nan nan nan nan nan nan nan nan nan nan 
-14.2487 -14.0488 -13.8745 -13.7304 -13.6233 -13.5656 -13.5804 -13.7207 -14.1558 nan nan nan nan nan nan nan nan nan nan nan nan nan nan nan nan nan nan nan nan nan nan nan nan nan nan nan nan nan nan nan nan nan nan nan nan nan nan nan nan nan nan nan nan nan nan nan nan nan nan nan nan nan nan nan nan nan nan 
-14.3858 -14.1733 -13.9833 -13.8185 -13.6833 -13.5846 -13.5349 -13.5573 -13.7047 -14.1467 nan nan nan nan nan nan nan nan nan nan nan nan nan nan nan nan nan nan nan nan nan nan nan nan nan nan nan nan nan nan nan nan nan nan nan nan nan nan nan nan nan nan nan nan nan nan nan nan nan nan nan nan nan nan nan nan nan 
-14.528 -14.3055 -14.103 -13.9224 -13.7664 -13.6396 -13.549 -13.5068 -13.5364 -13.6907 -14.1393 nan nan nan nan nan nan nan nan nan nan nan nan nan nan nan nan nan nan nan nan nan nan nan nan nan nan nan nan nan nan nan nan nan nan nan nan nan nan nan nan nan nan nan nan nan nan nan nan nan nan nan nan nan nan nan nan 
-14.6739 -14.443 -14.2304 -14.0373 -13.8656 -13.7181 -13.5992 -13.5162 -13.4812 -13.5177 -13.6785 -14.1333 nan nan nan nan nan nan nan nan nan nan nan nan nan nan nan nan nan nan nan nan nan nan nan nan nan nan nan nan nan nan nan nan nan nan nan nan nan nan nan nan nan nan nan nan nan nan nan nan nan nan nan nan nan nan nan 
-14.8222 -14.5843 -14.3634 -14.1602 -13.976 -13.8127 -13.6732 -13.562 -13.4861 -13.458 -13.501 -13.6681 -14.1289 nan nan nan nan nan nan nan nan nan nan nan nan nan nan nan nan nan nan nan nan nan nan nan nan nan nan nan nan nan nan nan nan nan nan nan nan nan nan nan nan nan nan nan nan nan nan nan nan nan nan nan nan nan nan 
-14.9723 -14.7284 -14.5004 -14.2889 -14.0946 -13.9189 -13.7635 -13.6316 -13.5275 -13.4586 -13.437 -13.4862 -13.6593 -14.1257 nan nan nan nan nan nan nan nan nan nan nan nan nan nan nan nan nan nan nan nan nan nan nan nan nan nan nan nan nan nan nan nan nan nan nan nan nan nan nan nan nan nan nan nan nan nan nan nan nan nan nan nan nan 
-15.1233 -14.8743 -14.6403 -14.4218 -14.2192 -14.0333 -13.8655 -13.7178 -13.5931 -13.4959 -13.4334 -13.4181 -13.4733 -13.652 -14.124 nan nan nan nan nan nan nan nan nan nan nan nan nan nan nan nan nan nan nan nan nan nan nan nan nan nan nan nan nan nan nan nan nan nan nan nan nan nan nan nan nan nan nan nan nan nan nan nan nan nan nan nan 
-15.2749 -15.0213 -14.7822 -14.5577 -14.3481 -14.1539 -13.976 -13.8158 -13.6753 -13.5574 -13.4668 -13.4106 -13.4012 -13.4621 -13.6463 -14.1234 nan nan nan nan nan nan nan nan nan nan nan nan nan nan nan nan nan nan nan nan nan nan nan nan nan nan nan nan nan nan nan nan nan nan nan nan nan nan nan nan nan nan nan nan nan nan nan nan nan nan nan 
-15.4266 -15.1691 -14.9255 -14.6958 -14.4802 -14.279 -14.0928 -13.9225 -13.7695 -13.6358 -13.5245 -13.4401 -13.3898 -13.3862 -13.4525 -13.6419 -14.1241 nan nan nan nan nan nan nan nan nan nan nan nan nan nan nan nan nan nan nan nan nan nan nan nan nan nan nan nan nan nan nan nan nan nan nan nan nan nan nan nan nan nan nan nan nan nan nan nan nan nan 
-15.5782 -15.3172 -15.0696 -14.8354 -14.6146 -14.4074 -14.2142 -14.0356 -13.8725 -13.7263 -13.5992 -13.4941 -13.4157 -13.3711 -13.3729 -13.4445 -13.6389 -14.1259 nan nan nan nan nan nan nan nan nan nan nan nan nan nan nan nan nan nan nan nan nan nan nan nan nan nan nan nan nan nan nan nan nan nan nan nan nan nan nan nan nan nan nan nan nan nan nan nan nan 
-15.7294 -15.4652 -15.2141 -14.976 -14.7507 -14.5383 -14.3391 -14.1535 -13.982 -13.8258 -13.6862 -13.5654 -13.4662 -13.3935 -13.3544 -13.3614 -13.438 -13.6372 -14.1287 nan nan nan nan nan nan nan nan nan nan nan nan nan nan nan nan nan nan nan nan nan nan nan nan nan nan nan nan nan nan nan nan nan nan nan nan nan nan nan nan nan nan nan nan nan nan nan nan 
-15.88 -15.613 -15.3588 -15.1171 -14.8879 -14.671 -14.4666 -14.275 -14.0966 -13.932 -13.7823 -13.649 -13.534 -13.4406 -13.3733 -13.3394 -13.3514 -13.4328 -13.6367 -14.1327 nan nan nan nan nan nan nan nan nan nan nan nan nan nan nan nan nan nan nan nan nan nan nan nan nan nan nan nan nan nan nan nan nan nan nan nan nan nan nan nan nan nan nan nan nan nan nan 
-16.0299 -15.7603 -15.5033 -15.2585 -15.0258 -14.8049 -14.596 -14.3993 -14.2148 -14.0432 -13.8852 -13.7418 -13.6144 -13.5052 -13.4172 -13.3551 -13.3262 -13.3431 -13.4291 -13.6373 -14.1376 nan nan nan nan nan nan nan nan nan nan nan nan nan nan nan nan nan nan nan nan nan nan nan nan nan nan nan nan nan nan nan nan nan nan nan nan nan nan nan nan nan nan nan nan nan nan 
-16.1789 -15.9071 -15.6475 -15.3999 -15.164 -14.9396 -14.7268 -14.5255 -14.3359 -14.1584 -13.9933 -13.8415 -13.704 -13.5824 -13.4786 -13.3958 -13.3388 -13.3147 -13.3361 -13.4266 -13.6391 -14.1435 nan nan nan nan nan nan nan nan nan nan nan nan nan nan nan nan nan nan nan nan nan nan nan nan nan nan nan nan nan nan nan nan nan nan nan nan nan nan nan nan nan nan nan nan nan 
-16.3271 -16.0531 -15.7912 -15.541 -15.3023 -15.0748 -14.8585 -14.6532 -14.4591 -14.2764 -14.1054 -13.9466 -13.8008 -13.669 -13.5527 -13.4542 -13.3765 -13.3242 -13.3047 -13.3306 -13.4253 -13.642 -14.1503 nan nan nan nan nan nan nan nan nan nan nan nan nan nan nan nan nan nan nan nan nan nan nan nan nan nan nan nan nan nan nan nan nan nan nan nan nan nan nan nan nan nan nan nan 
-16.4742 -16.1983 -15.9343 -15.6818 -15.4405 -15.2102 -14.9907 -14.782 -14.5839 -14.3967 -14.2205 -14.0557 -13.9029 -13.7628 -13.6364 -13.5254 -13.4319 -13.359 -13.3113 -13.2963 -13.3264 -13.4252 -13.6458 -14.1579 nan nan nan nan nan nan nan nan nan nan nan nan nan nan nan nan nan nan nan nan nan nan nan nan nan nan nan nan nan nan nan nan nan nan nan nan nan nan nan nan nan nan nan 
-16.6203 -16.3426 -16.0766 -15.822 -15.5784 -15.3456 -15.1233 -14.9114 -14.7098 -14.5186 -14.338 -14.168 -14.0092 -13.8621 -13.7274 -13.6063 -13.5003 -13.4115 -13.3432 -13.3 -13.2893 -13.3235 -13.4263 -13.6507 -14.1665 nan nan nan nan nan nan nan nan nan nan nan nan nan nan nan nan nan nan nan nan nan nan nan nan nan nan nan nan nan nan nan nan nan nan nan nan nan nan nan nan nan nan 
-16.7652 -16.4859 -16.2182 -15.9616 -15.7159 -15.4808 -15.2559 -15.0412 -14.8365 -14.6418 -14.4572 -14.2827 -14.1188 -13.9656 -13.8239 -13.6945 -13.5784 -13.4772 -13.3931 -13.3292 -13.2902 -13.2836 -13.3218 -13.4284 -13.6564 -14.1758 nan nan nan nan nan nan nan nan nan nan nan nan nan nan nan nan nan nan nan nan nan nan nan nan nan nan nan nan nan nan nan nan nan nan nan nan nan nan nan nan nan 
-16.9091 -16.6282 -16.3589 -16.1005 -15.8529 -15.6156 -15.3885 -15.1712 -14.9637 -14.7658 -14.5777 -14.3993 -14.2308 -14.0725 -13.9249 -13.7884 -13.664 -13.5527 -13.4561 -13.3764 -13.3168 -13.2819 -13.2792 -13.3212 -13.4315 -13.6631 -14.1859 nan nan nan nan nan nan nan nan nan nan nan nan nan nan nan nan nan nan nan nan nan nan nan nan nan nan nan nan nan nan nan nan nan nan nan nan nan nan nan nan 
-17.0518 -16.7695 -16.4986 -16.2387 -15.9893 -15.75 -15.5208 -15.3012 -15.0911 -14.8905 -14.6992 -14.5173 -14.3448 -14.182 -14.0292 -13.8868 -13.7553 -13.6357 -13.529 -13.4368 -13.3614 -13.3059 -13.275 -13.2761 -13.3218 -13.4356 -13.6707 -14.1968 nan nan nan nan nan nan nan nan nan nan nan nan nan nan nan nan nan nan nan nan nan nan nan nan nan nan nan nan nan nan nan nan nan nan nan nan nan nan nan 
-17.1934 -16.9098 -16.6374 -16.376 -16.1249 -15.8839 -15.6527 -15.431 -15.2186 -15.0154 -14.8213 -14.6362 -14.4603 -14.2935 -14.1362 -13.9886 -13.8512 -13.7245 -13.6095 -13.5073 -13.4194 -13.3481 -13.2965 -13.2694 -13.2742 -13.3235 -13.4407 -13.6791 -14.2083 nan nan nan nan nan nan nan nan nan nan nan nan nan nan nan nan nan nan nan nan nan nan nan nan nan nan nan nan nan nan nan nan nan nan nan nan nan nan 
-17.3338 -17.0489 -16.7753 -16.5124 -16.2598 -16.0171 -15.7841 -15.5605 -15.346 -15.1405 -14.9438 -14.756 -14.5769 -14.4066 -14.2453 -14.0932 -13.9506 -13.818 -13.696 -13.5854 -13.4874 -13.4036 -13.3363 -13.2885 -13.2651 -13.2735 -13.3261 -13.4467 -13.6882 -14.2206 nan nan nan nan nan nan nan nan nan nan nan nan nan nan nan nan nan nan nan nan nan nan nan nan nan nan nan nan nan nan nan nan nan nan nan nan nan 
-17.473 -17.187 -16.9121 -16.6479 -16.3939 -16.1497 -15.915 -15.6896 -15.4732 -15.2656 -15.0666 -14.8762 -14.6943 -14.5209 -14.3561 -14.2 -14.0529 -13.9151 -13.7871 -13.6695 -13.5632 -13.4693 -13.3895 -13.326 -13.2819 -13.262 -13.2738 -13.3298 -13.4535 -13.6982 -14.2336 nan nan nan nan nan nan nan nan nan nan nan nan nan nan nan nan nan nan nan nan nan nan nan nan nan nan nan nan nan nan nan nan nan nan nan nan 
-17.611 -17.3239 -17.0479 -16.7824 -16.5271 -16.2815 -16.0453 -15.8183 -15.6 -15.3905 -15.1894 -14.9967 -14.8122 -14.636 -14.4681 -14.3085 -14.1574 -14.0152 -13.882 -13.7584 -13.6451 -13.5429 -13.453 -13.3769 -13.3171 -13.2766 -13.2601 -13.2752 -13.3344 -13.4612 -13.7089 -14.2471 nan nan nan nan nan nan nan nan nan nan nan nan nan nan nan nan nan nan nan nan nan nan nan nan nan nan nan nan nan nan nan nan nan nan nan 
-17.7479 -17.4598 -17.1826 -16.916 -16.6595 -16.4125 -16.1749 -15.9464 -15.7265 -15.5151 -15.3121 -15.1173 -14.9305 -14.7518 -14.581 -14.4183 -14.2637 -14.1175 -13.9798 -13.8511 -13.7318 -13.6226 -13.5243 -13.4382 -13.3659 -13.3095 -13.2724 -13.2593 -13.2776 -13.3399 -13.4697 -13.7203 -14.2614 nan nan nan nan nan nan nan nan nan nan nan nan nan nan nan nan nan nan nan nan nan nan nan nan nan nan nan nan nan nan nan nan nan nan 
-17.8836 -17.5945 -17.3164 -17.0486 -16.7909 -16.5428 -16.3039 -16.0738 -15.8525 -15.6395 -15.4347 -15.2379 -15.049 -14.8679 -14.6946 -14.5291 -14.3714 -14.2217 -14.08 -13.9468 -13.8223 -13.7071 -13.6019 -13.5074 -13.425 -13.3562 -13.3033 -13.2695 -13.2596 -13.281 -13.3462 -13.479 -13.7323 -14.2762 nan nan nan nan nan nan nan nan nan nan nan nan nan nan nan nan nan nan nan nan nan nan nan nan nan nan nan nan nan nan nan nan nan 
-18.0181 -17.7281 -17.449 -17.1803 -16.9215 -16.6722 -16.432 -16.2007 -15.9779 -15.7634 -15.5569 -15.3584 -15.1675 -14.9844 -14.8088 -14.6407 -14.4802 -14.3273 -14.1821 -14.0449 -13.916 -13.7956 -13.6844 -13.5829 -13.4921 -13.4133 -13.3479 -13.2983 -13.2677 -13.2609 -13.2853 -13.3535 -13.489 -13.7451 -14.2915 nan nan nan nan nan nan nan nan nan nan nan nan nan nan nan nan nan nan nan nan nan nan nan nan nan nan nan nan nan nan nan nan 
-18.1515 -17.8607 -17.5806 -17.311 -17.0511 -16.8007 -16.5594 -16.3269 -16.1027 -15.8868 -15.6788 -15.4786 -15.286 -15.1009 -14.9232 -14.7528 -14.5897 -14.434 -14.2857 -14.145 -14.0121 -13.8873 -13.7708 -13.6634 -13.5656 -13.4784 -13.403 -13.3409 -13.2945 -13.2671 -13.2632 -13.2905 -13.3615 -13.4997 -13.7585 -14.3075 nan nan nan nan nan nan nan nan nan nan nan nan nan nan nan nan nan nan nan nan nan nan nan nan nan nan nan nan nan nan nan 
-18.2838 -17.9921 -17.7112 -17.4406 -17.1798 -16.9284 -16.686 -16.4523 -16.2269 -16.0097 -15.8003 -15.5986 -15.4043 -15.2174 -15.0378 -14.8653 -14.6999 -14.5416 -14.3905 -14.2467 -14.1103 -13.9814 -13.8605 -13.7479 -13.6442 -13.55 -13.4662 -13.394 -13.3352 -13.2919 -13.2674 -13.2665 -13.2966 -13.3703 -13.5112 -13.7725 -14.324 nan nan nan nan nan nan nan nan nan nan nan nan nan nan nan nan nan nan nan nan nan nan nan nan nan nan nan nan nan nan 
-18.4149 -18.1225 -17.8408 -17.5693 -17.3076 -17.0552 -16.8118 -16.577 -16.3505 -16.132 -15.9213 -15.7181 -15.5224 -15.3338 -15.1524 -14.9779 -14.8105 -14.6499 -14.4962 -14.3496 -14.21 -14.0777 -13.9528 -13.8357 -13.7268 -13.6266 -13.5358 -13.4553 -13.3864 -13.3306 -13.2904 -13.2688 -13.2707 -13.3035 -13.3798 -13.5233 -13.7871 -14.341 nan nan nan nan nan nan nan nan nan nan nan nan nan nan nan nan nan nan nan nan nan nan nan nan nan nan nan nan nan 
-18.5449 -18.2518 -17.9693 -17.697 -17.4344 -17.1812 -16.9368 -16.7009 -16.4734 -16.2537 -16.0418 -15.8373 -15.6401 -15.45 -15.2669 -15.0907 -14.9213 -14.7586 -14.6027 -14.4535 -14.3111 -14.1756 -14.0472 -13.9262 -13.8128 -13.7074 -13.6106 -13.5231 -13.4459 -13.38 -13.3273 -13.2899 -13.2711 -13.2757 -13.3112 -13.3901 -13.536 -13.8022 -14.3585 nan nan nan nan nan nan nan nan nan nan nan nan nan nan nan nan nan nan nan nan nan nan nan nan nan nan nan nan 
-18.6739 -18.38 -18.0968 -17.8237 -17.5603 -17.3062 -17.0609 -16.8241 -16.5955 -16.3748 -16.1617 -15.956 -15.7575 -15.566 -15.3814 -15.2035 -15.0323 -14.8677 -14.7096 -14.5581 -14.4131 -14.2749 -14.1434 -14.0188 -13.9014 -13.7916 -13.6896 -13.5962 -13.5119 -13.4377 -13.3748 -13.325 -13.2904 -13.2744 -13.2816 -13.3196 -13.401 -13.5494 -13.8179 -14.3765 nan nan nan nan nan nan nan nan nan nan nan nan nan nan nan nan nan nan nan nan nan nan nan nan nan nan nan 
-18.8017 -18.5072 -18.2233 -17.9495 -17.6853 -17.4304 -17.1842 -16.9465 -16.7169 -16.4952 -16.281 -16.0741 -15.8744 -15.6816 -15.4955 -15.3162 -15.1433 -14.9769 -14.8169 -14.6633 -14.516 -14.3752 -14.2409 -14.1132 -13.9923 -13.8785 -13.772 -13.6734 -13.5831 -13.502 -13.4308 -13.3708 -13.3238 -13.2919 -13.2785 -13.2883 -13.3289 -13.4126 -13.5634 -13.8342 -14.3949 nan nan nan nan nan nan nan nan nan nan nan nan nan nan nan nan nan nan nan nan nan nan nan nan nan nan 
-18.9285 -18.6333 -18.3488 -18.0743 -17.8094 -17.5536 -17.3067 -17.0681 -16.8376 -16.6149 -16.3997 -16.1917 -15.9908 -15.7968 -15.6094 -15.4286 -15.2543 -15.0862 -14.9244 -14.7689 -14.6195 -14.4764 -14.3395 -14.209 -14.085 -13.9676 -13.8573 -13.7541 -13.6587 -13.5715 -13.4933 -13.4251 -13.3679 -13.3236 -13.2944 -13.2836 -13.2959 -13.3388 -13.4249 -13.5779 -13.851 -14.4139 nan nan nan nan nan nan nan nan nan nan nan nan nan nan nan nan nan nan nan nan nan nan nan nan nan 
-19.0543 -18.7585 -18.4732 -18.1981 -17.9325 -17.676 -17.4283 -17.1889 -16.9575 -16.7339 -16.5177 -16.3088 -16.1068 -15.9116 -15.723 -15.5409 -15.3651 -15.1955 -15.0321 -14.8747 -14.7235 -14.5782 -14.439 -14.306 -14.1791 -14.0587 -13.9448 -13.8377 -13.7378 -13.6454 -13.5613 -13.486 -13.4205 -13.3661 -13.3244 -13.2978 -13.2894 -13.3041 -13.3494 -13.4378 -13.593 -13.8682 -14.4332 nan nan nan nan nan nan nan nan nan nan nan nan nan nan nan nan nan nan nan nan nan nan nan nan 
-19.179 -18.8826 -18.5968 -18.321 -18.0547 -17.7975 -17.549 -17.3089 -17.0767 -16.8522 -16.6351 -16.4252 -16.2222 -16.0259 -15.8362 -15.6528 -15.4757 -15.3047 -15.1398 -14.9808 -14.8277 -14.6805 -14.5392 -14.4039 -14.2745 -14.1512 -14.0342 -13.9236 -13.8197 -13.7229 -13.6335 -13.5523 -13.4798 -13.417 -13.3653 -13.3262 -13.302 -13.2961 -13.3131 -13.3607 -13.4513 -13.6087 -13.886 -14.453 nan nan nan nan nan nan nan nan nan nan nan nan nan nan nan nan nan nan nan nan nan nan nan 
-19.3027 -19.0057 -18.7193 -18.4429 -18.176 -17.9181 -17.669 -17.4281 -17.1951 -16.9698 -16.7519 -16.541 -16.3371 -16.1398 -15.949 -15.7644 -15.5861 -15.4138 -15.2474 -15.0869 -14.9322 -14.7832 -14.64 -14.5025 -14.3708 -14.245 -14.1251 -14.0114 -13.904 -13.8032 -13.7094 -13.623 -13.5445 -13.4748 -13.4147 -13.3655 -13.3288 -13.3071 -13.3035 -13.3229 -13.3726 -13.4654 -13.6249 -13.9042 -14.4733 nan nan nan nan nan nan nan nan nan nan nan nan nan nan nan nan nan nan nan nan nan nan 
-19.4254 -19.1279 -18.8409 -18.5639 -18.2964 -18.0379 -17.788 -17.5465 -17.3128 -17.0867 -16.8679 -16.6562 -16.4514 -16.2531 -16.0613 -15.8757 -15.6962 -15.5226 -15.3549 -15.193 -15.0368 -14.8862 -14.7411 -14.6017 -14.4679 -14.3398 -14.2174 -14.1008 -13.9903 -13.886 -13.7882 -13.6973 -13.6137 -13.538 -13.4709 -13.4133 -13.3666 -13.3324 -13.313 -13.3117 -13.3332 -13.3852 -13.4801 -13.6416 -13.9229 -14.4939 nan nan nan nan nan nan nan nan nan nan nan nan nan nan nan nan nan nan nan nan nan 
-19.5471 -19.2491 -18.9616 -18.684 -18.4159 -18.1568 -17.9063 -17.664 -17.4297 -17.2028 -16.9833 -16.7708 -16.5651 -16.3659 -16.1731 -15.9865 -15.8059 -15.6312 -15.4623 -15.299 -15.1414 -14.9892 -14.8426 -14.7014 -14.5656 -14.4354 -14.3107 -14.1916 -14.0783 -13.9708 -13.8695 -13.7747 -13.6865 -13.6057 -13.5326 -13.468 -13.413 -13.3687 -13.3368 -13.3197 -13.3206 -13.3443 -13.3983 -13.4953 -13.6588 -13.942 -14.5149 nan nan nan nan nan nan nan nan nan nan nan nan nan nan nan nan nan nan nan nan 
-19.6678 -19.3693 -19.0813 -18.8032 -18.5345 -18.2748 -18.0237 -17.7808 -17.5458 -17.3183 -17.098 -16.8847 -16.6782 -16.4781 -16.2844 -16.0968 -15.9152 -15.7395 -15.5694 -15.4049 -15.2459 -15.0924 -14.9442 -14.8014 -14.6638 -14.5317 -14.4048 -14.2834 -14.1675 -14.0573 -13.9529 -13.8545 -13.7624 -13.677 -13.5988 -13.5283 -13.4662 -13.4136 -13.3716 -13.342 -13.3271 -13.3302 -13.356 -13.4121 -13.511 -13.6764 -13.9616 -14.5363 nan nan nan nan nan nan nan nan nan nan nan nan nan nan nan nan nan nan nan 
-19.7876 -19.4886 -19.2001 -18.9215 -18.6523 -18.392 -18.1404 -17.8968 -17.6612 -17.433 -17.212 -16.998 -16.7907 -16.5898 -16.3952 -16.2067 -16.0242 -15.8474 -15.6762 -15.5106 -15.3504 -15.1955 -15.0459 -14.9015 -14.7624 -14.6284 -14.4997 -14.3762 -14.258 -14.1452 -14.0379 -13.9364 -13.8408 -13.7515 -13.6687 -13.5931 -13.525 -13.4654 -13.4151 -13.3754 -13.3481 -13.3353 -13.3405 -13.3683 -13.4264 -13.5272 -13.6945 -13.9815 -14.558 nan nan nan nan nan nan nan nan nan nan nan nan nan nan nan nan nan nan 
-19.9065 -19.607 -19.318 -19.0389 -18.7692 -18.5084 -18.2562 -18.0121 -17.7758 -17.5469 -17.3253 -17.1106 -16.9025 -16.7009 -16.5055 -16.3162 -16.1327 -15.9549 -15.7827 -15.616 -15.4547 -15.2986 -15.1476 -15.0019 -14.8612 -14.7256 -14.595 -14.4696 -14.3493 -14.2342 -14.1244 -14.0201 -13.9213 -13.8285 -13.7418 -13.6616 -13.5884 -13.5228 -13.4655 -13.4175 -13.38 -13.3548 -13.3442 -13.3514 -13.3812 -13.4412 -13.544 -13.7131 -14.0019 -14.5801 nan nan nan nan nan nan nan nan nan nan nan nan nan nan nan nan nan 
-20.0244 -19.7245 -19.4351 -19.1555 -18.8852 -18.624 -18.3712 -18.1265 -17.8896 -17.6602 -17.4379 -17.2225 -17.0138 -16.8114 -16.6152 -16.4251 -16.2407 -16.0621 -15.8889 -15.7212 -15.5587 -15.4015 -15.2493 -15.1022 -14.9601 -14.823 -14.6908 -14.5636 -14.4414 -14.3242 -14.2121 -14.1052 -14.0036 -13.9077 -13.8175 -13.7333 -13.6556 -13.5848 -13.5216 -13.4666 -13.4208 -13.3855 -13.3624 -13.3538 -13.3629 -13.3947 -13.4566 -13.5612 -13.7321 -14.0226 -14.6026 nan nan nan nan nan nan nan nan nan nan nan nan nan nan nan nan 
-20.1414 -19.8411 -19.5512 -19.2712 -19.0005 -18.7387 -18.4854 -18.2402 -18.0027 -17.7727 -17.5498 -17.3338 -17.1244 -16.9213 -16.7244 -16.5335 -16.3483 -16.1688 -15.9948 -15.826 -15.6626 -15.5042 -15.3509 -15.2026 -15.0592 -14.9206 -14.7869 -14.6581 -14.5341 -14.4149 -14.3007 -14.1915 -14.0874 -13.9886 -13.8953 -13.8076 -13.726 -13.6507 -13.5823 -13.5213 -13.4685 -13.4249 -13.3917 -13.3706 -13.364 -13.3751 -13.4088 -13.4725 -13.5788 -13.7515 -14.0438 -14.6254 nan nan nan nan nan nan nan nan nan nan nan nan nan nan nan 
-20.2576 -19.9568 -19.6665 -19.386 -19.1149 -18.8526 -18.5988 -18.3531 -18.1151 -17.8845 -17.6611 -17.4444 -17.2343 -17.0306 -16.833 -16.6413 -16.4554 -16.2751 -16.1002 -15.9306 -15.7661 -15.6068 -15.4524 -15.3029 -15.1583 -15.0184 -14.8833 -14.7529 -14.6272 -14.5063 -14.3901 -14.2788 -14.1725 -14.0711 -13.975 -13.8842 -13.799 -13.7198 -13.6469 -13.5807 -13.5219 -13.4713 -13.4298 -13.3986 -13.3795 -13.3749 -13.3879 -13.4234 -13.4889 -13.597 -13.7714 -14.0652 -14.6485 nan nan nan nan nan nan nan nan nan nan nan nan nan nan 
-20.3728 -20.0717 -19.781 -19.5 -19.2284 -18.9657 -18.7114 -18.4652 -18.2267 -17.9956 -17.7716 -17.5544 -17.3437 -17.1393 -16.9411 -16.7487 -16.562 -16.3809 -16.2052 -16.0347 -15.8694 -15.7091 -15.5537 -15.4031 -15.2573 -15.1162 -14.9797 -14.8479 -14.7208 -14.5982 -14.4803 -14.367 -14.2585 -14.1549 -14.0562 -13.9626 -13.8743 -13.7916 -13.7147 -13.644 -13.5801 -13.5235 -13.4749 -13.4354 -13.4063 -13.3891 -13.3863 -13.4012 -13.4385 -13.5057 -13.6155 -13.7916 -14.0871 -14.6719 nan nan nan nan nan nan nan nan nan nan nan nan nan 
-20.4873 -20.1857 -19.8946 -19.6133 -19.3412 -19.0781 -18.8233 -18.5766 -18.3376 -18.106 -17.8814 -17.6637 -17.4524 -17.2474 -17.0485 -16.8555 -16.6681 -16.4863 -16.3098 -16.1385 -15.9723 -15.8111 -15.6547 -15.5031 -15.3562 -15.214 -15.0763 -14.9432 -14.8146 -14.6905 -14.5709 -14.4559 -14.3455 -14.2397 -14.1387 -14.0426 -13.9515 -13.8656 -13.7852 -13.7106 -13.6422 -13.5804 -13.5259 -13.4794 -13.4419 -13.4146 -13.3994 -13.3984 -13.4151 -13.4541 -13.523 -13.6345 -13.8122 -14.1093 -14.6956 nan nan nan nan nan nan nan nan nan nan nan nan 
-20.6008 -20.2989 -20.0074 -19.7257 -19.4532 -19.1896 -18.9344 -18.6873 -18.4478 -18.2157 -17.9906 -17.7723 -17.5605 -17.3549 -17.1554 -16.9617 -16.7737 -16.5911 -16.4139 -16.2419 -16.0748 -15.9128 -15.7555 -15.6029 -15.455 -15.3117 -15.1729 -15.0385 -14.9086 -14.7831 -14.662 -14.5453 -14.4331 -14.3254 -14.2223 -14.1239 -14.0302 -13.9415 -13.858 -13.7799 -13.7075 -13.6412 -13.5816 -13.5291 -13.4846 -13.449 -13.4237 -13.4102 -13.4111 -13.4295 -13.4702 -13.5408 -13.6539 -13.8332 -14.1318 -14.7197 nan nan nan nan nan nan nan nan nan nan nan 
-20.7136 -20.4113 -20.1194 -19.8373 -19.5644 -19.3004 -19.0448 -18.7972 -18.5573 -18.3247 -18.0991 -17.8803 -17.6679 -17.4618 -17.2617 -17.0674 -16.8787 -16.6955 -16.5176 -16.3448 -16.177 -16.0141 -15.856 -15.7025 -15.5537 -15.4093 -15.2694 -15.1339 -15.0027 -14.8759 -14.7534 -14.6352 -14.5214 -14.4119 -14.3068 -14.2063 -14.1103 -14.0191 -13.9328 -13.8515 -13.7756 -13.7054 -13.6412 -13.5836 -13.5331 -13.4905 -13.4569 -13.4333 -13.4217 -13.4243 -13.4444 -13.4868 -13.559 -13.6737 -13.8545 -14.1547 -14.744 nan nan nan nan nan nan nan nan nan nan 
-20.8255 -20.5229 -20.2306 -19.9481 -19.6749 -19.4105 -19.1544 -18.9064 -18.6661 -18.433 -18.2069 -17.9876 -17.7747 -17.5681 -17.3674 -17.1726 -16.9833 -16.7994 -16.6208 -16.4473 -16.2788 -16.1151 -15.9562 -15.8019 -15.6521 -15.5068 -15.3659 -15.2293 -15.097 -14.9689 -14.8451 -14.7255 -14.6101 -14.499 -14.3922 -14.2897 -14.1916 -14.0981 -14.0092 -13.9251 -13.8461 -13.7724 -13.7042 -13.6421 -13.5865 -13.5379 -13.4972 -13.4654 -13.4437 -13.4338 -13.4381 -13.4598 -13.5038 -13.5777 -13.6939 -13.8762 -14.1778 -14.7686 nan nan nan nan nan nan nan nan nan 
-20.9366 -20.6337 -20.341 -20.0582 -19.7846 -19.5198 -19.2634 -19.0149 -18.7741 -18.5406 -18.3141 -18.0943 -17.8809 -17.6738 -17.4726 -17.2771 -17.0873 -16.9028 -16.7236 -16.5494 -16.3802 -16.2158 -16.0561 -15.9009 -15.7503 -15.6041 -15.4622 -15.3246 -15.1912 -15.062 -14.9369 -14.816 -14.6992 -14.5866 -14.4781 -14.3738 -14.2738 -14.1782 -14.087 -14.0004 -13.9186 -13.8417 -13.7701 -13.704 -13.6438 -13.5901 -13.5435 -13.5046 -13.4746 -13.4546 -13.4464 -13.4524 -13.4757 -13.5213 -13.5967 -13.7145 -13.8983 -14.2013 -14.7935 nan nan nan nan nan nan nan nan 
-21.0469 -20.7437 -20.4507 -20.1675 -19.8935 -19.6283 -19.3715 -19.1227 -18.8815 -18.6476 -18.4206 -18.2003 -17.9865 -17.7788 -17.5771 -17.3812 -17.1907 -17.0057 -16.8258 -16.651 -16.4812 -16.316 -16.1556 -15.9997 -15.8482 -15.7012 -15.5584 -15.4198 -15.2854 -15.1551 -15.0289 -14.9068 -14.7887 -14.6746 -14.5646 -14.4587 -14.3569 -14.2593 -14.166 -14.0771 -13.9927 -13.913 -13.8383 -13.7687 -13.7046 -13.6464 -13.5946 -13.5497 -13.5127 -13.4844 -13.4661 -13.4596 -13.4672 -13.4921 -13.5393 -13.6162 -13.7354 -13.9206 -14.2251 -14.8187 nan nan nan nan nan nan nan 
-21.1565 -20.8529 -20.5596 -20.276 -20.0017 -19.7362 -19.479 -19.2298 -18.9882 -18.7538 -18.5265 -18.3058 -18.0914 -17.8833 -17.6811 -17.4846 -17.2937 -17.1081 -16.9276 -16.7522 -16.5817 -16.4159 -16.2548 -16.0981 -15.9459 -15.798 -15.6544 -15.5149 -15.3795 -15.2482 -15.1209 -14.9976 -14.8783 -14.7629 -14.6515 -14.5441 -14.4406 -14.3413 -14.2461 -14.155 -14.0683 -13.9861 -13.9085 -13.8358 -13.7682 -13.7061 -13.6497 -13.5997 -13.5567 -13.5214 -13.4948 -13.4782 -13.4733 -13.4825 -13.509 -13.5576 -13.636 -13.7567 -13.9433 -14.2492 -14.8441 nan nan nan nan nan nan 
-21.2653 -20.9614 -20.6678 -20.3839 -20.1092 -19.8433 -19.5858 -19.3362 -19.0942 -18.8595 -18.6317 -18.4105 -18.1958 -17.9872 -17.7845 -17.5875 -17.3961 -17.2099 -17.0289 -16.8529 -16.6818 -16.5154 -16.3536 -16.1962 -16.0433 -15.8946 -15.7502 -15.6098 -15.4735 -15.3413 -15.213 -15.0886 -14.9681 -14.8515 -14.7388 -14.6299 -14.525 -14.424 -14.327 -14.234 -14.1452 -14.0607 -13.9805 -13.905 -13.8343 -13.7686 -13.7083 -13.6538 -13.6057 -13.5644 -13.5308 -13.5058 -13.4908 -13.4875 -13.4983 -13.5263 -13.5764 -13.6562 -13.7783 -13.9663 -14.2735 -14.8697 nan nan nan nan nan 
-21.3733 -21.0691 -20.7752 -20.491 -20.216 -19.9498 -19.6919 -19.4419 -19.1996 -18.9644 -18.7362 -18.5147 -18.2995 -18.0905 -17.8873 -17.6899 -17.4979 -17.3113 -17.1297 -16.9532 -16.7815 -16.6145 -16.452 -16.294 -16.1403 -15.9909 -15.8457 -15.7046 -15.5674 -15.4342 -15.305 -15.1796 -15.058 -14.9403 -14.8263 -14.7161 -14.6098 -14.5072 -14.4086 -14.3139 -14.2231 -14.1365 -14.054 -13.976 -13.9024 -13.8336 -13.7698 -13.7114 -13.6587 -13.6123 -13.5727 -13.5407 -13.5174 -13.504 -13.5023 -13.5145 -13.544 -13.5956 -13.6768 -13.8002 -13.9896 -14.2981 -14.8957 nan nan nan nan 
-21.4806 -21.1761 -20.8819 -20.5974 -20.3221 -20.0555 -19.7973 -19.547 -19.3043 -19.0688 -18.8402 -18.6182 -18.4026 -18.1932 -17.9896 -17.7917 -17.5992 -17.4121 -17.2301 -17.053 -16.8807 -16.7131 -16.55 -16.3914 -16.2371 -16.087 -15.941 -15.7991 -15.6611 -15.5271 -15.3969 -15.2706 -15.148 -15.0291 -14.914 -14.8026 -14.6949 -14.591 -14.4908 -14.3945 -14.3019 -14.2134 -14.1288 -14.0484 -13.9723 -13.9007 -13.8338 -13.7719 -13.7152 -13.6643 -13.6196 -13.5816 -13.5513 -13.5296 -13.5177 -13.5175 -13.5312 -13.5621 -13.6151 -13.6977 -13.8225 -14.0132 -14.323 -14.9218 nan nan nan 
-21.5872 -21.2824 -20.9879 -20.7031 -20.4275 -20.1606 -19.902 -19.6514 -19.4083 -19.1725 -18.9435 -18.7212 -18.5052 -18.2953 -18.0913 -17.8929 -17.7 -17.5124 -17.3299 -17.1523 -16.9795 -16.8113 -16.6477 -16.4884 -16.3335 -16.1827 -16.036 -15.8934 -15.7546 -15.6198 -15.4888 -15.3615 -15.238 -15.1181 -15.0019 -14.8893 -14.7804 -14.6752 -14.5736 -14.4757 -14.3815 -14.2912 -14.2047 -14.1222 -14.0438 -13.9697 -13.8999 -13.8349 -13.7747 -13.7198 -13.6706 -13.6275 -13.5912 -13.5625 -13.5423 -13.532 -13.5332 -13.5483 -13.5807 -13.6351 -13.719 -13.8451 -14.0371 -14.3482 -14.9482 nan nan 
-21.6931 -21.388 -21.0932 -20.8081 -20.5322 -20.265 -20.0061 -19.7552 -19.5117 -19.2755 -19.0462 -18.8235 -18.6071 -18.3968 -18.1924 -17.9936 -17.8003 -17.6122 -17.4292 -17.2511 -17.0778 -16.9091 -16.7449 -16.5851 -16.4295 -16.2781 -16.1308 -15.9874 -15.8479 -15.7123 -15.5805 -15.4524 -15.3279 -15.2071 -15.0899 -14.9762 -14.8662 -14.7597 -14.6568 -14.5575 -14.4618 -14.3698 -14.2816 -14.1971 -14.1166 -14.0401 -13.9679 -13.9 -13.8367 -13.7783 -13.7251 -13.6776 -13.6361 -13.6014 -13.5742 -13.5555 -13.5467 -13.5494 -13.5659 -13.5996 -13.6554 -13.7406 -13.868 -14.0613 -14.3736 -14.9748 nan 
