nan nan nan nan nan nan nan nan nan nan nan nan nan nan nan nan nan nan nan nan nan nan nan nan nan nan nan nan nan nan nan nan nan nan nan nan nan nan nan nan nan nan nan nan nan nan nan nan nan nan nan nan nan nan nan nan nan nan nan nan nan nan nan nan nan nan nan 
-12.9546 nan nan nan nan nan nan nan nan nan nan nan nan nan nan nan nan nan nan nan nan nan nan nan nan nan nan nan nan nan nan nan nan nan nan nan nan nan nan nan nan nan nan nan nan nan nan nan nan nan nan nan nan nan nan nan nan nan nan nan nan nan nan nan nan nan nan 
-12.5888 -12.9509 nan nan nan nan nan nan nan nan nan nan nan nan nan nan nan nan nan nan nan nan nan nan nan nan nan nan nan nan nan nan nan nan nan nan nan nan nan nan nan nan nan nan nan nan nan nan nan nan nan nan nan nan nan nan nan nan nan nan nan nan nan nan nan nan nan 
-12.5024 -12.5768 -12.9494 nan nan nan nan nan nan nan nan nan nan nan nan nan nan nan nan nan nan nan nan nan nan nan nan nan nan nan nan nan nan nan nan nan nan nan nan nan nan nan nan nan nan nan nan nan nan nan nan nan nan nan nan nan nan nan nan nan nan nan nan nan nan nan nan 
-12.526 -12.4826 -12.5674 -12.9498 nan nan nan nan nan nan nan nan nan nan nan nan nan nan nan nan nan nan nan nan nan nan nan nan nan nan nan nan nan nan nan nan nan nan nan nan nan nan nan nan nan nan nan nan nan nan nan nan nan nan nan nan nan nan nan nan nan nan nan nan nan nan nan 
-12.6066 -12.4987 -12.4657 -12.5604 -12.9521 nan nan nan nan nan nan nan nan nan nan nan nan nan nan nan nan nan nan nan nan nan nan nan nan nan nan nan nan nan nan nan nan nan nan nan nan nan nan nan nan nan nan nan nan nan nan nan nan nan nan nan nan nan nan nan nan nan nan nan nan nan nan 
-12.7211 -12.5723 -12.4747 -12.4516 -12.5555 -12.9561 nan nan nan nan nan nan nan nan nan nan nan nan nan nan nan nan nan nan nan nan nan nan nan nan nan nan nan nan nan nan nan nan nan nan nan nan nan nan nan nan nan nan nan nan nan nan nan nan nan nan nan nan nan nan nan nan nan nan nan nan nan 
-12.8571 -12.68 -12.5416 -12.4538 -12.44 -12.5528 -12.9617 nan nan nan nan nan nan nan nan nan nan nan nan nan nan nan nan nan nan nan nan nan nan nan nan nan nan nan nan nan nan nan nan nan nan nan nan nan nan nan nan nan nan nan nan nan nan nan nan nan nan nan nan nan nan nan nan nan nan nan nan 
-13.0073 -12.8096 -12.6429 -12.5143 -12.4359 -12.4308 -12.552 -12.9688 nan nan nan nan nan nan nan nan nan nan nan nan nan nan nan nan nan nan nan nan nan nan nan nan nan nan nan nan nan nan nan nan nan nan nan nan nan nan nan nan nan nan nan nan nan nan nan nan nan nan nan nan nan nan nan nan nan nan nan 
-13.1672 -12.9537 -12.7664 -12.6095 -12.4902 -12.4206 -12.4239 -12.553 -12.9773 nan nan nan nan nan nan nan nan nan nan nan nan nan nan nan nan nan nan nan nan nan nan nan nan nan nan nan nan nan nan nan nan nan nan nan nan nan nan nan nan nan nan nan nan nan nan nan nan nan nan nan nan nan nan nan nan nan nan 
-13.3338 -13.1078 -12.9047 -12.7272 -12.5797 -12.4692 -12.4079 -12.4191 -12.5557 -12.9872 nan nan nan nan nan nan nan nan nan nan nan nan nan nan nan nan nan nan nan nan nan nan nan nan nan nan nan nan nan nan nan nan nan nan nan nan nan nan nan nan nan nan nan nan nan nan nan nan nan nan nan nan nan nan nan nan nan 
-13.505 -13.2689 -13.0533 -12.86 -12.6918 -12.553 -12.4509 -12.3975 -12.4163 -12.5601 -12.9984 nan nan nan nan nan nan nan nan nan nan nan nan nan nan nan nan nan nan nan nan nan nan nan nan nan nan nan nan nan nan nan nan nan nan nan nan nan nan nan nan nan nan nan nan nan nan nan nan nan nan nan nan nan nan nan nan 
-13.6791 -13.4347 -13.209 -13.0032 -12.8192 -12.6598 -12.5295 -12.4352 -12.3894 -12.4154 -12.566 -13.0109 nan nan nan nan nan nan nan nan nan nan nan nan nan nan nan nan nan nan nan nan nan nan nan nan nan nan nan nan nan nan nan nan nan nan nan nan nan nan nan nan nan nan nan nan nan nan nan nan nan nan nan nan nan nan nan 
-13.8553 -13.6038 -13.3697 -13.1539 -12.9574 -12.7822 -12.6312 -12.5087 -12.422 -12.3834 -12.4162 -12.5733 -13.0244 nan nan nan nan nan nan nan nan nan nan nan nan nan nan nan nan nan nan nan nan nan nan nan nan nan nan nan nan nan nan nan nan nan nan nan nan nan nan nan nan nan nan nan nan nan nan nan nan nan nan nan nan nan nan 
-14.0325 -13.775 -13.534 -13.3098 -13.1032 -12.9155 -12.7487 -12.6056 -12.4907 -12.4112 -12.3794 -12.4187 -12.582 -13.0391 nan nan nan nan nan nan nan nan nan nan nan nan nan nan nan nan nan nan nan nan nan nan nan nan nan nan nan nan nan nan nan nan nan nan nan nan nan nan nan nan nan nan nan nan nan nan nan nan nan nan nan nan nan 
-14.2102 -13.9476 -13.7006 -13.4693 -13.2544 -13.0567 -12.8774 -12.7184 -12.5829 -12.4751 -12.4025 -12.3772 -12.4227 -12.592 -13.0548 nan nan nan nan nan nan nan nan nan nan nan nan nan nan nan nan nan nan nan nan nan nan nan nan nan nan nan nan nan nan nan nan nan nan nan nan nan nan nan nan nan nan nan nan nan nan nan nan nan nan nan nan 
-14.388 -14.1209 -13.8687 -13.6315 -13.4095 -13.2034 -13.014 -12.8426 -12.6913 -12.5629 -12.462 -12.3958 -12.3768 -12.4283 -12.6033 -13.0715 nan nan nan nan nan nan nan nan nan nan nan nan nan nan nan nan nan nan nan nan nan nan nan nan nan nan nan nan nan nan nan nan nan nan nan nan nan nan nan nan nan nan nan nan nan nan nan nan nan nan nan 
-14.5655 -14.2944 -14.0376 -13.7953 -13.5673 -13.3542 -13.1565 -12.975 -12.8111 -12.6669 -12.5454 -12.451 -12.3911 -12.378 -12.4352 -12.6157 -13.0891 nan nan nan nan nan nan nan nan nan nan nan nan nan nan nan nan nan nan nan nan nan nan nan nan nan nan nan nan nan nan nan nan nan nan nan nan nan nan nan nan nan nan nan nan nan nan nan nan nan nan 
-14.7423 -14.4677 -14.207 -13.9601 -13.727 -13.5079 -13.3031 -13.1133 -12.9394 -12.7827 -12.6454 -12.5303 -12.4422 -12.3882 -12.3808 -12.4435 -12.6292 -13.1077 nan nan nan nan nan nan nan nan nan nan nan nan nan nan nan nan nan nan nan nan nan nan nan nan nan nan nan nan nan nan nan nan nan nan nan nan nan nan nan nan nan nan nan nan nan nan nan nan nan 
-14.9183 -14.6405 -14.3763 -14.1255 -13.8879 -13.6636 -13.4529 -13.256 -13.0737 -12.907 -12.7571 -12.6263 -12.5175 -12.4353 -12.3871 -12.3851 -12.453 -12.6438 -13.1271 nan nan nan nan nan nan nan nan nan nan nan nan nan nan nan nan nan nan nan nan nan nan nan nan nan nan nan nan nan nan nan nan nan nan nan nan nan nan nan nan nan nan nan nan nan nan nan nan 
-15.0933 -14.8127 -14.5454 -14.291 -14.0495 -13.8207 -13.6048 -13.4019 -13.2126 -13.0375 -12.8776 -12.7343 -12.6097 -12.5068 -12.4304 -12.3876 -12.3909 -12.4638 -12.6593 -13.1473 nan nan nan nan nan nan nan nan nan nan nan nan nan nan nan nan nan nan nan nan nan nan nan nan nan nan nan nan nan nan nan nan nan nan nan nan nan nan nan nan nan nan nan nan nan nan nan 
-15.2671 -14.984 -14.7139 -14.4564 -14.2113 -13.9786 -13.7581 -13.5502 -13.3549 -13.1727 -13.0045 -12.8511 -12.714 -12.5953 -12.4982 -12.4272 -12.3896 -12.3979 -12.4757 -12.6759 -13.1683 nan nan nan nan nan nan nan nan nan nan nan nan nan nan nan nan nan nan nan nan nan nan nan nan nan nan nan nan nan nan nan nan nan nan nan nan nan nan nan nan nan nan nan nan nan nan 
-15.4398 -15.1543 -14.8816 -14.6213 -14.3731 -14.1369 -13.9125 -13.7 -13.4995 -13.3114 -13.1361 -12.9744 -12.8272 -12.6961 -12.5831 -12.4915 -12.4257 -12.3931 -12.4063 -12.4887 -12.6933 -13.19 nan nan nan nan nan nan nan nan nan nan nan nan nan nan nan nan nan nan nan nan nan nan nan nan nan nan nan nan nan nan nan nan nan nan nan nan nan nan nan nan nan nan nan nan nan 
-15.6111 -15.3236 -15.0485 -14.7857 -14.5346 -14.2952 -14.0673 -13.8509 -13.6459 -13.4527 -13.2714 -13.1026 -12.9471 -12.8059 -12.6805 -12.573 -12.4865 -12.4258 -12.3981 -12.4159 -12.5027 -12.7116 -13.2125 nan nan nan nan nan nan nan nan nan nan nan nan nan nan nan nan nan nan nan nan nan nan nan nan nan nan nan nan nan nan nan nan nan nan nan nan nan nan nan nan nan nan nan nan 
-15.7811 -15.4916 -15.2144 -14.9492 -14.6957 -14.4535 -14.2224 -14.0025 -13.7935 -13.5958 -13.4093 -13.2346 -13.072 -12.9225 -12.787 -12.667 -12.5648 -12.4833 -12.4274 -12.4043 -12.4266 -12.5177 -12.7308 -13.2356 nan nan nan nan nan nan nan nan nan nan nan nan nan nan nan nan nan nan nan nan nan nan nan nan nan nan nan nan nan nan nan nan nan nan nan nan nan nan nan nan nan nan nan 
-15.9497 -15.6584 -15.3793 -15.112 -14.8561 -14.6113 -14.3775 -14.1543 -13.9419 -13.7402 -13.5492 -13.3693 -13.2008 -13.0442 -12.9004 -12.7703 -12.6556 -12.5584 -12.4818 -12.4305 -12.4119 -12.4384 -12.5337 -12.7507 -13.2594 nan nan nan nan nan nan nan nan nan nan nan nan nan nan nan nan nan nan nan nan nan nan nan nan nan nan nan nan nan nan nan nan nan nan nan nan nan nan nan nan nan nan 
-16.1168 -15.8238 -15.543 -15.2737 -15.0157 -14.7686 -14.5322 -14.3063 -14.0907 -13.8855 -13.6906 -13.5062 -13.3325 -13.1699 -13.019 -12.8806 -12.7558 -12.6461 -12.5537 -12.4818 -12.4349 -12.4206 -12.4513 -12.5505 -12.7715 -13.2838 nan nan nan nan nan nan nan nan nan nan nan nan nan nan nan nan nan nan nan nan nan nan nan nan nan nan nan nan nan nan nan nan nan nan nan nan nan nan nan nan nan 
-16.2825 -15.988 -15.7055 -15.4344 -15.1745 -14.9253 -14.6866 -14.4581 -14.2397 -14.0313 -13.8329 -13.6445 -13.4663 -13.2986 -13.1417 -12.9963 -12.8632 -12.7434 -12.6385 -12.5508 -12.4833 -12.4407 -12.4305 -12.4652 -12.5683 -12.7929 -13.3088 nan nan nan nan nan nan nan nan nan nan nan nan nan nan nan nan nan nan nan nan nan nan nan nan nan nan nan nan nan nan nan nan nan nan nan nan nan nan nan nan 
-16.4467 -16.1508 -15.8667 -15.594 -15.3323 -15.0812 -14.8403 -14.6095 -14.3886 -14.1774 -13.9758 -13.7839 -13.6018 -13.4296 -13.2675 -13.1162 -12.976 -12.8478 -12.7329 -12.6327 -12.5494 -12.4861 -12.4477 -12.4415 -12.48 -12.5868 -12.815 -13.3344 nan nan nan nan nan nan nan nan nan nan nan nan nan nan nan nan nan nan nan nan nan nan nan nan nan nan nan nan nan nan nan nan nan nan nan nan nan nan nan 
-16.6094 -16.3122 -16.0267 -15.7525 -15.4891 -15.2362 -14.9934 -14.7605 -14.5372 -14.3235 -14.1191 -13.9241 -13.7384 -13.5622 -13.3957 -13.2392 -13.093 -12.9579 -12.8345 -12.7242 -12.6285 -12.5494 -12.4904 -12.456 -12.4536 -12.4958 -12.6062 -12.8379 -13.3606 nan nan nan nan nan nan nan nan nan nan nan nan nan nan nan nan nan nan nan nan nan nan nan nan nan nan nan nan nan nan nan nan nan nan nan nan nan nan 
-16.7707 -16.4722 -16.1854 -15.9098 -15.6449 -15.3903 -15.1457 -14.9109 -14.6855 -14.4694 -14.2625 -14.0647 -13.8759 -13.6962 -13.5257 -13.3646 -13.2133 -13.0722 -12.9419 -12.8232 -12.7173 -12.6258 -12.551 -12.4959 -12.4653 -12.4667 -12.5125 -12.6263 -12.8613 -13.3873 nan nan nan nan nan nan nan nan nan nan nan nan nan nan nan nan nan nan nan nan nan nan nan nan nan nan nan nan nan nan nan nan nan nan nan nan nan 
-16.9305 -16.6309 -16.3428 -16.0659 -15.7996 -15.5435 -15.2972 -15.0606 -14.8333 -14.6151 -14.4058 -14.2054 -14.0138 -13.831 -13.657 -13.492 -13.3362 -13.1899 -13.0536 -12.9279 -12.8137 -12.7121 -12.6248 -12.5539 -12.5026 -12.4758 -12.4807 -12.5299 -12.6471 -12.8854 -13.4145 nan nan nan nan nan nan nan nan nan nan nan nan nan nan nan nan nan nan nan nan nan nan nan nan nan nan nan nan nan nan nan nan nan nan nan nan 
-17.0888 -16.7881 -16.4989 -16.2208 -15.9531 -15.6956 -15.4478 -15.2095 -14.9804 -14.7603 -14.5489 -14.3462 -14.1521 -13.9664 -13.7893 -13.6207 -13.461 -13.3102 -13.1687 -13.037 -12.9158 -12.8059 -12.7085 -12.6251 -12.5581 -12.5105 -12.4872 -12.4956 -12.5482 -12.6687 -12.9101 -13.4422 nan nan nan nan nan nan nan nan nan nan nan nan nan nan nan nan nan nan nan nan nan nan nan nan nan nan nan nan nan nan nan nan nan nan nan 
-17.2457 -16.944 -16.6537 -16.3744 -16.1055 -15.8467 -15.5975 -15.3577 -15.1269 -14.905 -14.6917 -14.4869 -14.2904 -14.1022 -13.9222 -13.7506 -13.5873 -13.4325 -13.2865 -13.1497 -13.0225 -12.9056 -12.7998 -12.7063 -12.6268 -12.5635 -12.5196 -12.4997 -12.5115 -12.5673 -12.6909 -12.9353 -13.4704 nan nan nan nan nan nan nan nan nan nan nan nan nan nan nan nan nan nan nan nan nan nan nan nan nan nan nan nan nan nan nan nan nan nan 
-17.4012 -17.0985 -16.8072 -16.5268 -16.2567 -15.9967 -15.7462 -15.5049 -15.2727 -15.0491 -14.834 -14.6272 -14.4286 -14.2381 -14.0556 -13.8811 -13.7147 -13.5564 -13.4065 -13.2652 -13.1328 -13.0099 -12.8971 -12.7953 -12.7057 -12.6299 -12.5701 -12.5297 -12.5132 -12.5282 -12.5871 -12.7137 -12.9611 -13.499 nan nan nan nan nan nan nan nan nan nan nan nan nan nan nan nan nan nan nan nan nan nan nan nan nan nan nan nan nan nan nan nan nan 
-17.5553 -17.2517 -16.9594 -16.678 -16.4068 -16.1456 -15.8938 -15.6513 -15.4176 -15.1925 -14.9758 -14.7672 -14.5667 -14.374 -14.1892 -14.0122 -13.8429 -13.6815 -13.5281 -13.3828 -13.2459 -13.1178 -12.9991 -12.8903 -12.7923 -12.7064 -12.6342 -12.5779 -12.5408 -12.5275 -12.5456 -12.6077 -12.7372 -12.9874 -13.5281 nan nan nan nan nan nan nan nan nan nan nan nan nan nan nan nan nan nan nan nan nan nan nan nan nan nan nan nan nan nan nan nan 
-17.708 -17.4035 -17.1103 -16.8279 -16.5557 -16.2934 -16.0405 -15.7967 -15.5617 -15.3352 -15.1169 -14.9067 -14.7044 -14.5098 -14.3229 -14.1435 -13.9717 -13.8075 -13.6509 -13.5021 -13.3613 -13.2287 -13.1048 -12.99 -12.885 -12.7908 -12.7085 -12.6397 -12.5868 -12.5529 -12.5428 -12.5639 -12.6289 -12.7612 -13.0142 -13.5576 nan nan nan nan nan nan nan nan nan nan nan nan nan nan nan nan nan nan nan nan nan nan nan nan nan nan nan nan nan nan nan 
-17.8593 -17.554 -17.2599 -16.9766 -16.7034 -16.4401 -16.1861 -15.9412 -15.7049 -15.4771 -15.2574 -15.0457 -14.8417 -14.6453 -14.4565 -14.275 -14.1009 -13.9341 -13.7747 -13.6228 -13.4784 -13.3419 -13.2134 -13.0935 -12.9826 -12.8813 -12.7906 -12.7118 -12.6464 -12.5967 -12.5659 -12.5588 -12.5829 -12.6507 -12.7859 -13.0415 -13.5875 nan nan nan nan nan nan nan nan nan nan nan nan nan nan nan nan nan nan nan nan nan nan nan nan nan nan nan nan nan nan 
-18.0092 -17.7031 -17.4083 -17.1241 -16.85 -16.5857 -16.3307 -16.0846 -15.8472 -15.6182 -15.3972 -15.184 -14.9785 -14.7805 -14.5898 -14.4064 -14.2302 -14.0611 -13.8992 -13.7444 -13.5969 -13.4569 -13.3245 -13.2 -13.0839 -12.9767 -12.879 -12.7918 -12.7163 -12.6542 -12.6076 -12.5799 -12.5757 -12.6027 -12.6732 -12.811 -13.0693 -13.6178 nan nan nan nan nan nan nan nan nan nan nan nan nan nan nan nan nan nan nan nan nan nan nan nan nan nan nan nan nan 
-18.1578 -17.851 -17.5553 -17.2703 -16.9954 -16.7302 -16.4742 -16.2271 -15.9886 -15.7584 -15.5362 -15.3217 -15.1148 -14.9152 -14.7229 -14.5378 -14.3596 -14.1884 -14.0241 -13.8668 -13.7165 -13.5733 -13.4374 -13.309 -13.1884 -13.076 -12.9724 -12.8782 -12.7943 -12.722 -12.663 -12.6195 -12.5947 -12.5934 -12.6231 -12.6963 -12.8367 -13.0975 -13.6485 nan nan nan nan nan nan nan nan nan nan nan nan nan nan nan nan nan nan nan nan nan nan nan nan nan nan nan nan 
-18.3051 -17.9976 -17.7012 -17.4154 -17.1397 -16.8736 -16.6167 -16.3686 -16.1291 -15.8978 -15.6744 -15.4587 -15.2505 -15.0495 -14.8557 -14.6688 -14.4889 -14.3157 -14.1494 -13.9897 -13.8369 -13.6909 -13.5518 -13.4199 -13.2954 -13.1785 -13.0696 -12.9695 -12.8786 -12.798 -12.7289 -12.6729 -12.6323 -12.6103 -12.6118 -12.6442 -12.72 -12.863 -13.1262 -13.6795 nan nan nan nan nan nan nan nan nan nan nan nan nan nan nan nan nan nan nan nan nan nan nan nan nan nan nan 
-18.4511 -18.1429 -17.8458 -17.5592 -17.2827 -17.0158 -16.7581 -16.5091 -16.2687 -16.0363 -15.8118 -15.595 -15.3855 -15.1832 -14.988 -14.7996 -14.618 -14.4431 -14.2747 -14.113 -13.9578 -13.8093 -13.6674 -13.5324 -13.4043 -13.2834 -13.1701 -13.0648 -12.968 -12.8803 -12.8029 -12.7368 -12.6837 -12.646 -12.6268 -12.6309 -12.6659 -12.7443 -12.8897 -13.1553 -13.7109 nan nan nan nan nan nan nan nan nan nan nan nan nan nan nan nan nan nan nan nan nan nan nan nan nan nan 
-18.5958 -18.2869 -17.9892 -17.7019 -17.4247 -17.157 -16.8984 -16.6486 -16.4072 -16.1739 -15.9484 -15.7305 -15.5198 -15.3163 -15.1197 -14.93 -14.7468 -14.5703 -14.4002 -14.2365 -14.0792 -13.9283 -13.7839 -13.6461 -13.5148 -13.3905 -13.2732 -13.1634 -13.0614 -12.9678 -12.8833 -12.8088 -12.7457 -12.6955 -12.6605 -12.644 -12.6507 -12.6882 -12.7691 -12.9168 -13.1848 -13.7427 nan nan nan nan nan nan nan nan nan nan nan nan nan nan nan nan nan nan nan nan nan nan nan nan nan 
-18.7392 -18.4298 -18.1314 -17.8435 -17.5655 -17.2971 -17.0378 -16.7871 -16.5449 -16.3106 -16.0842 -15.8652 -15.6535 -15.4488 -15.251 -15.0599 -14.8753 -14.6972 -14.5255 -14.36 -14.2008 -14.0478 -13.9011 -13.7607 -13.6267 -13.4992 -13.3784 -13.2646 -13.1581 -13.0593 -12.9688 -12.8874 -12.8159 -12.7556 -12.7081 -12.6758 -12.6619 -12.6712 -12.7112 -12.7944 -12.9445 -13.2147 -13.7748 nan nan nan nan nan nan nan nan nan nan nan nan nan nan nan nan nan nan nan nan nan nan nan nan 
-18.8815 -18.5714 -18.2724 -17.9839 -17.7052 -17.4361 -17.176 -16.9246 -16.6815 -16.4465 -16.2191 -15.9991 -15.7864 -15.5806 -15.3817 -15.1893 -15.0035 -14.8239 -14.6507 -14.4836 -14.3226 -14.1676 -14.0188 -13.8761 -13.7395 -13.6092 -13.4852 -13.3679 -13.2575 -13.1542 -13.0586 -12.9712 -12.8926 -12.824 -12.7664 -12.7217 -12.692 -12.6806 -12.6923 -12.7347 -12.8202 -12.9725 -13.2449 -13.8072 nan nan nan nan nan nan nan nan nan nan nan nan nan nan nan nan nan nan nan nan nan nan nan 
-19.0225 -18.7119 -18.4123 -18.1231 -17.8438 -17.574 -17.3133 -17.0611 -16.8173 -16.5814 -16.3531 -16.1323 -15.9185 -15.7118 -15.5117 -15.3182 -15.1311 -14.9503 -14.7756 -14.6069 -14.4443 -14.2876 -14.1368 -13.992 -13.8531 -13.7202 -13.5935 -13.473 -13.3591 -13.2518 -13.1517 -13.0591 -12.9746 -12.899 -12.8331 -12.7782 -12.736 -12.7089 -12.6999 -12.7141 -12.7587 -12.8465 -13.001 -13.2756 -13.8399 nan nan nan nan nan nan nan nan nan nan nan nan nan nan nan nan nan nan nan nan nan nan 
-19.1623 -18.8512 -18.551 -18.2612 -17.9814 -17.7109 -17.4495 -17.1966 -16.952 -16.7153 -16.4863 -16.2646 -16.0499 -15.8422 -15.6411 -15.4465 -15.2583 -15.0762 -14.9002 -14.7301 -14.566 -14.4076 -14.2551 -14.1083 -13.9673 -13.8321 -13.7028 -13.5795 -13.4624 -13.3517 -13.2476 -13.1505 -13.0609 -12.9792 -12.9063 -12.8431 -12.7909 -12.7512 -12.7265 -12.72 -12.7364 -12.7833 -12.8733 -13.03 -13.3065 -13.8729 nan nan nan nan nan nan nan nan nan nan nan nan nan nan nan nan nan nan nan nan nan 
-19.301 -18.9893 -18.6886 -18.3983 -18.1178 -17.8468 -17.5847 -17.3311 -17.0858 -16.8484 -16.6186 -16.3961 -16.1806 -15.9719 -15.7699 -15.5743 -15.3849 -15.2017 -15.0244 -14.8531 -14.6875 -14.5276 -14.3734 -14.2248 -14.0819 -13.9446 -13.813 -13.6872 -13.5672 -13.4534 -13.3458 -13.2447 -13.1506 -13.0638 -12.9849 -12.9147 -12.8541 -12.8043 -12.7672 -12.7448 -12.7406 -12.7593 -12.8084 -12.9005 -13.0593 -13.3379 -13.9062 nan nan nan nan nan nan nan nan nan nan nan nan nan nan nan nan nan nan nan nan 
-19.4385 -19.1263 -18.8251 -18.5342 -18.2532 -17.9816 -17.7189 -17.4647 -17.2187 -16.9806 -16.75 -16.5267 -16.3104 -16.1009 -15.8979 -15.7014 -15.511 -15.3267 -15.1483 -14.9757 -14.8088 -14.6475 -14.4917 -14.3415 -14.1968 -14.0576 -13.9238 -13.7957 -13.6732 -13.5566 -13.4458 -13.3413 -13.2432 -13.1519 -13.0678 -12.9916 -12.924 -12.8659 -12.8186 -12.7838 -12.7638 -12.7619 -12.7827 -12.834 -12.9282 -13.0889 -13.3695 -13.9397 nan nan nan nan nan nan nan nan nan nan nan nan nan nan nan nan nan nan nan 
-19.5749 -19.2622 -18.9605 -18.6691 -18.3876 -18.1153 -17.8521 -17.5973 -17.3507 -17.1119 -16.8806 -16.6565 -16.4395 -16.2291 -16.0253 -15.8278 -15.6365 -15.4512 -15.2717 -15.0979 -14.9298 -14.7671 -14.61 -14.4582 -14.3119 -14.1709 -14.0352 -13.905 -13.7802 -13.6609 -13.5474 -13.4397 -13.3381 -13.2428 -13.1543 -13.0729 -12.9993 -12.9343 -12.8786 -12.8337 -12.8012 -12.7835 -12.7837 -12.8067 -12.86 -12.9562 -13.119 -13.4015 -13.9736 nan nan nan nan nan nan nan nan nan nan nan nan nan nan nan nan nan nan 
-19.7101 -19.397 -19.0948 -18.803 -18.5209 -18.2481 -17.9843 -17.7289 -17.4817 -17.2422 -17.0103 -16.7855 -16.5677 -16.3566 -16.152 -15.9536 -15.7614 -15.5751 -15.3946 -15.2197 -15.0504 -14.8866 -14.7281 -14.5749 -14.427 -14.2844 -14.1469 -14.0148 -13.8879 -13.7663 -13.6502 -13.5397 -13.435 -13.3362 -13.2437 -13.1578 -13.0791 -13.008 -12.9454 -12.8921 -12.8496 -12.8193 -12.8038 -12.8061 -12.8312 -12.8866 -12.9847 -13.1494 -13.4338 -14.0077 nan nan nan nan nan nan nan nan nan nan nan nan nan nan nan nan nan 
-19.8443 -19.5308 -19.2281 -18.9358 -18.6532 -18.3799 -18.1155 -17.8596 -17.6118 -17.3717 -17.1391 -16.9137 -16.6952 -16.4833 -16.2779 -16.0788 -15.8857 -15.6984 -15.517 -15.3411 -15.1707 -15.0057 -14.846 -14.6915 -14.5422 -14.398 -14.2589 -14.125 -13.9961 -13.8725 -13.7541 -13.641 -13.5334 -13.4315 -13.3355 -13.2457 -13.1625 -13.0862 -13.0176 -12.9574 -12.9065 -12.8661 -12.8381 -12.8247 -12.8291 -12.8562 -12.9135 -13.0136 -13.1802 -13.4664 -14.0421 nan nan nan nan nan nan nan nan nan nan nan nan nan nan nan nan 
-19.9775 -19.6635 -19.3604 -19.0675 -18.7845 -18.5107 -18.2458 -17.9893 -17.741 -17.5003 -17.2671 -17.0411 -16.8219 -16.6093 -16.4032 -16.2032 -16.0093 -15.8212 -15.6388 -15.462 -15.2906 -15.1245 -14.9636 -14.8079 -14.6573 -14.5117 -14.3711 -14.2355 -14.1049 -13.9793 -13.8587 -13.7434 -13.6332 -13.5285 -13.4294 -13.3361 -13.2488 -13.1681 -13.0944 -13.0281 -12.9702 -12.9215 -12.8834 -12.8575 -12.8461 -12.8526 -12.8817 -12.9409 -13.0429 -13.2113 -13.4992 -14.0767 nan nan nan nan nan nan nan nan nan nan nan nan nan nan nan 
-20.1095 -19.7951 -19.4916 -19.1983 -18.9148 -18.6406 -18.3751 -18.1182 -17.8692 -17.628 -17.3943 -17.1676 -16.9477 -16.7345 -16.5277 -16.327 -16.1323 -15.9434 -15.7602 -15.5824 -15.41 -15.2429 -15.081 -14.9241 -14.7722 -14.6253 -14.4833 -14.3462 -14.2139 -14.0865 -13.9641 -13.8466 -13.7341 -13.6269 -13.5249 -13.4285 -13.3377 -13.253 -13.1748 -13.1034 -13.0395 -12.9838 -12.9373 -12.9013 -12.8775 -12.8682 -12.8766 -12.9076 -12.9687 -13.0725 -13.2427 -13.5324 -14.1115 nan nan nan nan nan nan nan nan nan nan nan nan nan nan 
-20.2406 -19.9258 -19.6218 -19.3281 -19.0441 -18.7694 -18.5035 -18.2461 -17.9966 -17.7549 -17.5205 -17.2933 -17.0728 -16.859 -16.6515 -16.4501 -16.2546 -16.065 -15.8809 -15.7023 -15.529 -15.3609 -15.198 -15.04 -14.887 -14.7388 -14.5955 -14.4569 -14.3231 -14.1941 -14.0699 -13.9505 -13.8359 -13.7263 -13.6218 -13.5226 -13.4287 -13.3405 -13.2583 -13.1824 -13.1133 -13.0517 -12.9982 -12.9538 -12.9199 -12.8981 -12.8908 -12.9011 -12.934 -12.9969 -13.1025 -13.2744 -13.5658 -14.1466 nan nan nan nan nan nan nan nan nan nan nan nan nan 
-20.3706 -20.0554 -19.7511 -19.4569 -19.1725 -18.8974 -18.631 -18.3731 -18.1231 -17.8809 -17.646 -17.4182 -17.1971 -16.9827 -16.7745 -16.5725 -16.3763 -16.1859 -16.0011 -15.8216 -15.6475 -15.4785 -15.3146 -15.1556 -15.0015 -14.8522 -14.7076 -14.5677 -14.4325 -14.302 -14.1761 -14.0549 -13.9384 -13.8267 -13.7199 -13.6181 -13.5214 -13.4301 -13.3443 -13.2645 -13.1909 -13.1241 -13.0647 -13.0133 -12.971 -12.9392 -12.9193 -12.9139 -12.9261 -12.9608 -13.0255 -13.1329 -13.3064 -13.5995 -14.1819 nan nan nan nan nan nan nan nan nan nan nan nan 
-20.4996 -20.1841 -19.8793 -19.5848 -19.3 -19.0244 -18.7576 -18.4992 -18.2488 -18.006 -17.7706 -17.5423 -17.3207 -17.1056 -16.8968 -16.6941 -16.4973 -16.3062 -16.1206 -15.9404 -15.7655 -15.5956 -15.4308 -15.2709 -15.1157 -14.9653 -14.8196 -14.6785 -14.542 -14.41 -14.2826 -14.1597 -14.0415 -13.9278 -13.8189 -13.7148 -13.6156 -13.5214 -13.4325 -13.3492 -13.2717 -13.2004 -13.1357 -13.0784 -13.0291 -12.9889 -12.959 -12.9411 -12.9375 -12.9516 -12.9881 -13.0545 -13.1635 -13.3388 -13.6335 -14.2175 nan nan nan nan nan nan nan nan nan nan nan 
-20.6277 -20.3118 -20.0067 -19.7118 -19.4265 -19.1505 -18.8833 -18.6244 -18.3736 -18.1303 -17.8944 -17.6655 -17.4434 -17.2278 -17.0184 -16.8151 -16.6177 -16.4259 -16.2396 -16.0587 -15.883 -15.7123 -15.5466 -15.3857 -15.2296 -15.0782 -14.9314 -14.7891 -14.6514 -14.5181 -14.3893 -14.2649 -14.145 -14.0296 -13.9187 -13.8125 -13.7109 -13.6142 -13.5225 -13.4361 -13.355 -13.2798 -13.2106 -13.1482 -13.0929 -13.0457 -13.0074 -12.9794 -12.9634 -12.9616 -12.9775 -13.0157 -13.0839 -13.1945 -13.3714 -13.6677 -14.2532 nan nan nan nan nan nan nan nan nan nan 
-20.7548 -20.4385 -20.1331 -19.8378 -19.5522 -19.2758 -19.0081 -18.7488 -18.4975 -18.2538 -18.0174 -17.788 -17.5654 -17.3492 -17.1393 -16.9354 -16.7374 -16.5449 -16.358 -16.1764 -15.9999 -15.8284 -15.6619 -15.5002 -15.3432 -15.1908 -15.043 -14.8996 -14.7607 -14.6262 -14.4961 -14.3703 -14.2488 -14.1318 -14.0191 -13.911 -13.8073 -13.7083 -13.6141 -13.5248 -13.4406 -13.3618 -13.2887 -13.2218 -13.1614 -13.1081 -13.0629 -13.0265 -13.0004 -12.9862 -12.9862 -13.0038 -13.0437 -13.1136 -13.2258 -13.4043 -13.7021 -14.2891 nan nan nan nan nan nan nan nan nan 
-20.881 -20.5644 -20.2585 -19.9629 -19.6769 -19.4001 -19.1321 -18.8723 -18.6206 -18.3765 -18.1396 -17.9097 -17.6866 -17.4699 -17.2595 -17.055 -16.8564 -16.6633 -16.4758 -16.2934 -16.1163 -15.9441 -15.7768 -15.6143 -15.4564 -15.3031 -15.1543 -15.0099 -14.8699 -14.7343 -14.6029 -14.4758 -14.3529 -14.2344 -14.1201 -14.0101 -13.9045 -13.8034 -13.7069 -13.615 -13.528 -13.4461 -13.3695 -13.2986 -13.2337 -13.1753 -13.1241 -13.0807 -13.0462 -13.0219 -13.0095 -13.0113 -13.0306 -13.0722 -13.1436 -13.2574 -13.4374 -13.7368 -14.3253 nan nan nan nan nan nan nan nan 
-21.0062 -20.6893 -20.3831 -20.0871 -19.8007 -19.5236 -19.2551 -18.995 -18.7429 -18.4983 -18.261 -18.0307 -17.8071 -17.5899 -17.3789 -17.1739 -16.9747 -16.7811 -16.5929 -16.4099 -16.2321 -16.0592 -15.8912 -15.7279 -15.5692 -15.4151 -15.2653 -15.12 -14.979 -14.8422 -14.7097 -14.5814 -14.4572 -14.3372 -14.2214 -14.1098 -14.0024 -13.8994 -13.8007 -13.7065 -13.617 -13.5323 -13.4526 -13.3781 -13.3093 -13.2464 -13.19 -13.1406 -13.0992 -13.0665 -13.044 -13.0333 -13.0368 -13.0577 -13.1009 -13.1739 -13.2894 -13.4709 -13.7716 -14.3616 nan nan nan nan nan nan nan 
-21.1306 -20.8133 -20.5068 -20.2104 -19.9237 -19.6462 -19.3774 -19.1169 -18.8643 -18.6193 -18.3816 -18.1508 -17.9268 -17.7091 -17.4976 -17.2921 -17.0924 -16.8982 -16.7094 -16.5259 -16.3474 -16.1738 -16.0051 -15.8411 -15.6816 -15.5266 -15.3761 -15.2298 -15.0878 -14.9501 -14.8164 -14.6869 -14.5615 -14.4402 -14.323 -14.2099 -14.1009 -13.996 -13.8954 -13.7992 -13.7073 -13.62 -13.5375 -13.4599 -13.3876 -13.3207 -13.2598 -13.2053 -13.1579 -13.1182 -13.0874 -13.0666 -13.0576 -13.0628 -13.0853 -13.1301 -13.2046 -13.3215 -13.5045 -13.8068 -14.3981 nan nan nan nan nan nan 
-21.254 -20.9364 -20.6296 -20.3329 -20.0459 -19.768 -19.4988 -19.2379 -18.985 -18.7396 -18.5014 -18.2703 -18.0457 -17.8276 -17.6157 -17.4097 -17.2094 -17.0147 -16.8253 -16.6412 -16.4621 -16.2879 -16.1185 -15.9538 -15.7936 -15.6378 -15.4864 -15.3393 -15.1964 -15.0577 -14.9231 -14.7925 -14.6659 -14.5434 -14.4248 -14.3103 -14.1998 -14.0933 -13.9909 -13.8927 -13.7987 -13.7091 -13.6241 -13.5437 -13.4682 -13.3978 -13.333 -13.274 -13.2214 -13.1757 -13.1379 -13.1088 -13.0897 -13.0824 -13.0891 -13.1132 -13.1596 -13.2356 -13.354 -13.5384 -13.8421 -14.4348 nan nan nan nan nan 
-21.3766 -21.0587 -20.7515 -20.4545 -20.1671 -19.8889 -19.6194 -19.3582 -19.1048 -18.8591 -18.6205 -18.3889 -18.164 -17.9454 -17.733 -17.5265 -17.3257 -17.1305 -16.9406 -16.7559 -16.5762 -16.4014 -16.2314 -16.066 -15.9051 -15.7486 -15.5965 -15.4485 -15.3048 -15.1651 -15.0295 -14.8979 -14.7703 -14.6466 -14.5268 -14.4109 -14.299 -14.191 -14.087 -13.987 -13.8911 -13.7994 -13.712 -13.6291 -13.5507 -13.4773 -13.4089 -13.346 -13.2888 -13.2381 -13.1942 -13.1581 -13.1307 -13.1133 -13.1075 -13.1159 -13.1416 -13.1894 -13.2669 -13.3868 -13.5726 -13.8776 -14.4717 nan nan nan nan 
-21.4983 -21.1801 -20.8726 -20.5753 -20.2876 -20.0091 -19.7392 -19.4776 -19.2239 -18.9778 -18.7388 -18.5068 -18.2815 -18.0625 -17.8496 -17.6427 -17.4414 -17.2457 -17.0553 -16.8701 -16.6898 -16.5144 -16.3438 -16.1777 -16.0162 -15.859 -15.7061 -15.5574 -15.4128 -15.2723 -15.1358 -15.0032 -14.8746 -14.7498 -14.6289 -14.5118 -14.3985 -14.2891 -14.1835 -14.0819 -13.9842 -13.8906 -13.8011 -13.7158 -13.635 -13.5587 -13.4872 -13.4207 -13.3597 -13.3044 -13.2554 -13.2133 -13.1789 -13.1531 -13.1373 -13.1332 -13.143 -13.1702 -13.2195 -13.2985 -13.4198 -13.607 -13.9133 -14.5088 nan nan nan 
-21.6191 -21.3007 -20.9929 -20.6953 -20.4073 -20.1284 -19.8582 -19.5963 -19.3422 -19.0957 -18.8564 -18.624 -18.3982 -18.1788 -17.9655 -17.7582 -17.5565 -17.3603 -17.1694 -16.9836 -16.8028 -16.6269 -16.4556 -16.289 -16.1268 -15.9689 -15.8153 -15.6659 -15.5206 -15.3792 -15.2419 -15.1084 -14.9788 -14.853 -14.7309 -14.6127 -14.4982 -14.3874 -14.2805 -14.1773 -14.078 -13.9826 -13.8912 -13.8038 -13.7206 -13.6418 -13.5675 -13.4979 -13.4333 -13.3741 -13.3206 -13.2733 -13.2329 -13.2001 -13.176 -13.1618 -13.1592 -13.1706 -13.1992 -13.25 -13.3304 -13.453 -13.6416 -13.9493 -14.546 nan nan 
-21.7392 -21.4204 -21.1124 -20.8144 -20.5261 -20.2469 -19.9764 -19.7141 -19.4598 -19.2129 -18.9732 -18.7405 -18.5143 -18.2945 -18.0808 -17.873 -17.6708 -17.4742 -17.2828 -17.0965 -16.9152 -16.7388 -16.567 -16.3997 -16.2369 -16.0784 -15.9242 -15.774 -15.6279 -15.4859 -15.3477 -15.2133 -15.0828 -14.956 -14.833 -14.7136 -14.598 -14.486 -14.3777 -14.2732 -14.1723 -14.0753 -13.9821 -13.8928 -13.8075 -13.7263 -13.6495 -13.5771 -13.5094 -13.4466 -13.3892 -13.3374 -13.2918 -13.2531 -13.2219 -13.1994 -13.1867 -13.1856 -13.1985 -13.2286 -13.2808 -13.3625 -13.4865 -13.6764 -13.9854 -14.5833 nan 
