nan nan nan nan nan nan nan nan nan nan nan nan nan nan nan nan nan nan nan nan nan nan nan nan nan nan nan nan nan nan nan nan nan nan nan nan nan nan nan nan nan nan nan nan nan nan nan nan nan nan nan nan nan nan nan nan nan nan nan nan nan nan nan nan nan nan nan 
-11.7889 nan nan nan nan nan nan nan nan nan nan nan nan nan nan nan nan nan nan nan nan nan nan nan nan nan nan nan nan nan nan nan nan nan nan nan nan nan nan nan nan nan nan nan nan nan nan nan nan nan nan nan nan nan nan nan nan nan nan nan nan nan nan nan nan nan nan 
-11.4184 -11.8015 nan nan nan nan nan nan nan nan nan nan nan nan nan nan nan nan nan nan nan nan nan nan nan nan nan nan nan nan nan nan nan nan nan nan nan nan nan nan nan nan nan nan nan nan nan nan nan nan nan nan nan nan nan nan nan nan nan nan nan nan nan nan nan nan nan 
-11.3275 -11.4228 -11.8157 nan nan nan nan nan nan nan nan nan nan nan nan nan nan nan nan nan nan nan nan nan nan nan nan nan nan nan nan nan nan nan nan nan nan nan nan nan nan nan nan nan nan nan nan nan nan nan nan nan nan nan nan nan nan nan nan nan nan nan nan nan nan nan nan 
-11.3467 -11.3242 -11.4293 -11.8314 nan nan nan nan nan nan nan nan nan nan nan nan nan nan nan nan nan nan nan nan nan nan nan nan nan nan nan nan nan nan nan nan nan nan nan nan nan nan nan nan nan nan nan nan nan nan nan nan nan nan nan nan nan nan nan nan nan nan nan nan nan nan nan 
-11.423 -11.3359 -11.3232 -11.4376 -11.8484 nan nan nan nan nan nan nan nan nan nan nan nan nan nan nan nan nan nan nan nan nan nan nan nan nan nan nan nan nan nan nan nan nan nan nan nan nan nan nan nan nan nan nan nan nan nan nan nan nan nan nan nan nan nan nan nan nan nan nan nan nan nan 
-11.5333 -11.4053 -11.328 -11.3245 -11.4476 -11.8668 nan nan nan nan nan nan nan nan nan nan nan nan nan nan nan nan nan nan nan nan nan nan nan nan nan nan nan nan nan nan nan nan nan nan nan nan nan nan nan nan nan nan nan nan nan nan nan nan nan nan nan nan nan nan nan nan nan nan nan nan nan 
-11.6651 -11.5089 -11.3907 -11.3227 -11.328 -11.4593 -11.8863 nan nan nan nan nan nan nan nan nan nan nan nan nan nan nan nan nan nan nan nan nan nan nan nan nan nan nan nan nan nan nan nan nan nan nan nan nan nan nan nan nan nan nan nan nan nan nan nan nan nan nan nan nan nan nan nan nan nan nan nan 
-11.8113 -11.6344 -11.488 -11.3791 -11.3198 -11.3333 -11.4726 -11.907 nan nan nan nan nan nan nan nan nan nan nan nan nan nan nan nan nan nan nan nan nan nan nan nan nan nan nan nan nan nan nan nan nan nan nan nan nan nan nan nan nan nan nan nan nan nan nan nan nan nan nan nan nan nan nan nan nan nan nan 
-11.9672 -11.7746 -11.6075 -11.4704 -11.3702 -11.3191 -11.3406 -11.4873 -11.9288 nan nan nan nan nan nan nan nan nan nan nan nan nan nan nan nan nan nan nan nan nan nan nan nan nan nan nan nan nan nan nan nan nan nan nan nan nan nan nan nan nan nan nan nan nan nan nan nan nan nan nan nan nan nan nan nan nan nan 
-12.1299 -11.9248 -11.7419 -11.5841 -11.4557 -11.3638 -11.3206 -11.3495 -11.5033 -11.9515 nan nan nan nan nan nan nan nan nan nan nan nan nan nan nan nan nan nan nan nan nan nan nan nan nan nan nan nan nan nan nan nan nan nan nan nan nan nan nan nan nan nan nan nan nan nan nan nan nan nan nan nan nan nan nan nan nan 
-12.2972 -12.082 -11.8866 -11.713 -11.564 -11.4439 -11.3598 -11.3241 -11.36 -11.5206 -11.9753 nan nan nan nan nan nan nan nan nan nan nan nan nan nan nan nan nan nan nan nan nan nan nan nan nan nan nan nan nan nan nan nan nan nan nan nan nan nan nan nan nan nan nan nan nan nan nan nan nan nan nan nan nan nan nan nan 
-12.4676 -12.244 -12.0386 -11.8525 -11.6877 -11.5469 -11.4346 -11.358 -11.3294 -11.3721 -11.5391 -11.9999 nan nan nan nan nan nan nan nan nan nan nan nan nan nan nan nan nan nan nan nan nan nan nan nan nan nan nan nan nan nan nan nan nan nan nan nan nan nan nan nan nan nan nan nan nan nan nan nan nan nan nan nan nan nan nan 
-12.64 -12.4094 -12.1956 -11.9995 -11.8221 -11.6656 -11.5326 -11.4278 -11.3583 -11.3364 -11.3856 -11.5587 -12.0254 nan nan nan nan nan nan nan nan nan nan nan nan nan nan nan nan nan nan nan nan nan nan nan nan nan nan nan nan nan nan nan nan nan nan nan nan nan nan nan nan nan nan nan nan nan nan nan nan nan nan nan nan nan nan 
-12.8136 -12.577 -12.3562 -12.1517 -11.9643 -11.7953 -11.6465 -11.5211 -11.4233 -11.3606 -11.3451 -11.4004 -11.5794 -12.0516 nan nan nan nan nan nan nan nan nan nan nan nan nan nan nan nan nan nan nan nan nan nan nan nan nan nan nan nan nan nan nan nan nan nan nan nan nan nan nan nan nan nan nan nan nan nan nan nan nan nan nan nan nan 
-12.9878 -12.746 -12.5193 -12.3077 -12.112 -11.9328 -11.7716 -11.6303 -11.512 -11.421 -11.3647 -11.3553 -11.4165 -11.601 -12.0787 nan nan nan nan nan nan nan nan nan nan nan nan nan nan nan nan nan nan nan nan nan nan nan nan nan nan nan nan nan nan nan nan nan nan nan nan nan nan nan nan nan nan nan nan nan nan nan nan nan nan nan nan 
-13.162 -12.9158 -12.6838 -12.4663 -12.2635 -12.076 -11.9048 -11.751 -11.6168 -11.5052 -11.4207 -11.3705 -11.367 -11.4337 -11.6237 -12.1064 nan nan nan nan nan nan nan nan nan nan nan nan nan nan nan nan nan nan nan nan nan nan nan nan nan nan nan nan nan nan nan nan nan nan nan nan nan nan nan nan nan nan nan nan nan nan nan nan nan nan nan 
-13.336 -13.0858 -12.8494 -12.6267 -12.4179 -12.2234 -12.0438 -11.8799 -11.7333 -11.6058 -11.5006 -11.4222 -11.3779 -11.38 -11.4521 -11.6472 -12.1349 nan nan nan nan nan nan nan nan nan nan nan nan nan nan nan nan nan nan nan nan nan nan nan nan nan nan nan nan nan nan nan nan nan nan nan nan nan nan nan nan nan nan nan nan nan nan nan nan nan nan 
-13.5094 -13.2557 -13.0153 -12.7881 -12.5742 -12.3737 -12.187 -12.0149 -11.8581 -11.7182 -11.5972 -11.4981 -11.4256 -11.3869 -11.3944 -11.4716 -11.6716 -12.164 nan nan nan nan nan nan nan nan nan nan nan nan nan nan nan nan nan nan nan nan nan nan nan nan nan nan nan nan nan nan nan nan nan nan nan nan nan nan nan nan nan nan nan nan nan nan nan nan nan 
-13.682 -13.4252 -13.1813 -12.9501 -12.7317 -12.526 -12.3334 -12.1542 -11.9891 -11.8391 -11.7057 -11.5908 -11.4976 -11.4306 -11.3973 -11.4099 -11.4921 -11.6968 -12.1937 nan nan nan nan nan nan nan nan nan nan nan nan nan nan nan nan nan nan nan nan nan nan nan nan nan nan nan nan nan nan nan nan nan nan nan nan nan nan nan nan nan nan nan nan nan nan nan nan 
-13.8537 -13.594 -13.347 -13.1123 -12.89 -12.6798 -12.482 -12.2968 -12.1247 -11.9664 -11.8228 -11.6955 -11.5865 -11.4989 -11.4373 -11.4091 -11.4266 -11.5135 -11.7227 -12.2241 nan nan nan nan nan nan nan nan nan nan nan nan nan nan nan nan nan nan nan nan nan nan nan nan nan nan nan nan nan nan nan nan nan nan nan nan nan nan nan nan nan nan nan nan nan nan nan 
-14.0243 -13.7621 -13.5122 -13.2744 -13.0485 -12.8344 -12.6321 -12.4418 -12.2637 -12.0983 -11.9464 -11.809 -11.6875 -11.5841 -11.5019 -11.4454 -11.4221 -11.4444 -11.5358 -11.7494 -12.255 nan nan nan nan nan nan nan nan nan nan nan nan nan nan nan nan nan nan nan nan nan nan nan nan nan nan nan nan nan nan nan nan nan nan nan nan nan nan nan nan nan nan nan nan nan nan 
-14.1937 -13.9292 -13.6768 -13.4362 -13.2071 -12.9895 -12.7832 -12.5884 -12.4052 -12.2338 -12.0749 -11.9291 -11.7975 -11.6817 -11.5836 -11.5065 -11.455 -11.4364 -11.4633 -11.559 -11.7768 -12.2864 nan nan nan nan nan nan nan nan nan nan nan nan nan nan nan nan nan nan nan nan nan nan nan nan nan nan nan nan nan nan nan nan nan nan nan nan nan nan nan nan nan nan nan nan nan 
-14.3619 -14.0952 -13.8405 -13.5973 -13.3655 -13.1447 -12.9349 -12.7361 -12.5484 -12.3719 -12.207 -12.0542 -11.9143 -11.7883 -11.6778 -11.5849 -11.5127 -11.4659 -11.4519 -11.4831 -11.583 -11.8049 -12.3183 nan nan nan nan nan nan nan nan nan nan nan nan nan nan nan nan nan nan nan nan nan nan nan nan nan nan nan nan nan nan nan nan nan nan nan nan nan nan nan nan nan nan nan nan 
-14.5287 -14.2601 -14.0033 -13.7578 -13.5234 -13.2998 -13.0869 -12.8846 -12.6929 -12.5119 -12.3418 -12.183 -12.0361 -11.9018 -11.7812 -11.6758 -11.5879 -11.5204 -11.4781 -11.4685 -11.5038 -11.6078 -11.8336 -12.3508 nan nan nan nan nan nan nan nan nan nan nan nan nan nan nan nan nan nan nan nan nan nan nan nan nan nan nan nan nan nan nan nan nan nan nan nan nan nan nan nan nan nan nan 
-14.6942 -14.4238 -14.165 -13.9174 -13.6807 -13.4546 -13.2389 -13.0334 -12.8382 -12.6532 -12.4787 -12.3147 -12.1618 -12.0205 -11.8915 -11.7761 -11.6756 -11.5924 -11.5295 -11.4916 -11.4861 -11.5255 -11.6334 -11.8629 -12.3837 nan nan nan nan nan nan nan nan nan nan nan nan nan nan nan nan nan nan nan nan nan nan nan nan nan nan nan nan nan nan nan nan nan nan nan nan nan nan nan nan nan nan 
-14.8583 -14.5863 -14.3257 -14.0762 -13.8373 -13.6089 -13.3906 -13.1823 -12.9839 -12.7955 -12.6169 -12.4485 -12.2904 -12.1431 -12.0072 -11.8834 -11.7728 -11.6771 -11.5984 -11.5398 -11.5061 -11.5047 -11.548 -11.6596 -11.8927 -12.417 nan nan nan nan nan nan nan nan nan nan nan nan nan nan nan nan nan nan nan nan nan nan nan nan nan nan nan nan nan nan nan nan nan nan nan nan nan nan nan nan nan 
-15.0209 -14.7474 -14.4852 -14.2339 -13.9931 -13.7625 -13.5419 -13.3311 -13.1299 -12.9383 -12.7563 -12.5839 -12.4213 -12.2688 -12.1269 -11.9961 -11.8772 -11.7714 -11.6802 -11.6058 -11.5515 -11.5218 -11.5242 -11.5713 -11.6866 -11.9231 -12.4508 nan nan nan nan nan nan nan nan nan nan nan nan nan nan nan nan nan nan nan nan nan nan nan nan nan nan nan nan nan nan nan nan nan nan nan nan nan nan nan nan 
-15.1822 -14.9072 -14.6435 -14.3905 -14.1479 -13.9154 -13.6927 -13.4796 -13.2759 -13.0814 -12.8962 -12.7203 -12.5538 -12.3968 -12.2497 -12.1129 -11.987 -11.8729 -11.7716 -11.6848 -11.6146 -11.5643 -11.5385 -11.5447 -11.5954 -11.7141 -11.9541 -12.485 nan nan nan nan nan nan nan nan nan nan nan nan nan nan nan nan nan nan nan nan nan nan nan nan nan nan nan nan nan nan nan nan nan nan nan nan nan nan nan 
-15.342 -15.0657 -14.8005 -14.546 -14.3018 -14.0675 -13.8429 -13.6276 -13.4216 -13.2246 -13.0366 -12.8576 -12.6875 -12.5266 -12.375 -12.233 -12.1012 -11.98 -11.8704 -11.7734 -11.6908 -11.6247 -11.5783 -11.5562 -11.566 -11.6202 -11.7423 -11.9855 -12.5196 nan nan nan nan nan nan nan nan nan nan nan nan nan nan nan nan nan nan nan nan nan nan nan nan nan nan nan nan nan nan nan nan nan nan nan nan nan nan 
-15.5003 -15.2228 -14.9563 -14.7004 -14.4547 -14.2187 -13.9923 -13.7751 -13.567 -13.3677 -13.1771 -12.9953 -12.8221 -12.6577 -12.5021 -12.3556 -12.2186 -12.0914 -11.9748 -11.8695 -11.7768 -11.6982 -11.636 -11.5933 -11.5749 -11.5882 -11.6457 -11.7711 -12.0174 -12.5545 nan nan nan nan nan nan nan nan nan nan nan nan nan nan nan nan nan nan nan nan nan nan nan nan nan nan nan nan nan nan nan nan nan nan nan nan nan 
-15.6573 -15.3786 -15.1109 -14.8536 -14.6065 -14.369 -14.1409 -13.922 -13.7119 -13.5105 -13.3176 -13.1332 -12.9572 -12.7896 -12.6305 -12.4801 -12.3386 -12.2063 -12.0837 -11.9714 -11.8703 -11.7816 -11.7069 -11.6485 -11.6094 -11.5945 -11.6111 -11.6719 -11.8004 -12.0498 -12.5899 nan nan nan nan nan nan nan nan nan nan nan nan nan nan nan nan nan nan nan nan nan nan nan nan nan nan nan nan nan nan nan nan nan nan nan nan 
-15.8128 -15.533 -15.2641 -15.0057 -14.7572 -14.5183 -14.2887 -14.0681 -13.8562 -13.6529 -13.4579 -13.2712 -13.0926 -12.9222 -12.76 -12.6061 -12.4606 -12.3238 -12.196 -12.0777 -11.9697 -11.8726 -11.7878 -11.7169 -11.662 -11.6264 -11.6149 -11.6348 -11.6987 -11.8303 -12.0826 -12.6255 nan nan nan nan nan nan nan nan nan nan nan nan nan nan nan nan nan nan nan nan nan nan nan nan nan nan nan nan nan nan nan nan nan nan nan 
-15.9669 -15.6861 -15.4161 -15.1565 -14.9068 -14.6666 -14.4356 -14.2134 -13.9999 -13.7948 -13.5979 -13.409 -13.2282 -13.0552 -12.8902 -12.7331 -12.5841 -12.4433 -12.3111 -12.1876 -12.0736 -11.9696 -11.8764 -11.7954 -11.728 -11.6767 -11.6444 -11.6361 -11.6592 -11.7262 -11.8607 -12.1159 -12.6616 nan nan nan nan nan nan nan nan nan nan nan nan nan nan nan nan nan nan nan nan nan nan nan nan nan nan nan nan nan nan nan nan nan nan 
-16.1196 -15.8378 -15.5668 -15.3061 -15.0553 -14.8138 -14.5815 -14.3579 -14.1429 -13.9361 -13.7374 -13.5466 -13.3636 -13.1884 -13.0208 -12.8609 -12.7088 -12.5645 -12.4283 -12.3003 -12.1811 -12.0711 -11.971 -11.8816 -11.8042 -11.7403 -11.6923 -11.6633 -11.6582 -11.6843 -11.7542 -11.8916 -12.1495 -12.6979 nan nan nan nan nan nan nan nan nan nan nan nan nan nan nan nan nan nan nan nan nan nan nan nan nan nan nan nan nan nan nan nan nan 
-16.2709 -15.9882 -15.7163 -15.4546 -15.2026 -14.96 -14.7264 -14.5015 -14.2851 -14.0768 -13.8764 -13.6839 -13.499 -13.3216 -13.1517 -12.9893 -12.8343 -12.6869 -12.5471 -12.4153 -12.2915 -12.1764 -12.0702 -11.9738 -11.8881 -11.8141 -11.7537 -11.7089 -11.6831 -11.681 -11.71 -11.7828 -11.9229 -12.1836 -12.7345 nan nan nan nan nan nan nan nan nan nan nan nan nan nan nan nan nan nan nan nan nan nan nan nan nan nan nan nan nan nan nan nan 
-16.4209 -16.1373 -15.8645 -15.6018 -15.3488 -15.1051 -14.8704 -14.6443 -14.4265 -14.2167 -14.0149 -13.8207 -13.634 -13.4547 -13.2827 -13.1179 -12.9604 -12.8102 -12.6673 -12.5319 -12.4042 -12.2846 -12.1733 -12.0709 -11.9781 -11.8958 -11.8253 -11.768 -11.7264 -11.7037 -11.7045 -11.7364 -11.812 -11.9548 -12.218 -12.7714 nan nan nan nan nan nan nan nan nan nan nan nan nan nan nan nan nan nan nan nan nan nan nan nan nan nan nan nan nan nan nan 
-16.5695 -16.2851 -16.0114 -15.7478 -15.4938 -15.2491 -15.0133 -14.786 -14.567 -14.356 -14.1527 -13.957 -13.7686 -13.5875 -13.4136 -13.2467 -13.0869 -12.9341 -12.7884 -12.6499 -12.5187 -12.3951 -12.2793 -12.1718 -12.073 -11.9837 -11.9048 -11.8375 -11.7834 -11.7448 -11.725 -11.7287 -11.7634 -11.8416 -11.987 -12.2528 -12.8087 nan nan nan nan nan nan nan nan nan nan nan nan nan nan nan nan nan nan nan nan nan nan nan nan nan nan nan nan nan nan 
-16.7167 -16.4316 -16.1571 -15.8926 -15.6377 -15.3921 -15.1552 -14.9269 -14.7067 -14.4944 -14.2898 -14.0927 -13.9028 -13.7201 -13.5443 -13.3755 -13.2136 -13.0585 -12.9103 -12.7689 -12.6346 -12.5075 -12.3877 -12.2757 -12.1718 -12.0765 -11.9906 -11.9149 -11.8507 -11.7997 -11.7641 -11.7471 -11.7536 -11.7909 -11.8718 -12.0197 -12.2879 -12.8462 nan nan nan nan nan nan nan nan nan nan nan nan nan nan nan nan nan nan nan nan nan nan nan nan nan nan nan nan nan 
-16.8627 -16.5768 -16.3015 -16.0362 -15.7805 -15.5339 -15.2961 -15.0667 -14.8455 -14.632 -14.4262 -14.2277 -14.0365 -13.8522 -13.6748 -13.5042 -13.3404 -13.1832 -13.0326 -12.8887 -12.7516 -12.6213 -12.498 -12.382 -12.2736 -12.1732 -12.0813 -11.9986 -11.9261 -11.865 -11.8169 -11.7842 -11.77 -11.7791 -11.819 -11.9024 -12.0527 -12.3233 -12.8839 nan nan nan nan nan nan nan nan nan nan nan nan nan nan nan nan nan nan nan nan nan nan nan nan nan nan nan nan 
-17.0074 -16.7208 -16.4448 -16.1787 -15.9222 -15.6747 -15.436 -15.2057 -14.9834 -14.7688 -14.5618 -14.3621 -14.1695 -13.9839 -13.805 -13.6327 -13.4671 -13.3079 -13.1553 -13.0091 -12.8694 -12.7363 -12.6099 -12.4904 -12.378 -12.2731 -12.176 -12.0874 -12.0079 -11.9384 -11.8802 -11.835 -11.805 -11.7935 -11.8052 -11.8477 -11.9335 -12.0862 -12.3591 -12.9219 nan nan nan nan nan nan nan nan nan nan nan nan nan nan nan nan nan nan nan nan nan nan nan nan nan nan nan 
-17.1508 -16.8636 -16.5868 -16.32 -16.0627 -15.8144 -15.5748 -15.3436 -15.1203 -14.9048 -14.6967 -14.4958 -14.302 -14.115 -13.9347 -13.7609 -13.5936 -13.4327 -13.2781 -13.1298 -12.9878 -12.8522 -12.7229 -12.6003 -12.4844 -12.3755 -12.274 -12.1802 -12.0947 -12.0182 -11.9517 -11.8964 -11.8539 -11.8266 -11.8177 -11.8319 -11.8768 -11.965 -12.12 -12.3951 -12.9602 nan nan nan nan nan nan nan nan nan nan nan nan nan nan nan nan nan nan nan nan nan nan nan nan nan nan 
-17.2929 -17.0051 -16.7276 -16.4601 -16.2021 -15.953 -15.7127 -15.4805 -15.2564 -15.0399 -14.8308 -14.6288 -14.4338 -14.2456 -14.064 -13.8888 -13.72 -13.5574 -13.401 -13.2507 -13.1066 -12.9687 -12.8369 -12.7115 -12.5924 -12.48 -12.3745 -12.2762 -12.1856 -12.1031 -12.0296 -11.9659 -11.9134 -11.8736 -11.8489 -11.8425 -11.8592 -11.9065 -11.9969 -12.1542 -12.4315 -12.9986 nan nan nan nan nan nan nan nan nan nan nan nan nan nan nan nan nan nan nan nan nan nan nan nan nan 
-17.4339 -17.1454 -16.8673 -16.5991 -16.3404 -16.0906 -15.8494 -15.6165 -15.3915 -15.1741 -14.964 -14.761 -14.565 -14.3756 -14.1927 -14.0162 -13.846 -13.6819 -13.5238 -13.3718 -13.2258 -13.0857 -12.9516 -12.8236 -12.7018 -12.5862 -12.4772 -12.375 -12.2798 -12.1922 -12.1127 -12.042 -11.9811 -11.9312 -11.8941 -11.8719 -11.8679 -11.887 -11.9366 -12.0293 -12.1887 -12.4682 -13.0374 nan nan nan nan nan nan nan nan nan nan nan nan nan nan nan nan nan nan nan nan nan nan nan nan 
-17.5736 -17.2845 -17.0058 -16.737 -16.4776 -16.2271 -15.9852 -15.7515 -15.5257 -15.3074 -15.0964 -14.8925 -14.6954 -14.5049 -14.3209 -14.1432 -13.9716 -13.8061 -13.6465 -13.4928 -13.345 -13.203 -13.0668 -12.9365 -12.8121 -12.6938 -12.5816 -12.4758 -12.3767 -12.2846 -12.2 -12.1233 -12.0554 -11.9972 -11.9499 -11.9152 -11.8955 -11.8939 -11.9153 -11.9671 -12.062 -12.2236 -12.5051 -13.0763 nan nan nan nan nan nan nan nan nan nan nan nan nan nan nan nan nan nan nan nan nan nan nan 
-17.7121 -17.4225 -17.1432 -16.8738 -16.6137 -16.3626 -16.12 -15.8855 -15.6589 -15.4398 -15.228 -15.0231 -14.8251 -14.6336 -14.4485 -14.2696 -14.0968 -13.93 -13.769 -13.6138 -13.4643 -13.3205 -13.1824 -13.05 -12.9233 -12.8024 -12.6874 -12.5785 -12.4759 -12.3798 -12.2907 -12.2088 -12.135 -12.0697 -12.0141 -11.9694 -11.9371 -11.9198 -11.9205 -11.9441 -11.9981 -12.0951 -12.2588 -12.5423 -13.1154 nan nan nan nan nan nan nan nan nan nan nan nan nan nan nan nan nan nan nan nan nan nan 
-17.8495 -17.5593 -17.2795 -17.0095 -16.7488 -16.497 -16.2537 -16.0186 -15.7912 -15.5714 -15.3587 -15.153 -14.954 -14.7616 -14.5754 -14.3955 -14.2215 -14.0534 -13.8912 -13.7345 -13.5835 -13.4381 -13.2982 -13.1638 -13.035 -12.9118 -12.7943 -12.6826 -12.5768 -12.4773 -12.3841 -12.2978 -12.2188 -12.1476 -12.085 -12.0319 -11.9895 -11.9597 -11.9446 -11.9476 -11.9734 -12.0296 -12.1286 -12.2943 -12.5797 -13.1548 nan nan nan nan nan nan nan nan nan nan nan nan nan nan nan nan nan nan nan nan nan 
-17.9857 -17.695 -17.4146 -17.1441 -16.8828 -16.6304 -16.3865 -16.1507 -15.9226 -15.702 -15.4886 -15.2821 -15.0822 -14.8889 -14.7018 -14.5208 -14.3457 -14.1765 -14.013 -13.8551 -13.7026 -13.5557 -13.4141 -13.278 -13.1472 -13.0219 -12.9021 -12.7878 -12.6793 -12.5765 -12.4799 -12.3897 -12.3061 -12.2298 -12.1611 -12.101 -12.0504 -12.0105 -11.9829 -11.9701 -11.9752 -12.0032 -12.0614 -12.1624 -12.3301 -12.6174 -13.1943 nan nan nan nan nan nan nan nan nan nan nan nan nan nan nan nan nan nan nan nan 
-18.1208 -17.8296 -17.5487 -17.2776 -17.0158 -16.7628 -16.5183 -16.2818 -16.0531 -15.8318 -15.6176 -15.4103 -15.2097 -15.0154 -14.8274 -14.6455 -14.4694 -14.2991 -14.1344 -13.9753 -13.8215 -13.6732 -13.5301 -13.3923 -13.2598 -13.1325 -13.0106 -12.894 -12.7829 -12.6774 -12.5776 -12.4838 -12.3963 -12.3155 -12.2417 -12.1756 -12.1179 -12.0697 -12.0321 -12.0068 -11.9961 -12.0034 -12.0334 -12.0936 -12.1966 -12.3661 -12.6553 -13.234 nan nan nan nan nan nan nan nan nan nan nan nan nan nan nan nan nan nan nan 
-18.2548 -17.9631 -17.6817 -17.4101 -17.1477 -16.8942 -16.6491 -16.412 -16.1826 -15.9607 -15.7458 -15.5378 -15.3363 -15.1413 -14.9524 -14.7696 -14.5926 -14.4212 -14.2555 -14.0951 -13.9402 -13.7905 -13.646 -13.5067 -13.3725 -13.2435 -13.1196 -13.0009 -12.8875 -12.7794 -12.6768 -12.5799 -12.4889 -12.4041 -12.3258 -12.2546 -12.1909 -12.1357 -12.0897 -12.0543 -12.0312 -12.0227 -12.032 -12.064 -12.1262 -12.2311 -12.4025 -12.6935 -13.2739 nan nan nan nan nan nan nan nan nan nan nan nan nan nan nan nan nan nan 
-18.3877 -18.0955 -17.8137 -17.5416 -17.2787 -17.0246 -16.7789 -16.5413 -16.3113 -16.0887 -15.8731 -15.6644 -15.4622 -15.2664 -15.0768 -14.893 -14.7151 -14.5428 -14.376 -14.2146 -14.0585 -13.9076 -13.7618 -13.621 -13.4853 -13.3547 -13.229 -13.1084 -12.9928 -12.8824 -12.7773 -12.6776 -12.5834 -12.4951 -12.4129 -12.3372 -12.2684 -12.2071 -12.1541 -12.1104 -12.0772 -12.0562 -12.0498 -12.0611 -12.095 -12.1591 -12.2659 -12.4391 -12.7318 -13.314 nan nan nan nan nan nan nan nan nan nan nan nan nan nan nan nan nan 
-18.5195 -18.2269 -17.9446 -17.672 -17.4086 -17.154 -16.9078 -16.6696 -16.439 -16.2158 -15.9996 -15.7902 -15.5874 -15.3908 -15.2004 -15.0158 -14.837 -14.6638 -14.4961 -14.3337 -14.1765 -14.0244 -13.8773 -13.7353 -13.5982 -13.466 -13.3387 -13.2163 -13.0988 -12.9863 -12.8788 -12.7766 -12.6796 -12.5882 -12.5024 -12.4227 -12.3494 -12.283 -12.2241 -12.1733 -12.1318 -12.1007 -12.0818 -12.0773 -12.0906 -12.1265 -12.1924 -12.301 -12.4759 -12.7704 -13.3543 nan nan nan nan nan nan nan nan nan nan nan nan nan nan nan nan 
-18.6503 -18.3573 -18.0745 -17.8014 -17.5376 -17.2825 -17.0358 -16.797 -16.5659 -16.3421 -16.1253 -15.9153 -15.7117 -15.5145 -15.3233 -15.138 -14.9584 -14.7843 -14.6156 -14.4523 -14.294 -14.1409 -13.9927 -13.8494 -13.711 -13.5773 -13.4485 -13.3245 -13.2052 -13.0908 -12.9812 -12.8766 -12.7771 -12.6829 -12.594 -12.5108 -12.4336 -12.3626 -12.2985 -12.2418 -12.1933 -12.1538 -12.1248 -12.1079 -12.1054 -12.1206 -12.1583 -12.226 -12.3364 -12.513 -12.8092 -13.3947 nan nan nan nan nan nan nan nan nan nan nan nan nan nan nan 
-18.78 -18.4866 -18.2034 -17.9299 -17.6656 -17.41 -17.1628 -16.9235 -16.6919 -16.4675 -16.2501 -16.0395 -15.8353 -15.6374 -15.4455 -15.2594 -15.0791 -14.9042 -14.7347 -14.5704 -14.4112 -14.257 -14.1077 -13.9633 -13.8236 -13.6887 -13.5584 -13.4329 -13.312 -13.1958 -13.0843 -12.9776 -12.8758 -12.7789 -12.6873 -12.6009 -12.5202 -12.4453 -12.3767 -12.3148 -12.2603 -12.2139 -12.1765 -12.1495 -12.1345 -12.1339 -12.151 -12.1905 -12.26 -12.3721 -12.5504 -12.8482 -13.4353 nan nan nan nan nan nan nan nan nan nan nan nan nan nan 
-18.9088 -18.615 -18.3314 -18.0574 -17.7927 -17.5366 -17.2889 -17.0491 -16.817 -16.5921 -16.3741 -16.1629 -15.9581 -15.7596 -15.567 -15.3802 -15.1991 -15.0235 -14.8531 -14.688 -14.5279 -14.3727 -14.2224 -14.0769 -13.9361 -13.7999 -13.6684 -13.5414 -13.419 -13.3011 -13.1878 -13.0792 -12.9753 -12.8762 -12.7819 -12.6928 -12.6089 -12.5305 -12.4579 -12.3916 -12.3319 -12.2795 -12.2351 -12.1998 -12.1747 -12.1617 -12.1629 -12.1818 -12.223 -12.2942 -12.408 -12.588 -12.8873 -13.476 nan nan nan nan nan nan nan nan nan nan nan nan nan 
-19.0365 -18.7423 -18.4583 -18.184 -17.9188 -17.6623 -17.4141 -17.1739 -16.9412 -16.7158 -16.4973 -16.2855 -16.0802 -15.881 -15.6878 -15.5004 -15.3186 -15.1422 -14.9711 -14.8051 -14.6441 -14.4881 -14.3368 -14.1903 -14.0484 -13.911 -13.7782 -13.6499 -13.5261 -13.4067 -13.2918 -13.1814 -13.0756 -12.9743 -12.8778 -12.7861 -12.6994 -12.6179 -12.5418 -12.4715 -12.4073 -12.3497 -12.2994 -12.257 -12.2236 -12.2005 -12.1893 -12.1923 -12.2129 -12.2559 -12.3288 -12.4442 -12.6257 -12.9267 -13.5169 nan nan nan nan nan nan nan nan nan nan nan nan 
-19.1633 -18.8687 -18.5843 -18.3096 -18.044 -17.7871 -17.5385 -17.2977 -17.0646 -16.8387 -16.6197 -16.4074 -16.2014 -16.0017 -15.8079 -15.6198 -15.4373 -15.2602 -15.0884 -14.9217 -14.7599 -14.603 -14.4508 -14.3033 -14.1604 -14.022 -13.888 -13.7585 -13.6333 -13.5125 -13.3961 -13.284 -13.1764 -13.0732 -12.9746 -12.8806 -12.7913 -12.707 -12.6278 -12.554 -12.4858 -12.4238 -12.3683 -12.3199 -12.2795 -12.248 -12.2267 -12.2173 -12.2221 -12.2445 -12.2892 -12.3637 -12.4806 -12.6638 -12.9662 -13.5579 nan nan nan nan nan nan nan nan nan nan nan 
-19.2891 -18.9942 -18.7094 -18.4343 -18.1683 -17.9109 -17.6619 -17.4208 -17.1871 -16.9607 -16.7413 -16.5284 -16.322 -16.1216 -15.9272 -15.7386 -15.5555 -15.3777 -15.2052 -15.0377 -14.8751 -14.7174 -14.5644 -14.416 -14.2721 -14.1327 -13.9976 -13.8669 -13.7405 -13.6184 -13.5006 -13.387 -13.2777 -13.1728 -13.0722 -12.9761 -12.8845 -12.7976 -12.7156 -12.6386 -12.567 -12.501 -12.441 -12.3875 -12.3411 -12.3026 -12.273 -12.2535 -12.2458 -12.2524 -12.2764 -12.3227 -12.3988 -12.5173 -12.702 -13.0059 -13.599 nan nan nan nan nan nan nan nan nan nan 
-19.414 -19.1187 -18.8336 -18.558 -18.2917 -18.0339 -17.7845 -17.5429 -17.3089 -17.082 -16.862 -16.6487 -16.4417 -16.2409 -16.0459 -15.8567 -15.6729 -15.4945 -15.3213 -15.1531 -14.9899 -14.8314 -14.6775 -14.5282 -14.3835 -14.2431 -14.107 -13.9752 -13.8477 -13.7243 -13.6052 -13.4902 -13.3794 -13.2728 -13.1704 -13.0724 -12.9787 -12.8895 -12.805 -12.7252 -12.6504 -12.5809 -12.5169 -12.4589 -12.4074 -12.3629 -12.3263 -12.2984 -12.2807 -12.2748 -12.283 -12.3086 -12.3565 -12.4342 -12.5543 -12.7404 -13.0458 -13.6403 nan nan nan nan nan nan nan nan nan 
-19.5379 -19.2423 -18.9568 -18.6809 -18.4142 -18.1561 -17.9062 -17.6642 -17.4297 -17.2024 -16.982 -16.7682 -16.5607 -16.3594 -16.1639 -15.9741 -15.7897 -15.6107 -15.4369 -15.268 -15.1041 -14.9448 -14.7902 -14.6401 -14.4945 -14.3532 -14.2162 -14.0834 -13.9547 -13.8302 -13.7098 -13.5935 -13.4813 -13.3732 -13.2692 -13.1694 -13.0738 -12.9825 -12.8956 -12.8133 -12.7357 -12.663 -12.5955 -12.5336 -12.4776 -12.4279 -12.3853 -12.3505 -12.3244 -12.3084 -12.3041 -12.314 -12.3412 -12.3907 -12.4699 -12.5914 -12.779 -13.0858 -13.6817 nan nan nan nan nan nan nan nan 
-19.661 -19.365 -19.0792 -18.803 -18.5358 -18.2774 -18.0271 -17.7847 -17.5498 -17.3221 -17.1012 -16.887 -16.679 -16.4771 -16.2811 -16.0908 -15.9059 -15.7263 -15.5519 -15.3824 -15.2177 -15.0578 -14.9024 -14.7516 -14.6051 -14.463 -14.325 -14.1913 -14.0616 -13.9361 -13.8145 -13.697 -13.5834 -13.4739 -13.3684 -13.2669 -13.1695 -13.0763 -12.9873 -12.9027 -12.8225 -12.747 -12.6765 -12.611 -12.551 -12.4969 -12.4491 -12.4083 -12.3752 -12.3509 -12.3365 -12.3339 -12.3454 -12.3742 -12.4251 -12.5058 -12.6288 -12.8178 -13.126 -13.7233 nan nan nan nan nan nan nan 
-19.7831 -19.4869 -19.2007 -18.9241 -18.6566 -18.3978 -18.1472 -17.9044 -17.6691 -17.441 -17.2197 -17.005 -16.7966 -16.5942 -16.3977 -16.2068 -16.0214 -15.8413 -15.6662 -15.4961 -15.3309 -15.1702 -15.0142 -14.8626 -14.7154 -14.5724 -14.4336 -14.299 -14.1683 -14.0417 -13.9191 -13.8004 -13.6857 -13.5748 -13.4679 -13.3649 -13.2658 -13.1708 -13.0799 -12.9932 -12.9107 -12.8327 -12.7593 -12.6907 -12.6272 -12.5691 -12.5168 -12.4709 -12.4318 -12.4005 -12.3778 -12.3651 -12.3641 -12.3771 -12.4074 -12.4599 -12.542 -12.6664 -12.8568 -13.1663 -13.7649 nan nan nan nan nan nan 
-19.9044 -19.6078 -19.3213 -19.0444 -18.7766 -18.5174 -18.2664 -18.0233 -17.7876 -17.5591 -17.3374 -17.1222 -16.9134 -16.7106 -16.5136 -16.3222 -16.1363 -15.9556 -15.78 -15.6093 -15.4434 -15.2822 -15.1255 -14.9732 -14.8252 -14.6815 -14.5419 -14.4063 -14.2748 -14.1473 -14.0236 -13.9038 -13.7879 -13.6758 -13.5676 -13.4632 -13.3626 -13.266 -13.1733 -13.0846 -13 -12.9197 -12.8437 -12.7723 -12.7057 -12.6441 -12.5879 -12.5374 -12.4932 -12.4559 -12.4262 -12.4052 -12.3941 -12.3946 -12.4091 -12.4409 -12.4949 -12.5784 -12.7042 -12.8959 -13.2068 -13.8067 nan nan nan nan nan 
-20.0248 -19.7279 -19.4411 -19.1639 -18.8958 -18.6362 -18.3849 -18.1414 -17.9053 -17.6764 -17.4543 -17.2387 -17.0295 -16.8262 -16.6288 -16.4369 -16.2505 -16.0693 -15.8932 -15.7219 -15.5555 -15.3936 -15.2363 -15.0833 -14.9346 -14.7901 -14.6498 -14.5134 -14.3811 -14.2526 -14.128 -14.0072 -13.8902 -13.7769 -13.6675 -13.5617 -13.4598 -13.3616 -13.2672 -13.1768 -13.0903 -13.0079 -12.9296 -12.8556 -12.7862 -12.7215 -12.6617 -12.6073 -12.5586 -12.5161 -12.4805 -12.4524 -12.433 -12.4234 -12.4255 -12.4415 -12.4748 -12.5301 -12.615 -12.7422 -12.9353 -13.2474 -13.8486 nan nan nan nan 
-20.1444 -19.8472 -19.5601 -19.2826 -19.0141 -18.7542 -18.5026 -18.2587 -18.0223 -17.793 -17.5705 -17.3545 -17.1448 -16.9412 -16.7433 -16.551 -16.3641 -16.1824 -16.0057 -15.834 -15.6669 -15.5045 -15.3465 -15.1929 -15.0436 -14.8984 -14.7573 -14.6202 -14.487 -14.3577 -14.2322 -14.1104 -13.9924 -13.8781 -13.7674 -13.6605 -13.5572 -13.4576 -13.3617 -13.2696 -13.1814 -13.097 -13.0166 -12.9404 -12.8684 -12.8008 -12.738 -12.68 -12.6274 -12.5804 -12.5396 -12.5055 -12.4791 -12.4612 -12.4532 -12.4567 -12.4742 -12.5089 -12.5656 -12.6519 -12.7804 -12.9747 -13.2882 -13.8906 nan nan nan 
-20.2631 -19.9657 -19.6783 -19.4004 -19.1316 -18.8715 -18.6195 -18.3753 -18.1385 -17.9088 -17.686 -17.4696 -17.2595 -17.0554 -16.8571 -16.6644 -16.477 -16.2949 -16.1177 -15.9454 -15.7778 -15.6148 -15.4563 -15.3021 -15.1521 -15.0063 -14.8645 -14.7266 -14.5927 -14.4625 -14.3361 -14.2135 -14.0945 -13.9792 -13.8674 -13.7593 -13.6548 -13.5539 -13.4566 -13.363 -13.2731 -13.1869 -13.1046 -13.0263 -12.952 -12.8819 -12.8162 -12.7551 -12.699 -12.648 -12.6027 -12.5635 -12.5311 -12.5062 -12.4899 -12.4833 -12.4883 -12.5072 -12.5433 -12.6014 -12.689 -12.8188 -13.0144 -13.3291 -13.9327 nan nan 
-20.3811 -20.0833 -19.7956 -19.5175 -19.2484 -18.9879 -18.7356 -18.491 -18.2539 -18.0239 -17.8007 -17.584 -17.3735 -17.169 -16.9703 -16.7771 -16.5893 -16.4067 -16.2291 -16.0563 -15.8882 -15.7247 -15.5656 -15.4108 -15.2602 -15.1137 -14.9712 -14.8327 -14.698 -14.5671 -14.4399 -14.3164 -14.1965 -14.0802 -13.9674 -13.8582 -13.7526 -13.6504 -13.5518 -13.4568 -13.3654 -13.2776 -13.1935 -13.1132 -13.0368 -12.9644 -12.8962 -12.8323 -12.773 -12.7185 -12.6693 -12.6256 -12.588 -12.5571 -12.5338 -12.5189 -12.5138 -12.5202 -12.5405 -12.5779 -12.6374 -12.7263 -12.8573 -13.0542 -13.3701 -13.9749 nan 
