nan nan nan nan nan nan nan nan nan nan nan nan nan nan nan nan nan nan nan nan nan nan nan nan nan nan nan nan nan nan nan nan nan nan nan nan nan nan nan nan nan 
-13.9864 nan nan nan nan nan nan nan nan nan nan nan nan nan nan nan nan nan nan nan nan nan nan nan nan nan nan nan nan nan nan nan nan nan nan nan nan nan nan nan nan 
-13.9724 -14.0236 nan nan nan nan nan nan nan nan nan nan nan nan nan nan nan nan nan nan nan nan nan nan nan nan nan nan nan nan nan nan nan nan nan nan nan nan nan nan nan 
-14.2065 -13.9702 -14.0653 nan nan nan nan nan nan nan nan nan nan nan nan nan nan nan nan nan nan nan nan nan nan nan nan nan nan nan nan nan nan nan nan nan nan nan nan nan nan 
-14.5232 -14.1692 -13.9767 -14.1107 nan nan nan nan nan nan nan nan nan nan nan nan nan nan nan nan nan nan nan nan nan nan nan nan nan nan nan nan nan nan nan nan nan nan nan nan nan 
-14.8729 -14.4545 -14.1442 -13.9905 -14.1591 nan nan nan nan nan nan nan nan nan nan nan nan nan nan nan nan nan nan nan nan nan nan nan nan nan nan nan nan nan nan nan nan nan nan nan nan 
-15.2351 -14.7758 -14.401 -14.1295 -14.0103 -14.2099 nan nan nan nan nan nan nan nan nan nan nan nan nan nan nan nan nan nan nan nan nan nan nan nan nan nan nan nan nan nan nan nan nan nan nan 
-15.5997 -15.1122 -14.6966 -14.3605 -14.1235 -14.0353 -14.2628 nan nan nan nan nan nan nan nan nan nan nan nan nan nan nan nan nan nan nan nan nan nan nan nan nan nan nan nan nan nan nan nan nan nan 
-15.9615 -15.4534 -15.0095 -14.6325 -14.3309 -14.1248 -14.0646 -14.3175 nan nan nan nan nan nan nan nan nan nan nan nan nan nan nan nan nan nan nan nan nan nan nan nan nan nan nan nan nan nan nan nan nan 
-16.3177 -15.7938 -15.3292 -14.9239 -14.5813 -14.3106 -14.1325 -14.0976 -14.3736 nan nan nan nan nan nan nan nan nan nan nan nan nan nan nan nan nan nan nan nan nan nan nan nan nan nan nan nan nan nan nan nan 
-16.6668 -16.1303 -15.6498 -15.2238 -14.8529 -14.5412 -14.2984 -14.1456 -14.1337 -14.4308 nan nan nan nan nan nan nan nan nan nan nan nan nan nan nan nan nan nan nan nan nan nan nan nan nan nan nan nan nan nan nan 
-17.0078 -16.4611 -15.9681 -15.5262 -15.1346 -14.7946 -14.5108 -14.2932 -14.1634 -14.1726 -14.4891 nan nan nan nan nan nan nan nan nan nan nan nan nan nan nan nan nan nan nan nan nan nan nan nan nan nan nan nan nan nan 
-17.3405 -16.7854 -16.2822 -15.8277 -15.4201 -15.0593 -14.7472 -14.4886 -14.2941 -14.1853 -14.2139 -14.5481 nan nan nan nan nan nan nan nan nan nan nan nan nan nan nan nan nan nan nan nan nan nan nan nan nan nan nan nan nan 
-17.6647 -17.1024 -16.5908 -16.1261 -15.7059 -15.3292 -14.9962 -14.7093 -14.4737 -14.3002 -14.2108 -14.2571 -14.6078 nan nan nan nan nan nan nan nan nan nan nan nan nan nan nan nan nan nan nan nan nan nan nan nan nan nan nan nan 
-17.9805 -17.4121 -16.8933 -16.4201 -15.9898 -15.6004 -15.2515 -14.9437 -14.6798 -14.4652 -14.311 -14.2394 -14.3022 -14.6681 nan nan nan nan nan nan nan nan nan nan nan nan nan nan nan nan nan nan nan nan nan nan nan nan nan nan nan 
-18.288 -17.7144 -17.1895 -16.7091 -16.2702 -15.8706 -15.5091 -15.1854 -14.9006 -14.6576 -14.4624 -14.3259 -14.2707 -14.3487 -14.7288 nan nan nan nan nan nan nan nan nan nan nan nan nan nan nan nan nan nan nan nan nan nan nan nan nan nan 
-18.5875 -18.0093 -17.479 -16.9926 -16.5465 -16.1384 -15.7666 -15.4302 -15.1294 -14.8656 -14.642 -14.4645 -14.3445 -14.3044 -14.3966 -14.7899 nan nan nan nan nan nan nan nan nan nan nan nan nan nan nan nan nan nan nan nan nan nan nan nan nan 
-18.8793 -18.2969 -17.7621 -17.2702 -16.818 -16.4027 -16.0224 -15.6757 -15.3623 -15.0825 -14.838 -14.6321 -14.471 -14.3662 -14.3403 -14.4456 -14.8512 nan nan nan nan nan nan nan nan nan nan nan nan nan nan nan nan nan nan nan nan nan nan nan nan 
-19.1636 -18.5776 -18.0386 -17.5421 -17.0845 -16.6631 -16.2755 -15.9203 -15.5966 -15.3042 -15.0436 -14.8168 -14.6273 -14.4814 -14.3907 -14.378 -14.4957 -14.9127 nan nan nan nan nan nan nan nan nan nan nan nan nan nan nan nan nan nan nan nan nan nan nan 
-19.4407 -18.8514 -18.3087 -17.8081 -17.3458 -16.919 -16.5253 -16.1629 -15.8306 -15.5279 -15.2547 -15.0119 -14.8015 -14.6272 -14.4954 -14.4178 -14.4174 -14.5465 -14.9744 nan nan nan nan nan nan nan nan nan nan nan nan nan nan nan nan nan nan nan nan nan nan 
-19.7109 -19.1186 -18.5726 -18.0683 -17.6019 -17.1704 -16.7713 -16.4027 -16.0632 -15.7519 -15.4684 -15.2129 -14.9865 -14.7913 -14.6311 -14.5125 -14.4472 -14.4583 -14.5981 -15.0361 nan nan nan nan nan nan nan nan nan nan nan nan nan nan nan nan nan nan nan nan nan 
-19.9745 -19.3794 -18.8304 -18.3228 -17.8527 -17.4171 -17.0133 -16.6393 -16.2936 -15.9751 -15.683 -15.4172 -15.1781 -14.9669 -14.7858 -14.6387 -14.5323 -14.4786 -14.5004 -14.6504 -15.0979 nan nan nan nan nan nan nan nan nan nan nan nan nan nan nan nan nan nan nan nan 
-20.2317 -19.6342 -19.0824 -18.5718 -18.0984 -17.659 -17.251 -16.8724 -16.5213 -16.1966 -15.8973 -15.6229 -15.3735 -15.1495 -14.9524 -14.7844 -14.6496 -14.5547 -14.5117 -14.5437 -14.7032 -15.1597 nan nan nan nan nan nan nan nan nan nan nan nan nan nan nan nan nan nan nan 
-20.4828 -19.883 -19.3287 -18.8154 -18.3389 -17.8962 -17.4845 -17.1017 -16.7459 -16.4158 -16.1103 -15.8287 -15.5707 -15.3364 -15.1266 -14.9426 -14.7869 -14.6635 -14.5794 -14.5465 -14.588 -14.7565 -15.2214 nan nan nan nan nan nan nan nan nan nan nan nan nan nan nan nan nan nan 
-20.7281 -20.1262 -19.5696 -19.0537 -18.5745 -18.1288 -17.7138 -17.3272 -16.9673 -16.6324 -16.3215 -16.0337 -15.7684 -15.5256 -15.3054 -15.1087 -14.9369 -14.7927 -14.6801 -14.6061 -14.5827 -14.6331 -14.8101 -15.283 nan nan nan nan nan nan nan nan nan nan nan nan nan nan nan nan nan 
-20.9678 -20.3639 -19.8052 -19.287 -18.8053 -18.3568 -17.9387 -17.5488 -17.1851 -16.8461 -16.5305 -16.2373 -15.9658 -15.7157 -15.4869 -15.2799 -15.0954 -14.9351 -14.8016 -14.6992 -14.6347 -14.6202 -14.6791 -14.8641 -15.3446 nan nan nan nan nan nan nan nan nan nan nan nan nan nan nan nan 
-21.2022 -20.5964 -20.0357 -19.5154 -19.0313 -18.5803 -18.1595 -17.7665 -17.3995 -17.0567 -16.7369 -16.4389 -16.1621 -15.9058 -15.6698 -15.4541 -15.2593 -15.0863 -14.9368 -14.8134 -14.7204 -14.6649 -14.6589 -14.7258 -14.9183 -15.406 nan nan nan nan nan nan nan nan nan nan nan nan nan nan nan 
-21.4314 -20.8239 -20.2613 -19.739 -19.2528 -18.7994 -18.3761 -17.9804 -17.6103 -17.2641 -16.9406 -16.6384 -16.3568 -16.0951 -15.8529 -15.63 -15.4266 -15.2433 -15.081 -14.9416 -14.8277 -14.7437 -14.6966 -14.6986 -14.7731 -14.9728 -15.4673 nan nan nan nan nan nan nan nan nan nan nan nan nan nan 
-21.6556 -21.0465 -20.4822 -19.958 -19.4699 -19.0143 -18.5886 -18.1904 -17.8175 -17.4683 -17.1414 -16.8355 -16.5497 -16.2833 -16.0356 -15.8065 -15.5959 -15.4039 -15.2313 -15.0792 -14.9492 -14.8443 -14.7687 -14.7297 -14.7393 -14.8209 -15.0274 -15.5284 nan nan nan nan nan nan nan nan nan nan nan nan nan 
-21.8751 -21.2645 -20.6986 -20.1727 -19.6826 -19.2251 -18.7972 -18.3966 -18.0212 -17.6693 -17.3393 -17.03 -16.7405 -16.4698 -16.2174 -15.9829 -15.766 -15.5668 -15.3856 -15.2231 -15.0805 -14.9595 -14.863 -14.7955 -14.764 -14.7808 -14.8692 -15.0822 -15.5894 nan nan nan nan nan nan nan nan nan nan nan nan 
-22.0901 -21.478 -20.9106 -20.383 -19.8912 -19.4318 -19.002 -18.5992 -18.2215 -17.867 -17.5342 -17.2219 -16.9289 -16.6545 -16.398 -16.1587 -15.9364 -15.731 -15.5425 -15.3714 -15.2184 -15.0847 -14.9722 -14.8837 -14.8237 -14.7994 -14.823 -14.9179 -15.1371 -15.6501 nan nan nan nan nan nan nan nan nan nan nan 
-22.3007 -21.6872 -21.1184 -20.5892 -20.0958 -19.6347 -19.203 -18.7982 -18.4183 -18.0614 -17.7261 -17.411 -17.115 -16.8372 -16.5769 -16.3334 -16.1064 -15.8955 -15.7008 -15.5225 -15.3609 -15.2168 -15.0916 -14.987 -14.9061 -14.8533 -14.8358 -14.8659 -14.967 -15.192 -15.7106 nan nan nan nan nan nan nan nan nan nan 
-22.507 -21.8923 -21.3221 -20.7915 -20.2965 -19.8338 -19.4003 -18.9936 -18.6117 -18.2527 -17.915 -17.5973 -17.2986 -17.0177 -16.754 -16.5068 -16.2755 -16.0599 -15.8598 -15.6752 -15.5064 -15.3537 -15.2181 -15.1009 -15.0039 -14.9302 -14.8842 -14.8731 -14.9094 -15.0163 -15.247 -15.771 nan nan nan nan nan nan nan nan nan 
-22.7093 -22.0934 -21.5218 -20.9899 -20.4935 -20.0292 -19.5941 -19.1856 -18.8018 -18.4408 -18.1009 -17.7809 -17.4796 -17.196 -16.9292 -16.6786 -16.4436 -16.2238 -16.0189 -15.8289 -15.6538 -15.4939 -15.3497 -15.2221 -15.1124 -15.0226 -14.9557 -14.9162 -14.9113 -14.9534 -15.066 -15.3019 -15.831 nan nan nan nan nan nan nan nan 
-22.9078 -22.2906 -21.7179 -21.1846 -20.6868 -20.221 -19.7844 -19.3743 -18.9887 -18.6258 -18.284 -17.9618 -17.6581 -17.3719 -17.1023 -16.8486 -16.6102 -16.3867 -16.1776 -15.9829 -15.8024 -15.6362 -15.4847 -15.3485 -15.2285 -15.126 -15.043 -14.9826 -14.9492 -14.9502 -14.9979 -15.1158 -15.3569 -15.8908 nan nan nan nan nan nan nan 
-23.1024 -22.4841 -21.9102 -21.3757 -20.8766 -20.4095 -19.9713 -19.5597 -19.1725 -18.8078 -18.4641 -18.1399 -17.834 -17.5455 -17.2733 -17.0168 -16.7754 -16.5485 -16.3356 -16.1367 -15.9514 -15.7798 -15.6221 -15.4787 -15.35 -15.2371 -15.1414 -15.0649 -15.0107 -14.9832 -14.9898 -15.0428 -15.1658 -15.4118 -15.9504 nan nan nan nan nan nan 
-23.2935 -22.6741 -22.0991 -21.5634 -21.063 -20.5946 -20.1551 -19.742 -19.3532 -18.9869 -18.6414 -18.3153 -18.0074 -17.7167 -17.4422 -17.1831 -16.9389 -16.7089 -16.4927 -16.2899 -16.1005 -15.9241 -15.761 -15.6113 -15.4754 -15.3539 -15.2479 -15.1587 -15.0883 -15.0399 -15.018 -15.0299 -15.0881 -15.216 -15.4666 -16.0097 nan nan nan nan nan 
-23.481 -22.8606 -22.2845 -21.7477 -21.2462 -20.7765 -20.3356 -19.9212 -19.5309 -19.163 -18.8159 -18.488 -18.1782 -17.8855 -17.6088 -17.3474 -17.1006 -16.8678 -16.6485 -16.4424 -16.2492 -16.0686 -15.9008 -15.7456 -15.6035 -15.4748 -15.3601 -15.2605 -15.1775 -15.113 -15.0702 -15.0536 -15.0707 -15.1337 -15.2663 -15.5214 -16.0688 nan nan nan nan 
-23.6652 -23.0438 -22.4667 -21.9288 -21.4261 -20.9552 -20.5131 -20.0974 -19.7057 -19.3364 -18.9876 -18.6581 -18.3466 -18.052 -17.7733 -17.5097 -17.2605 -17.0251 -16.8031 -16.5939 -16.3973 -16.213 -16.0409 -15.881 -15.7334 -15.5985 -15.4765 -15.3684 -15.2749 -15.1978 -15.1389 -15.1014 -15.09 -15.1119 -15.1796 -15.3166 -15.576 -16.1276 nan nan nan 
-23.8461 -23.2238 -22.6456 -22.1067 -21.603 -21.131 -20.6877 -20.2707 -19.8777 -19.507 -19.1568 -18.8257 -18.5125 -18.2161 -17.9355 -17.6699 -17.4185 -17.1808 -16.9562 -16.7442 -16.5445 -16.3568 -16.181 -16.0169 -15.8646 -15.7242 -15.596 -15.4806 -15.3785 -15.291 -15.2194 -15.1659 -15.1335 -15.127 -15.1535 -15.2257 -15.3671 -15.6306 -16.1861 nan nan 
-24.0239 -23.4007 -22.8216 -22.2817 -21.7769 -21.3038 -20.8594 -20.4411 -20.0469 -19.6749 -19.3233 -18.9907 -18.676 -18.3779 -18.0955 -17.828 -17.5747 -17.3348 -17.1078 -16.8932 -16.6907 -16.5 -16.3207 -16.1529 -15.9963 -15.8512 -15.7176 -15.5959 -15.4867 -15.3905 -15.3086 -15.2423 -15.1939 -15.1664 -15.1645 -15.1956 -15.2721 -15.4175 -15.685 -16.2443 nan 
