nan nan nan nan nan nan nan nan nan nan nan nan nan nan nan nan nan nan nan nan nan nan nan nan nan nan nan nan nan nan nan nan nan nan nan nan nan nan nan nan nan 
-15.9583 nan nan nan nan nan nan nan nan nan nan nan nan nan nan nan nan nan nan nan nan nan nan nan nan nan nan nan nan nan nan nan nan nan nan nan nan nan nan nan nan 
-15.9401 -15.9724 nan nan nan nan nan nan nan nan nan nan nan nan nan nan nan nan nan nan nan nan nan nan nan nan nan nan nan nan nan nan nan nan nan nan nan nan nan nan nan 
-16.1701 -15.9148 -15.9917 nan nan nan nan nan nan nan nan nan nan nan nan nan nan nan nan nan nan nan nan nan nan nan nan nan nan nan nan nan nan nan nan nan nan nan nan nan nan 
-16.4829 -16.1098 -15.899 -16.0154 nan nan nan nan nan nan nan nan nan nan nan nan nan nan nan nan nan nan nan nan nan nan nan nan nan nan nan nan nan nan nan nan nan nan nan nan nan 
-16.8288 -16.3911 -16.0625 -15.8912 -16.0428 nan nan nan nan nan nan nan nan nan nan nan nan nan nan nan nan nan nan nan nan nan nan nan nan nan nan nan nan nan nan nan nan nan nan nan nan 
-17.1873 -16.7087 -16.3155 -16.0262 -15.8901 -16.0732 nan nan nan nan nan nan nan nan nan nan nan nan nan nan nan nan nan nan nan nan nan nan nan nan nan nan nan nan nan nan nan nan nan nan nan 
-17.5483 -17.0415 -16.6073 -16.2534 -15.9993 -15.8946 -16.1063 nan nan nan nan nan nan nan nan nan nan nan nan nan nan nan nan nan nan nan nan nan nan nan nan nan nan nan nan nan nan nan nan nan nan 
-17.9067 -17.3791 -16.9167 -16.5218 -16.203 -15.9803 -15.9041 -16.1415 nan nan nan nan nan nan nan nan nan nan nan nan nan nan nan nan nan nan nan nan nan nan nan nan nan nan nan nan nan nan nan nan nan 
-18.2596 -17.7161 -17.2329 -16.8096 -16.4498 -16.1624 -15.9682 -15.9177 -16.1786 nan nan nan nan nan nan nan nan nan nan nan nan nan nan nan nan nan nan nan nan nan nan nan nan nan nan nan nan nan nan nan nan 
-18.6055 -18.0494 -17.5502 -17.1061 -16.7179 -16.3895 -16.1305 -15.9621 -15.935 -16.2174 nan nan nan nan nan nan nan nan nan nan nan nan nan nan nan nan nan nan nan nan nan nan nan nan nan nan nan nan nan nan nan 
-18.9434 -18.3771 -17.8653 -17.4053 -16.9962 -16.6394 -16.3394 -16.1061 -15.9611 -15.9555 -16.2575 nan nan nan nan nan nan nan nan nan nan nan nan nan nan nan nan nan nan nan nan nan nan nan nan nan nan nan nan nan nan 
-19.2731 -18.6983 -18.1762 -17.7036 -17.2785 -16.9009 -16.5724 -16.2981 -16.0882 -15.9646 -15.9787 -16.2989 nan nan nan nan nan nan nan nan nan nan nan nan nan nan nan nan nan nan nan nan nan nan nan nan nan nan nan nan nan 
-19.5945 -19.0125 -18.4818 -17.9989 -17.5612 -17.1676 -16.8182 -16.5154 -16.2645 -16.0761 -15.9721 -16.0043 -16.3412 nan nan nan nan nan nan nan nan nan nan nan nan nan nan nan nan nan nan nan nan nan nan nan nan nan nan nan nan 
-19.9076 -19.3194 -18.7815 -18.2901 -17.8421 -17.4357 -17.0704 -16.7467 -16.4673 -16.2378 -16.069 -15.9831 -16.032 -16.3844 nan nan nan nan nan nan nan nan nan nan nan nan nan nan nan nan nan nan nan nan nan nan nan nan nan nan nan 
-20.2125 -19.6189 -19.0749 -18.5762 -18.1197 -17.703 -17.3249 -16.9852 -16.6849 -16.4269 -16.217 -16.0663 -15.9972 -16.0616 -16.4284 nan nan nan nan nan nan nan nan nan nan nan nan nan nan nan nan nan nan nan nan nan nan nan nan nan nan 
-20.5095 -19.9113 -19.3619 -18.857 -18.3932 -17.9679 -17.5795 -17.2271 -16.9108 -16.6319 -16.3935 -16.2017 -16.0677 -16.014 -16.0928 -16.473 nan nan nan nan nan nan nan nan nan nan nan nan nan nan nan nan nan nan nan nan nan nan nan nan nan 
-20.7989 -20.1964 -19.6423 -19.132 -18.662 -18.2295 -17.8326 -17.4698 -17.1408 -16.8458 -16.5865 -16.3662 -16.191 -16.0725 -16.0332 -16.1254 -16.5182 nan nan nan nan nan nan nan nan nan nan nan nan nan nan nan nan nan nan nan nan nan nan nan nan 
-21.0809 -20.4747 -19.9164 -19.4014 -18.926 -18.4873 -18.083 -17.7117 -17.3723 -17.0646 -16.7892 -16.548 -16.3444 -16.1847 -16.0805 -16.0547 -16.1594 -16.5638 nan nan nan nan nan nan nan nan nan nan nan nan nan nan nan nan nan nan nan nan nan nan nan 
-21.3558 -20.7462 -20.1842 -19.665 -19.1848 -18.7407 -18.3303 -17.9516 -17.6036 -17.2856 -16.9975 -16.7402 -16.5156 -16.3275 -16.1822 -16.0914 -16.078 -16.1944 -16.6098 nan nan nan nan nan nan nan nan nan nan nan nan nan nan nan nan nan nan nan nan nan nan 
-21.6238 -21.0113 -20.4459 -19.9229 -19.4385 -18.9897 -18.5738 -18.1889 -17.8337 -17.507 -17.2085 -16.9385 -16.6979 -16.4888 -16.315 -16.1831 -16.1048 -16.1031 -16.2305 -16.6561 nan nan nan nan nan nan nan nan nan nan nan nan nan nan nan nan nan nan nan nan nan 
-21.8854 -21.27 -20.7016 -20.1752 -19.6871 -19.234 -18.8134 -18.4231 -18.0616 -17.7276 -17.4206 -17.1401 -16.8868 -16.6616 -16.4669 -16.3065 -16.187 -16.1205 -16.1297 -16.2674 -16.7027 nan nan nan nan nan nan nan nan nan nan nan nan nan nan nan nan nan nan nan nan 
-22.1407 -21.5228 -20.9515 -20.4221 -19.9306 -19.4738 -19.0489 -18.6539 -18.2869 -17.9467 -17.6323 -17.3433 -17.0796 -16.8416 -16.6308 -16.4495 -16.3015 -16.1938 -16.1382 -16.1577 -16.3051 -16.7496 nan nan nan nan nan nan nan nan nan nan nan nan nan nan nan nan nan nan nan 
-22.39 -21.7697 -21.1959 -20.6637 -20.1691 -19.7089 -19.2803 -18.881 -18.5093 -18.1636 -17.843 -17.5467 -17.2743 -17.026 -16.8024 -16.605 -16.4361 -16.2999 -16.2031 -16.1578 -16.187 -16.3435 -16.7966 nan nan nan nan nan nan nan nan nan nan nan nan nan nan nan nan nan nan 
-22.6335 -22.0111 -21.4349 -20.9001 -20.4028 -19.9394 -19.5074 -19.1044 -18.7284 -18.378 -18.0519 -17.7494 -17.4697 -17.2128 -16.9788 -16.7686 -16.5836 -16.4265 -16.3012 -16.2147 -16.179 -16.2174 -16.3824 -16.8437 nan nan nan nan nan nan nan nan nan nan nan nan nan nan nan nan nan 
-22.8715 -22.2471 -21.6687 -21.1316 -20.6316 -20.1655 -19.7304 -19.3239 -18.9442 -18.5896 -18.2587 -17.9507 -17.6648 -17.4005 -17.158 -16.9374 -16.7397 -16.5664 -16.4201 -16.3051 -16.2283 -16.2018 -16.2487 -16.422 -16.8909 nan nan nan nan nan nan nan nan nan nan nan nan nan nan nan nan 
-23.1043 -22.4779 -21.8975 -21.3582 -20.8559 -20.3872 -19.9493 -19.5397 -19.1566 -18.7982 -18.4631 -18.1503 -17.8589 -17.5884 -17.3385 -17.1093 -16.9012 -16.7152 -16.5528 -16.4169 -16.3115 -16.2438 -16.2259 -16.281 -16.4619 -16.9382 nan nan nan nan nan nan nan nan nan nan nan nan nan nan nan 
-23.332 -22.7038 -22.1216 -21.5802 -21.0757 -20.6046 -20.1641 -19.7517 -19.3655 -19.0037 -18.6648 -18.3477 -18.0516 -17.7757 -17.5195 -17.283 -17.0662 -16.8698 -16.6947 -16.5427 -16.4164 -16.3202 -16.2611 -16.2513 -16.3141 -16.5023 -16.9855 nan nan nan nan nan nan nan nan nan nan nan nan nan nan 
-23.5548 -22.925 -22.3409 -21.7977 -21.2911 -20.8178 -20.3749 -19.96 -19.5709 -19.206 -18.8637 -18.5429 -18.2425 -17.9618 -17.7002 -17.4574 -17.2333 -17.0283 -16.8428 -16.678 -16.5356 -16.4184 -16.3308 -16.2799 -16.2778 -16.3479 -16.5431 -17.0329 nan nan nan nan nan nan nan nan nan nan nan nan nan 
-23.7729 -23.1416 -22.5558 -22.0108 -21.5023 -21.027 -20.5819 -20.1646 -19.7729 -19.4052 -19.0598 -18.7355 -18.4314 -18.1464 -17.88 -17.6318 -17.4015 -17.1891 -16.995 -16.8198 -16.6646 -16.5314 -16.4228 -16.3434 -16.3001 -16.3053 -16.3824 -16.5842 -17.0802 nan nan nan nan nan nan nan nan nan nan nan nan 
-23.9866 -23.3537 -22.7664 -22.2197 -21.7095 -21.2322 -20.7851 -20.3656 -19.9715 -19.6012 -19.253 -18.9256 -18.618 -18.3293 -18.0586 -17.8056 -17.5699 -17.3512 -17.1498 -16.966 -16.8004 -16.6544 -16.5298 -16.4293 -16.3576 -16.3217 -16.3338 -16.4174 -16.6255 -17.1275 nan nan nan nan nan nan nan nan nan nan nan 
-24.1959 -23.5617 -22.9729 -22.4246 -21.9127 -21.4336 -20.9846 -20.563 -20.1668 -19.794 -19.4433 -19.1131 -18.8024 -18.5102 -18.2358 -17.9785 -17.738 -17.5139 -17.3062 -17.115 -16.9409 -16.7845 -16.6471 -16.5305 -16.4378 -16.3734 -16.3444 -16.3631 -16.453 -16.667 -17.1748 nan nan nan nan nan nan nan nan nan nan 
-24.4011 -23.7656 -23.1754 -22.6256 -22.1121 -21.6314 -21.1805 -20.757 -20.3587 -19.9838 -19.6306 -19.2978 -18.9843 -18.689 -18.4112 -18.1501 -17.9053 -17.6765 -17.4633 -17.2659 -17.0844 -16.9194 -16.7716 -16.6423 -16.5335 -16.4481 -16.3906 -16.3682 -16.3932 -16.4891 -16.7088 -17.2219 nan nan nan nan nan nan nan nan nan 
-24.6023 -23.9655 -23.374 -22.8228 -22.3078 -21.8255 -21.373 -20.9477 -20.5475 -20.1705 -19.8151 -19.4799 -19.1638 -18.8657 -18.5848 -18.3203 -18.0717 -17.8386 -17.6206 -17.4178 -17.23 -17.0577 -16.9012 -16.7616 -16.64 -16.5385 -16.4601 -16.4091 -16.393 -16.424 -16.5256 -16.7507 -17.269 nan nan nan nan nan nan nan nan 
-24.7997 -24.1617 -23.5689 -23.0164 -22.4999 -22.0162 -21.562 -21.1351 -20.7331 -20.3542 -19.9967 -19.6593 -19.3408 -19.0401 -18.7563 -18.4888 -18.2368 -17.9998 -17.7777 -17.57 -17.3768 -17.1982 -17.0345 -16.8862 -16.7542 -16.64 -16.5454 -16.4735 -16.4289 -16.4187 -16.4554 -16.5624 -16.7927 -17.316 nan nan nan nan nan nan nan 
-24.9934 -24.3542 -23.7602 -23.2064 -22.6886 -22.2034 -21.7478 -21.3193 -20.9156 -20.5349 -20.1755 -19.8361 -19.5154 -19.2123 -18.9259 -18.6555 -18.4004 -18.16 -17.9341 -17.7222 -17.5242 -17.3401 -17.1701 -17.0145 -16.8739 -16.7493 -16.642 -16.554 -16.4884 -16.4497 -16.4453 -16.4874 -16.5996 -16.8349 -17.3629 nan nan nan nan nan nan 
-25.1836 -24.5433 -23.9481 -23.3931 -22.874 -22.3875 -21.9305 -21.5004 -21.0951 -20.7127 -20.3516 -20.0102 -19.6874 -19.3821 -19.0934 -18.8204 -18.5624 -18.319 -18.0896 -17.8739 -17.6717 -17.4828 -17.3074 -17.1455 -16.9976 -16.8643 -16.7466 -16.6459 -16.5642 -16.5046 -16.4716 -16.4726 -16.5199 -16.6371 -16.8771 -17.4097 nan nan nan nan nan 
-25.3703 -24.7289 -24.1326 -23.5764 -23.0562 -22.5684 -22.11 -21.6785 -21.2717 -20.8877 -20.5249 -20.1817 -19.857 -19.5497 -19.2587 -18.9833 -18.7228 -18.4765 -18.244 -18.0249 -17.8189 -17.6258 -17.4455 -17.2782 -17.1241 -16.9835 -16.8572 -16.746 -16.6516 -16.5759 -16.522 -16.4944 -16.5006 -16.5529 -16.6748 -16.9194 -17.4563 nan nan nan nan 
-25.5537 -24.9113 -24.314 -23.7566 -23.2352 -22.7462 -22.2865 -21.8537 -21.4455 -21.06 -20.6956 -20.3507 -20.0242 -19.7149 -19.4219 -19.1443 -18.8814 -18.6325 -18.3972 -18.175 -17.9655 -17.7687 -17.5842 -17.4121 -17.2525 -17.1056 -16.972 -16.8522 -16.7474 -16.6589 -16.5889 -16.5404 -16.5181 -16.5292 -16.5863 -16.7127 -16.9617 -17.5029 nan nan nan 
-25.7339 -25.0905 -24.4922 -23.9338 -23.4112 -22.921 -22.4602 -22.0261 -21.6165 -21.2296 -20.8637 -20.5172 -20.189 -19.8779 -19.583 -19.3033 -19.0382 -18.7869 -18.549 -18.324 -18.1114 -17.9111 -17.7229 -17.5465 -17.3821 -17.2298 -17.0899 -16.9629 -16.8494 -16.7506 -16.6678 -16.6032 -16.5599 -16.5426 -16.5585 -16.6201 -16.7509 -17.004 -17.5492 nan nan 
-25.911 -25.2667 -24.6674 -24.108 -23.5844 -23.093 -22.631 -22.1957 -21.7848 -21.3966 -21.0292 -20.6813 -20.3515 -20.0387 -19.742 -19.4604 -19.1932 -18.9397 -18.6994 -18.4718 -18.2564 -18.053 -17.8613 -17.6812 -17.5125 -17.3555 -17.2101 -17.0768 -16.9561 -16.8486 -16.7554 -16.6781 -16.6187 -16.5804 -16.5678 -16.5882 -16.6542 -16.7892 -17.0464 -17.5954 nan 
