nan nan nan nan nan nan nan nan nan nan nan nan nan nan nan nan nan nan nan nan nan nan nan nan nan nan nan nan nan nan nan nan nan nan nan nan nan nan nan nan nan 
-16.1403 nan nan nan nan nan nan nan nan nan nan nan nan nan nan nan nan nan nan nan nan nan nan nan nan nan nan nan nan nan nan nan nan nan nan nan nan nan nan nan nan 
-16.1209 -16.1486 nan nan nan nan nan nan nan nan nan nan nan nan nan nan nan nan nan nan nan nan nan nan nan nan nan nan nan nan nan nan nan nan nan nan nan nan nan nan nan 
-16.3498 -16.0899 -16.1627 nan nan nan nan nan nan nan nan nan nan nan nan nan nan nan nan nan nan nan nan nan nan nan nan nan nan nan nan nan nan nan nan nan nan nan nan nan nan 
-16.6616 -16.2839 -16.069 -16.1815 nan nan nan nan nan nan nan nan nan nan nan nan nan nan nan nan nan nan nan nan nan nan nan nan nan nan nan nan nan nan nan nan nan nan nan nan nan 
-17.0066 -16.5644 -16.2315 -16.0563 -16.2043 nan nan nan nan nan nan nan nan nan nan nan nan nan nan nan nan nan nan nan nan nan nan nan nan nan nan nan nan nan nan nan nan nan nan nan nan 
-17.3643 -16.8811 -16.4837 -16.1905 -16.0507 -16.2305 nan nan nan nan nan nan nan nan nan nan nan nan nan nan nan nan nan nan nan nan nan nan nan nan nan nan nan nan nan nan nan nan nan nan nan 
-17.7247 -17.2132 -16.7748 -16.4169 -16.1592 -16.0511 -16.2596 nan nan nan nan nan nan nan nan nan nan nan nan nan nan nan nan nan nan nan nan nan nan nan nan nan nan nan nan nan nan nan nan nan nan 
-18.0825 -17.5502 -17.0834 -16.6846 -16.3621 -16.1361 -16.0567 -16.2911 nan nan nan nan nan nan nan nan nan nan nan nan nan nan nan nan nan nan nan nan nan nan nan nan nan nan nan nan nan nan nan nan nan 
-18.4348 -17.8866 -17.399 -16.9719 -16.6083 -16.3176 -16.1202 -16.0667 -16.3248 nan nan nan nan nan nan nan nan nan nan nan nan nan nan nan nan nan nan nan nan nan nan nan nan nan nan nan nan nan nan nan nan 
-18.7801 -18.2193 -17.7158 -17.2678 -16.8759 -16.5441 -16.2819 -16.1104 -16.0806 -16.3603 nan nan nan nan nan nan nan nan nan nan nan nan nan nan nan nan nan nan nan nan nan nan nan nan nan nan nan nan nan nan nan 
-19.1176 -18.5466 -18.0304 -17.5664 -17.1537 -16.7934 -16.4902 -16.2539 -16.1061 -16.0978 -16.3974 nan nan nan nan nan nan nan nan nan nan nan nan nan nan nan nan nan nan nan nan nan nan nan nan nan nan nan nan nan nan 
-19.447 -18.8674 -18.3409 -17.8643 -17.4355 -17.0544 -16.7227 -16.4454 -16.2327 -16.1064 -16.118 -16.4359 nan nan nan nan nan nan nan nan nan nan nan nan nan nan nan nan nan nan nan nan nan nan nan nan nan nan nan nan nan 
-19.768 -19.1812 -18.6462 -18.1592 -17.7178 -17.3207 -16.9681 -16.6623 -16.4086 -16.2175 -16.111 -16.1408 -16.4755 nan nan nan nan nan nan nan nan nan nan nan nan nan nan nan nan nan nan nan nan nan nan nan nan nan nan nan nan 
-20.0807 -19.4877 -18.9455 -18.45 -17.9983 -17.5885 -17.2199 -16.8932 -16.6109 -16.3787 -16.2074 -16.1192 -16.1659 -16.5162 nan nan nan nan nan nan nan nan nan nan nan nan nan nan nan nan nan nan nan nan nan nan nan nan nan nan nan 
-20.3853 -19.787 -19.2386 -18.7359 -18.2756 -17.8554 -17.4741 -17.1314 -16.8282 -16.5675 -16.3551 -16.202 -16.1306 -16.1929 -16.5577 nan nan nan nan nan nan nan nan nan nan nan nan nan nan nan nan nan nan nan nan nan nan nan nan nan nan 
-20.6821 -20.0791 -19.5253 -19.0163 -18.5488 -18.12 -17.7284 -17.3729 -17.0537 -16.7721 -16.5312 -16.337 -16.2008 -16.145 -16.2217 -16.6 nan nan nan nan nan nan nan nan nan nan nan nan nan nan nan nan nan nan nan nan nan nan nan nan nan 
-20.9713 -20.364 -19.8055 -19.2912 -18.8174 -18.3814 -17.9812 -17.6154 -17.2834 -16.9858 -16.7239 -16.5012 -16.3238 -16.2032 -16.1619 -16.2521 -16.643 nan nan nan nan nan nan nan nan nan nan nan nan nan nan nan nan nan nan nan nan nan nan nan nan 
-21.2531 -20.6421 -20.0794 -19.5603 -19.0811 -18.6389 -18.2314 -17.857 -17.5147 -17.2043 -16.9264 -16.6827 -16.4769 -16.3151 -16.2089 -16.181 -16.2839 -16.6866 nan nan nan nan nan nan nan nan nan nan nan nan nan nan nan nan nan nan nan nan nan nan nan 
-21.5278 -20.9135 -20.347 -19.8237 -19.3398 -18.8921 -18.4784 -18.0967 -17.7458 -17.425 -17.1344 -16.8747 -16.6479 -16.4575 -16.3102 -16.2175 -16.2023 -16.3169 -16.7306 nan nan nan nan nan nan nan nan nan nan nan nan nan nan nan nan nan nan nan nan nan nan 
-21.7957 -21.1784 -20.6085 -20.0815 -19.5933 -19.1409 -18.7217 -18.3338 -17.9756 -17.6462 -17.3452 -17.0728 -16.8299 -16.6186 -16.4428 -16.3089 -16.2288 -16.2253 -16.351 -16.7751 nan nan nan nan nan nan nan nan nan nan nan nan nan nan nan nan nan nan nan nan nan 
-22.0572 -21.437 -20.8641 -20.3336 -19.8417 -19.3851 -18.9612 -18.5678 -18.2034 -17.8667 -17.5571 -17.2742 -17.0186 -16.7913 -16.5945 -16.4321 -16.3108 -16.2425 -16.25 -16.3861 -16.8199 nan nan nan nan nan nan nan nan nan nan nan nan nan nan nan nan nan nan nan nan 
-22.3124 -21.6896 -21.1139 -20.5804 -20.0851 -19.6247 -19.1965 -18.7984 -18.4285 -18.0856 -17.7687 -17.4772 -17.2112 -16.9711 -16.7582 -16.5749 -16.4251 -16.3156 -16.2583 -16.2762 -16.422 -16.8651 nan nan nan nan nan nan nan nan nan nan nan nan nan nan nan nan nan nan nan 
-22.5616 -21.9365 -21.3582 -20.8219 -20.3235 -19.8597 -19.4278 -19.0254 -18.6508 -18.3024 -17.9792 -17.6804 -17.4058 -17.1553 -16.9297 -16.7303 -16.5595 -16.4215 -16.323 -16.2761 -16.3038 -16.4587 -16.9104 nan nan nan nan nan nan nan nan nan nan nan nan nan nan nan nan nan nan 
-22.8051 -22.1778 -21.5972 -21.0582 -20.557 -20.0902 -19.6548 -19.2487 -18.8698 -18.5166 -18.188 -17.883 -17.601 -17.3419 -17.1059 -16.8937 -16.7069 -16.5479 -16.4209 -16.3328 -16.2956 -16.3325 -16.4961 -16.956 nan nan nan nan nan nan nan nan nan nan nan nan nan nan nan nan nan 
-23.0431 -22.4138 -21.8309 -21.2896 -20.7858 -20.3162 -19.8777 -19.4682 -19.0855 -18.7281 -18.3947 -18.0842 -17.796 -17.5296 -17.2849 -17.0624 -16.8628 -16.6877 -16.5398 -16.4231 -16.3447 -16.3167 -16.3623 -16.5341 -17.0018 nan nan nan nan nan nan nan nan nan nan nan nan nan nan nan nan 
-23.2758 -22.6446 -22.0597 -21.5162 -21.0101 -20.5378 -20.0965 -19.6839 -19.2978 -18.9366 -18.5989 -18.2837 -17.99 -17.7173 -17.4654 -17.2342 -17.0242 -16.8364 -16.6723 -16.5347 -16.4278 -16.3586 -16.3393 -16.393 -16.5726 -17.0476 nan nan nan nan nan nan nan nan nan nan nan nan nan nan nan 
-23.5035 -22.8705 -22.2837 -21.7382 -21.2298 -20.7551 -20.3113 -19.8958 -19.5066 -19.142 -18.8006 -18.4811 -18.1826 -17.9045 -17.6463 -17.4078 -17.1891 -16.9909 -16.8141 -16.6604 -16.5326 -16.4349 -16.3743 -16.3632 -16.4247 -16.6116 -17.0936 nan nan nan nan nan nan nan nan nan nan nan nan nan nan 
-23.7263 -23.0916 -22.503 -21.9556 -21.4452 -20.9683 -20.5221 -20.104 -19.712 -19.3443 -18.9995 -18.6762 -18.3734 -18.0905 -17.8268 -17.5821 -17.3561 -17.1493 -16.9621 -16.7956 -16.6517 -16.533 -16.444 -16.3916 -16.3882 -16.4571 -16.651 -17.1396 nan nan nan nan nan nan nan nan nan nan nan nan nan 
-23.9444 -23.3082 -22.718 -22.1687 -21.6564 -21.1775 -20.729 -20.3086 -19.914 -19.5435 -19.1955 -18.8688 -18.5623 -18.2751 -18.0066 -17.7564 -17.5242 -17.31 -17.1142 -16.9373 -16.7806 -16.6459 -16.5359 -16.455 -16.4105 -16.4144 -16.4902 -16.6908 -17.1857 nan nan nan nan nan nan nan nan nan nan nan nan 
-24.1581 -23.5204 -22.9286 -22.3777 -21.8636 -21.3827 -20.9322 -20.5096 -20.1126 -19.7395 -19.3886 -19.0588 -18.7489 -18.4579 -18.1852 -17.9302 -17.6925 -17.4721 -17.2689 -17.0835 -16.9163 -16.7688 -16.6427 -16.5409 -16.4678 -16.4306 -16.4415 -16.524 -16.7309 -17.2318 nan nan nan nan nan nan nan nan nan nan nan 
-24.3675 -23.7284 -23.1351 -22.5826 -22.0668 -21.5842 -21.1317 -20.707 -20.3078 -19.9323 -19.5789 -19.2462 -18.9332 -18.6388 -18.3623 -18.103 -17.8606 -17.6347 -17.4253 -17.2325 -17.0567 -16.8988 -16.7599 -16.642 -16.548 -16.4823 -16.452 -16.4696 -16.5584 -16.7713 -17.2779 nan nan nan nan nan nan nan nan nan nan 
-24.5728 -23.9323 -23.3376 -22.7836 -22.2662 -21.7819 -21.3277 -20.901 -20.4998 -20.122 -19.7662 -19.431 -19.1151 -18.8176 -18.5377 -18.2746 -18.0279 -17.7972 -17.5824 -17.3833 -17.2002 -17.0337 -16.8844 -16.7538 -16.6436 -16.5569 -16.4982 -16.4746 -16.4985 -16.5932 -16.8119 -17.324 nan nan nan nan nan nan nan nan nan 
-24.7741 -24.1324 -23.5363 -22.9809 -22.462 -21.9761 -21.5202 -21.0917 -20.6885 -20.3087 -19.9507 -19.6131 -19.2946 -18.9943 -18.7112 -18.4447 -18.1942 -17.9593 -17.7396 -17.5351 -17.3458 -17.1719 -17.014 -16.873 -16.7501 -16.6473 -16.5676 -16.5155 -16.4982 -16.5281 -16.6286 -16.8527 -17.37 nan nan nan nan nan nan nan nan 
-24.9716 -24.3286 -23.7312 -23.1745 -22.6542 -22.1668 -21.7093 -21.2791 -20.8742 -20.4924 -20.1324 -19.7925 -19.4716 -19.1687 -18.8828 -18.6132 -18.3593 -18.1206 -17.8966 -17.6873 -17.4926 -17.3124 -17.1472 -16.9975 -16.8642 -16.7487 -16.6529 -16.5798 -16.534 -16.5227 -16.5583 -16.6643 -16.8936 -17.416 nan nan nan nan nan nan nan 
-25.1654 -24.5212 -23.9227 -23.3646 -22.843 -22.3541 -21.8951 -21.4634 -21.0567 -20.6732 -20.3112 -19.9693 -19.6462 -19.3409 -19.0524 -18.7799 -18.5229 -18.2808 -18.053 -17.8395 -17.6399 -17.4543 -17.2828 -17.1258 -16.9839 -16.858 -16.7494 -16.6602 -16.5935 -16.5537 -16.5481 -16.5892 -16.7004 -16.9348 -17.4619 nan nan nan nan nan nan 
-25.3556 -24.7104 -24.1106 -23.5514 -23.0284 -22.5382 -22.0778 -21.6446 -21.2363 -20.8511 -20.4873 -20.1434 -19.8183 -19.5107 -19.2199 -18.9448 -18.685 -18.4397 -18.2086 -17.9912 -17.7874 -17.597 -17.4201 -17.2568 -17.1076 -16.973 -16.854 -16.7521 -16.6693 -16.6085 -16.5745 -16.5744 -16.6207 -16.7369 -16.976 -17.5077 nan nan nan nan nan 
-25.5424 -24.8961 -24.2952 -23.7348 -23.2106 -22.7192 -22.2574 -21.8227 -21.413 -21.0262 -20.6607 -20.315 -19.9879 -19.6783 -19.3852 -19.1078 -18.8453 -18.5972 -18.363 -18.1422 -17.9346 -17.74 -17.5582 -17.3895 -17.234 -17.0921 -16.9645 -16.8522 -16.7566 -16.6798 -16.6248 -16.5962 -16.6014 -16.6527 -16.7737 -17.0173 -17.5534 nan nan nan nan 
-25.7259 -25.0786 -24.4767 -23.9151 -23.3898 -22.8971 -22.434 -21.998 -21.5868 -21.1985 -20.8314 -20.484 -20.1552 -19.8436 -19.5485 -19.2688 -19.004 -18.7533 -18.5162 -18.2923 -18.0813 -17.8828 -17.6969 -17.5234 -17.3624 -17.2143 -17.0794 -16.9584 -16.8524 -16.7628 -16.6917 -16.6422 -16.6188 -16.629 -16.6851 -16.8107 -17.0587 -17.599 nan nan nan 
-25.9063 -25.2579 -24.655 -24.0924 -23.5659 -23.072 -22.6077 -22.1704 -21.7579 -21.3681 -20.9995 -20.6506 -20.32 -20.0067 -19.7096 -19.4279 -19.1608 -18.9077 -18.668 -18.4413 -18.2272 -18.0253 -17.8356 -17.6578 -17.4921 -17.3385 -17.1973 -17.0691 -16.9544 -16.8545 -16.7706 -16.705 -16.6607 -16.6423 -16.6573 -16.718 -16.8479 -17.1002 -17.6445 nan nan 
-26.0835 -25.4342 -24.8303 -24.2667 -23.7391 -23.2441 -22.7787 -22.3401 -21.9263 -21.5352 -21.1651 -20.8147 -20.4825 -20.1675 -19.8686 -19.585 -19.3158 -19.0605 -18.8185 -18.5891 -18.3722 -18.1672 -17.974 -17.7925 -17.6225 -17.4641 -17.3175 -17.183 -17.0611 -16.9524 -16.8582 -16.7798 -16.7194 -16.6801 -16.6666 -16.6861 -16.7512 -16.8854 -17.1417 -17.6899 nan 
