nan nan nan nan nan nan nan nan nan nan nan nan nan nan nan nan nan nan nan nan nan nan nan nan nan nan nan nan nan nan nan nan nan nan nan nan nan nan nan nan nan 
-14.547 nan nan nan nan nan nan nan nan nan nan nan nan nan nan nan nan nan nan nan nan nan nan nan nan nan nan nan nan nan nan nan nan nan nan nan nan nan nan nan nan 
-14.5197 -14.5787 nan nan nan nan nan nan nan nan nan nan nan nan nan nan nan nan nan nan nan nan nan nan nan nan nan nan nan nan nan nan nan nan nan nan nan nan nan nan nan 
-14.741 -14.5123 -14.6141 nan nan nan nan nan nan nan nan nan nan nan nan nan nan nan nan nan nan nan nan nan nan nan nan nan nan nan nan nan nan nan nan nan nan nan nan nan nan 
-15.0454 -14.6989 -14.5129 -14.6526 nan nan nan nan nan nan nan nan nan nan nan nan nan nan nan nan nan nan nan nan nan nan nan nan nan nan nan nan nan nan nan nan nan nan nan nan nan 
-15.3833 -14.9721 -14.6682 -14.5201 -14.6936 nan nan nan nan nan nan nan nan nan nan nan nan nan nan nan nan nan nan nan nan nan nan nan nan nan nan nan nan nan nan nan nan nan nan nan nan 
-15.734 -15.2818 -14.9133 -14.6473 -14.5329 -14.7367 nan nan nan nan nan nan nan nan nan nan nan nan nan nan nan nan nan nan nan nan nan nan nan nan nan nan nan nan nan nan nan nan nan nan nan 
-16.0875 -15.6071 -15.1976 -14.8668 -14.6345 -14.5505 -14.7816 nan nan nan nan nan nan nan nan nan nan nan nan nan nan nan nan nan nan nan nan nan nan nan nan nan nan nan nan nan nan nan nan nan nan 
-16.4386 -15.9374 -15.4996 -15.1278 -14.8308 -14.6287 -14.5719 -14.8278 nan nan nan nan nan nan nan nan nan nan nan nan nan nan nan nan nan nan nan nan nan nan nan nan nan nan nan nan nan nan nan nan nan 
-16.7845 -16.2673 -15.8087 -15.4086 -15.0705 -14.8037 -14.6289 -14.5968 -14.8752 nan nan nan nan nan nan nan nan nan nan nan nan nan nan nan nan nan nan nan nan nan nan nan nan nan nan nan nan nan nan nan nan 
-17.1235 -16.5937 -16.1191 -15.6982 -15.3317 -15.0238 -14.7842 -14.6341 -14.6246 -14.9236 nan nan nan nan nan nan nan nan nan nan nan nan nan nan nan nan nan nan nan nan nan nan nan nan nan nan nan nan nan nan nan 
-17.4549 -16.9148 -16.4276 -15.9906 -15.6033 -15.267 -14.9863 -14.7714 -14.6438 -14.6549 -14.9728 nan nan nan nan nan nan nan nan nan nan nan nan nan nan nan nan nan nan nan nan nan nan nan nan nan nan nan nan nan nan 
-17.7781 -17.2296 -16.732 -16.2824 -15.8791 -15.5219 -15.2128 -14.9568 -14.7644 -14.6574 -14.6873 -15.0226 nan nan nan nan nan nan nan nan nan nan nan nan nan nan nan nan nan nan nan nan nan nan nan nan nan nan nan nan nan 
-18.0932 -17.5374 -17.0313 -16.5714 -16.1554 -15.7822 -15.4522 -15.1678 -14.9343 -14.7625 -14.6743 -14.7216 -15.073 nan nan nan nan nan nan nan nan nan nan nan nan nan nan nan nan nan nan nan nan nan nan nan nan nan nan nan nan 
-18.4002 -17.8382 -17.3249 -16.8564 -16.4301 -16.0442 -15.6982 -15.3928 -15.1309 -14.9179 -14.765 -14.6942 -14.7576 -15.1238 nan nan nan nan nan nan nan nan nan nan nan nan nan nan nan nan nan nan nan nan nan nan nan nan nan nan nan 
-18.6992 -18.1318 -17.6123 -17.1366 -16.7017 -16.3055 -15.9467 -15.6254 -15.3425 -15.1011 -14.907 -14.7714 -14.7167 -14.7949 -15.175 nan nan nan nan nan nan nan nan nan nan nan nan nan nan nan nan nan nan nan nan nan nan nan nan nan nan 
-18.9904 -18.4183 -17.8934 -17.4115 -16.9693 -16.5645 -16.1955 -15.8614 -15.5625 -15.3001 -15.0775 -14.9008 -14.7812 -14.7414 -14.8335 -15.2264 nan nan nan nan nan nan nan nan nan nan nan nan nan nan nan nan nan nan nan nan nan nan nan nan nan 
-19.2741 -18.6979 -18.1682 -17.6809 -17.2325 -16.8204 -16.4428 -16.0984 -15.7867 -15.5083 -15.2648 -15.0596 -14.8989 -14.7942 -14.7681 -14.8731 -15.278 nan nan nan nan nan nan nan nan nan nan nan nan nan nan nan nan nan nan nan nan nan nan nan nan 
-19.5506 -18.9706 -18.4368 -17.9447 -17.4909 -17.0726 -16.6877 -16.3346 -16.0126 -15.7215 -15.4619 -15.2358 -15.0466 -14.9007 -14.8098 -14.7967 -14.9136 -15.3298 nan nan nan nan nan nan nan nan nan nan nan nan nan nan nan nan nan nan nan nan nan nan nan 
-19.8201 -19.2367 -18.6992 -18.2029 -17.7443 -17.3206 -16.9295 -16.5691 -16.2385 -15.937 -15.6647 -15.4225 -15.2124 -15.038 -14.906 -14.8279 -14.8268 -14.9549 -15.3817 nan nan nan nan nan nan nan nan nan nan nan nan nan nan nan nan nan nan nan nan nan nan 
-20.0829 -19.4965 -18.9555 -18.4555 -17.9928 -17.5643 -17.1677 -16.8011 -16.4632 -16.1531 -15.8705 -15.6155 -15.3893 -15.194 -15.0335 -14.9143 -14.8482 -14.8583 -14.997 -15.4336 nan nan nan nan nan nan nan nan nan nan nan nan nan nan nan nan nan nan nan nan nan 
-20.3393 -19.7501 -19.2061 -18.7027 -18.2362 -17.8035 -17.4021 -17.0301 -16.686 -16.3686 -16.0773 -15.812 -15.573 -15.3617 -15.1802 -15.0325 -14.9253 -14.8704 -14.891 -15.0396 -15.4855 nan nan nan nan nan nan nan nan nan nan nan nan nan nan nan nan nan nan nan nan 
-20.5896 -19.9978 -19.451 -18.9445 -18.4746 -18.0381 -17.6326 -17.2558 -16.9062 -16.5826 -16.284 -16.01 -15.7607 -15.5366 -15.339 -15.1704 -15.0347 -14.9387 -14.8944 -14.9249 -15.0827 -15.5374 nan nan nan nan nan nan nan nan nan nan nan nan nan nan nan nan nan nan nan 
-20.834 -20.2398 -19.6904 -19.1811 -18.7082 -18.2683 -17.8589 -17.478 -17.1236 -16.7945 -16.4897 -16.2084 -15.9505 -15.716 -15.5057 -15.321 -15.1643 -15.0398 -14.9544 -14.9199 -14.9597 -15.1263 -15.5892 nan nan nan nan nan nan nan nan nan nan nan nan nan nan nan nan nan nan 
-21.0727 -20.4764 -19.9246 -19.4127 -18.9369 -18.494 -18.0812 -17.6965 -17.3379 -17.0041 -16.6938 -16.4063 -16.141 -15.8979 -15.6772 -15.4797 -15.307 -15.1616 -15.0476 -14.972 -14.9469 -14.9954 -15.1703 -15.641 nan nan nan nan nan nan nan nan nan nan nan nan nan nan nan nan nan 
-21.306 -20.7076 -20.1537 -19.6394 -19.1611 -18.7153 -18.2995 -17.9113 -17.549 -17.2109 -16.8958 -16.6029 -16.3314 -16.0809 -15.8516 -15.6438 -15.4583 -15.2967 -15.1618 -15.0577 -14.9914 -14.9751 -15.0318 -15.2145 -15.6927 nan nan nan nan nan nan nan nan nan nan nan nan nan nan nan nan 
-21.5341 -20.9338 -20.3778 -19.8614 -19.3807 -18.9323 -18.5137 -18.1224 -17.7567 -17.4148 -17.0955 -16.7978 -16.5208 -16.2642 -16.0275 -15.811 -15.6152 -15.4409 -15.2899 -15.1648 -15.07 -15.0125 -15.0044 -15.069 -15.2591 -15.7442 nan nan nan nan nan nan nan nan nan nan nan nan nan nan nan 
-21.7572 -21.1552 -20.5973 -20.0788 -19.5959 -19.1452 -18.7239 -18.3299 -17.961 -17.6157 -17.2927 -16.9907 -16.709 -16.4469 -16.204 -15.9802 -15.7757 -15.591 -15.4272 -15.2861 -15.1703 -15.0843 -15.035 -15.0347 -15.1067 -15.3038 -15.7956 nan nan nan nan nan nan nan nan nan nan nan nan nan nan 
-21.9756 -21.3719 -20.8122 -20.2918 -19.8069 -19.3539 -18.9303 -18.5337 -18.162 -17.8136 -17.4871 -17.1814 -16.8954 -16.6285 -16.3802 -16.1501 -15.9383 -15.745 -15.5709 -15.417 -15.2851 -15.1781 -15.1003 -15.0589 -15.066 -15.145 -15.3488 -15.8469 nan nan nan nan nan nan nan nan nan nan nan nan nan 
-22.1893 -21.5841 -21.0227 -20.5006 -20.0137 -19.5587 -19.1329 -18.7339 -18.3596 -18.0084 -17.6788 -17.3697 -17.0799 -16.8088 -16.5557 -16.3202 -16.1021 -15.9015 -15.7187 -15.5544 -15.4098 -15.2867 -15.188 -15.118 -15.084 -15.0981 -15.1837 -15.3938 -15.898 nan nan nan nan nan nan nan nan nan nan nan nan 
-22.3987 -21.792 -21.229 -20.7052 -20.2165 -19.7597 -19.3318 -18.9306 -18.5539 -18.2001 -17.8677 -17.5555 -17.2623 -16.9874 -16.73 -16.4897 -16.2662 -16.0593 -15.8693 -15.6963 -15.5414 -15.4055 -15.2907 -15.1998 -15.1372 -15.1102 -15.1309 -15.2229 -15.439 -15.9489 nan nan nan nan nan nan nan nan nan nan nan 
-22.6038 -21.9957 -21.4313 -20.9059 -20.4155 -19.9569 -19.5271 -19.1238 -18.745 -18.3888 -18.0538 -17.7387 -17.4424 -17.1641 -16.9029 -16.6584 -16.4301 -16.2178 -16.0215 -15.8412 -15.6776 -15.5314 -15.4038 -15.2968 -15.2133 -15.1577 -15.1373 -15.1644 -15.2624 -15.4843 -15.9996 nan nan nan nan nan nan nan nan nan nan 
-22.8049 -22.1954 -21.6296 -21.1027 -20.6108 -20.1505 -19.7189 -19.3137 -18.9328 -18.5744 -18.237 -17.9193 -17.6202 -17.3388 -17.0742 -16.8259 -16.5934 -16.3763 -16.1745 -15.988 -15.8171 -15.6622 -15.5243 -15.4045 -15.3049 -15.2284 -15.1795 -15.1654 -15.1986 -15.3023 -15.5296 -16.0501 nan nan nan nan nan nan nan nan nan 
-23.0021 -22.3913 -21.8242 -21.2959 -20.8024 -20.3405 -19.9073 -19.5003 -19.1175 -18.757 -18.4174 -18.0974 -17.7957 -17.5114 -17.2438 -16.992 -16.7557 -16.5344 -16.3278 -16.1359 -15.9587 -15.7965 -15.6499 -15.5198 -15.4074 -15.3148 -15.245 -15.2024 -15.1944 -15.2332 -15.3424 -15.5749 -16.1004 nan nan nan nan nan nan nan nan 
-23.1955 -22.5835 -22.0151 -21.4854 -20.9906 -20.5272 -20.0924 -19.6837 -19.2991 -18.9367 -18.5951 -18.2728 -17.9687 -17.6819 -17.4114 -17.1566 -16.9168 -16.6917 -16.4809 -16.2842 -16.1015 -15.9331 -15.7792 -15.6404 -15.5177 -15.4123 -15.3264 -15.2629 -15.2263 -15.224 -15.2683 -15.3827 -15.6202 -16.1505 nan nan nan nan nan nan nan 
-23.3852 -22.7721 -22.2025 -21.6716 -21.1754 -20.7106 -20.2742 -19.864 -19.4777 -19.1135 -18.77 -18.4456 -18.1394 -17.8501 -17.577 -17.3194 -17.0765 -16.848 -16.6334 -16.4324 -16.245 -16.0712 -15.911 -15.7649 -15.6336 -15.5178 -15.4191 -15.3395 -15.282 -15.2512 -15.2544 -15.3039 -15.4233 -15.6656 -16.2004 nan nan nan nan nan nan 
-23.5715 -22.9573 -22.3865 -21.8544 -21.3569 -20.8907 -20.453 -20.0412 -19.6534 -19.2875 -18.9422 -18.6159 -18.3076 -18.0161 -17.7407 -17.4804 -17.2348 -17.0031 -16.7851 -16.5804 -16.3887 -16.2101 -16.0445 -15.8921 -15.7535 -15.6291 -15.52 -15.4277 -15.3541 -15.3023 -15.277 -15.2854 -15.3399 -15.464 -15.7108 -16.25 nan nan nan nan nan 
-23.7544 -23.1391 -22.5672 -22.0339 -21.5353 -21.0678 -20.6287 -20.2156 -19.8262 -19.4588 -19.1117 -18.7837 -18.4734 -18.1799 -17.9023 -17.6396 -17.3914 -17.1569 -16.9358 -16.7276 -16.5322 -16.3493 -16.1789 -16.0211 -15.8762 -15.7446 -15.6269 -15.5241 -15.4378 -15.37 -15.3237 -15.3035 -15.3169 -15.3762 -15.5049 -15.7561 -16.2995 nan nan nan nan 
-23.9341 -23.3178 -22.7448 -22.2104 -21.7106 -21.2419 -20.8015 -20.387 -19.9962 -19.6273 -19.2787 -18.949 -18.6369 -18.3415 -18.0618 -17.7969 -17.5463 -17.3092 -17.0853 -16.874 -16.6752 -16.4885 -16.3139 -16.1513 -16.001 -15.8631 -15.7381 -15.6267 -15.53 -15.4494 -15.387 -15.346 -15.3308 -15.349 -15.4128 -15.5459 -15.8012 -16.3486 nan nan nan 
-24.1106 -23.4933 -22.9194 -22.3839 -21.8829 -21.4131 -20.9715 -20.5557 -20.1636 -19.7933 -19.4431 -19.1118 -18.7981 -18.5009 -18.2192 -17.9523 -17.6995 -17.46 -17.2335 -17.0194 -16.8175 -16.6274 -16.449 -16.2822 -16.1271 -15.9837 -15.8525 -15.7338 -15.6285 -15.5375 -15.4624 -15.4052 -15.3691 -15.3588 -15.3815 -15.4497 -15.5869 -15.8463 -16.3976 nan nan 
-24.2841 -23.6659 -23.0909 -22.5544 -22.0524 -21.5815 -21.1387 -20.7217 -20.3283 -19.9566 -19.6051 -19.2723 -18.957 -18.6581 -18.3746 -18.1058 -17.8509 -17.6093 -17.3803 -17.1637 -16.9589 -16.7657 -16.5839 -16.4133 -16.2539 -16.1058 -15.9691 -15.8442 -15.7316 -15.632 -15.5465 -15.4766 -15.4245 -15.3931 -15.3873 -15.4144 -15.4868 -15.6281 -15.8913 -16.4463 nan 
