nan nan nan nan nan nan nan nan nan nan nan nan nan nan nan nan nan nan nan nan nan nan nan nan nan nan nan nan nan nan nan nan nan nan nan nan nan nan nan nan nan 
-15.278 nan nan nan nan nan nan nan nan nan nan nan nan nan nan nan nan nan nan nan nan nan nan nan nan nan nan nan nan nan nan nan nan nan nan nan nan nan nan nan nan 
-15.2137 -15.2762 nan nan nan nan nan nan nan nan nan nan nan nan nan nan nan nan nan nan nan nan nan nan nan nan nan nan nan nan nan nan nan nan nan nan nan nan nan nan nan 
-15.4007 -15.1753 -15.2807 nan nan nan nan nan nan nan nan nan nan nan nan nan nan nan nan nan nan nan nan nan nan nan nan nan nan nan nan nan nan nan nan nan nan nan nan nan nan 
-15.6731 -15.3297 -15.1472 -15.2905 nan nan nan nan nan nan nan nan nan nan nan nan nan nan nan nan nan nan nan nan nan nan nan nan nan nan nan nan nan nan nan nan nan nan nan nan nan 
-15.9812 -15.573 -15.2724 -15.1277 -15.3047 nan nan nan nan nan nan nan nan nan nan nan nan nan nan nan nan nan nan nan nan nan nan nan nan nan nan nan nan nan nan nan nan nan nan nan nan 
-16.304 -15.8547 -15.4892 -15.2264 -15.1155 -15.3228 nan nan nan nan nan nan nan nan nan nan nan nan nan nan nan nan nan nan nan nan nan nan nan nan nan nan nan nan nan nan nan nan nan nan nan 
-16.6314 -16.1535 -15.7469 -15.4193 -15.1902 -15.1095 -15.3441 nan nan nan nan nan nan nan nan nan nan nan nan nan nan nan nan nan nan nan nan nan nan nan nan nan nan nan nan nan nan nan nan nan nan 
-16.9579 -16.4591 -16.024 -15.6552 -15.3613 -15.1624 -15.109 -15.3682 nan nan nan nan nan nan nan nan nan nan nan nan nan nan nan nan nan nan nan nan nan nan nan nan nan nan nan nan nan nan nan nan nan 
-17.2805 -16.7656 -16.3095 -15.9122 -15.5772 -15.3134 -15.1419 -15.1131 -15.3947 nan nan nan nan nan nan nan nan nan nan nan nan nan nan nan nan nan nan nan nan nan nan nan nan nan nan nan nan nan nan nan nan 
-17.5975 -17.0698 -16.5977 -16.1794 -15.8158 -15.511 -15.2745 -15.1276 -15.1212 -15.4234 nan nan nan nan nan nan nan nan nan nan nan nan nan nan nan nan nan nan nan nan nan nan nan nan nan nan nan nan nan nan nan 
-17.908 -17.37 -16.885 -16.4507 -16.0661 -15.7327 -15.4551 -15.2432 -15.1188 -15.1329 -15.4539 nan nan nan nan nan nan nan nan nan nan nan nan nan nan nan nan nan nan nan nan nan nan nan nan nan nan nan nan nan nan 
-18.2115 -17.6648 -17.1695 -16.7223 -16.3217 -15.9673 -15.6611 -15.4081 -15.2188 -15.1148 -15.1478 -15.4861 nan nan nan nan nan nan nan nan nan nan nan nan nan nan nan nan nan nan nan nan nan nan nan nan nan nan nan nan nan 
-18.5078 -17.9538 -17.4498 -16.9923 -16.5788 -16.2083 -15.8812 -15.5996 -15.3691 -15.2002 -15.115 -15.1653 -15.5196 nan nan nan nan nan nan nan nan nan nan nan nan nan nan nan nan nan nan nan nan nan nan nan nan nan nan nan nan 
-18.7969 -18.2366 -17.7253 -17.2591 -16.8352 -16.4519 -16.1087 -15.8061 -15.5471 -15.337 -15.1869 -15.1191 -15.1853 -15.5544 nan nan nan nan nan nan nan nan nan nan nan nan nan nan nan nan nan nan nan nan nan nan nan nan nan nan nan 
-19.0789 -18.5131 -17.9954 -17.5219 -17.0894 -16.6957 -16.3396 -16.021 -15.7409 -15.5023 -15.3111 -15.1783 -15.1264 -15.2075 -15.5903 nan nan nan nan nan nan nan nan nan nan nan nan nan nan nan nan nan nan nan nan nan nan nan nan nan nan 
-19.3538 -18.7832 -18.2601 -17.7803 -17.3404 -16.938 -16.5716 -16.2402 -15.944 -15.6844 -15.4646 -15.2906 -15.1738 -15.1367 -15.2315 -15.6271 nan nan nan nan nan nan nan nan nan nan nan nan nan nan nan nan nan nan nan nan nan nan nan nan nan 
-19.622 -19.0471 -18.5192 -18.0338 -17.5877 -17.178 -16.8028 -16.461 -16.152 -15.8764 -15.6356 -15.4331 -15.2751 -15.1731 -15.1497 -15.2573 -15.6648 nan nan nan nan nan nan nan nan nan nan nan nan nan nan nan nan nan nan nan nan nan nan nan nan 
-19.8836 -19.3049 -18.7727 -18.2825 -17.8309 -17.4149 -17.0324 -16.6819 -16.3625 -16.074 -15.8171 -15.5937 -15.4071 -15.2639 -15.1756 -15.165 -15.2845 -15.7032 nan nan nan nan nan nan nan nan nan nan nan nan nan nan nan nan nan nan nan nan nan nan nan 
-20.1389 -19.5567 -19.0207 -18.5262 -18.0698 -17.6483 -17.2595 -16.9017 -16.5736 -16.2747 -16.005 -15.7654 -15.5579 -15.3862 -15.2567 -15.1812 -15.1825 -15.3131 -15.7422 nan nan nan nan nan nan nan nan nan nan nan nan nan nan nan nan nan nan nan nan nan nan 
-20.3881 -19.8028 -19.2633 -18.765 -18.3042 -17.8779 -17.4837 -17.1195 -16.7841 -16.4765 -16.1964 -15.9441 -15.7204 -15.5277 -15.3697 -15.253 -15.1894 -15.2019 -15.3429 -15.7818 nan nan nan nan nan nan nan nan nan nan nan nan nan nan nan nan nan nan nan nan nan 
-20.6315 -20.0433 -19.5006 -18.9989 -18.5343 -18.1037 -17.7046 -17.335 -16.9932 -16.6783 -16.3896 -16.1268 -15.8903 -15.6815 -15.5025 -15.3573 -15.2525 -15.2001 -15.223 -15.3738 -15.8219 nan nan nan nan nan nan nan nan nan nan nan nan nan nan nan nan nan nan nan nan 
-20.8692 -20.2783 -19.7328 -19.2279 -18.7599 -18.3254 -17.9221 -17.5476 -17.2004 -16.8792 -16.5831 -16.3116 -16.0648 -15.8432 -15.648 -15.4818 -15.3485 -15.2549 -15.2129 -15.2456 -15.4056 -15.8624 nan nan nan nan nan nan nan nan nan nan nan nan nan nan nan nan nan nan nan 
-21.1015 -20.5082 -19.9601 -19.4523 -18.9811 -18.5432 -18.136 -17.7573 -17.4052 -17.0785 -16.7761 -16.4973 -16.2418 -16.0098 -15.8019 -15.6195 -15.4652 -15.3431 -15.2599 -15.2277 -15.2696 -15.4383 -15.9033 nan nan nan nan nan nan nan nan nan nan nan nan nan nan nan nan nan nan 
-21.3287 -20.7331 -20.1825 -19.6721 -19.198 -18.757 -18.3463 -17.9638 -17.6075 -17.2759 -16.968 -16.6829 -16.4201 -16.1794 -15.9611 -15.7659 -15.5955 -15.4524 -15.3407 -15.2673 -15.2443 -15.2949 -15.4718 -15.9445 nan nan nan nan nan nan nan nan nan nan nan nan nan nan nan nan nan 
-21.5509 -20.9532 -20.4003 -19.8875 -19.4108 -18.9669 -18.553 -18.167 -17.8069 -17.4711 -17.1584 -16.8678 -16.5986 -16.3506 -16.1236 -15.9181 -15.7349 -15.5756 -15.4429 -15.341 -15.2768 -15.2625 -15.3213 -15.5059 -15.986 nan nan nan nan nan nan nan nan nan nan nan nan nan nan nan nan 
-21.7683 -21.1686 -20.6136 -20.0986 -19.6194 -19.1729 -18.7562 -18.367 -18.0034 -17.6638 -17.3468 -17.0514 -16.7768 -16.5224 -16.2881 -16.0739 -15.8803 -15.7083 -15.5594 -15.4365 -15.3438 -15.2883 -15.2822 -15.3487 -15.5407 -16.0277 nan nan nan nan nan nan nan nan nan nan nan nan nan nan nan 
-21.9811 -21.3796 -20.8227 -20.3055 -19.8241 -19.3751 -18.9558 -18.5637 -18.197 -17.8539 -17.5331 -17.2334 -16.9539 -16.6941 -16.4535 -16.232 -16.0297 -15.8473 -15.6857 -15.5467 -15.433 -15.349 -15.3017 -15.3033 -15.3771 -15.576 -16.0696 nan nan nan nan nan nan nan nan nan nan nan nan nan nan 
-22.1896 -21.5863 -21.0275 -20.5084 -20.0248 -19.5736 -19.1518 -18.7572 -18.3876 -18.0414 -17.7171 -17.4135 -17.1298 -16.8652 -16.6191 -16.3913 -16.1817 -15.9906 -15.8186 -15.6668 -15.537 -15.432 -15.3562 -15.3166 -15.3255 -15.4063 -15.6118 -16.1116 nan nan nan nan nan nan nan nan nan nan nan nan nan 
-22.3938 -21.7889 -21.2284 -20.7074 -20.2219 -19.7685 -19.3445 -18.9474 -18.5752 -18.2261 -17.8987 -17.5917 -17.3042 -17.0352 -16.7843 -16.5511 -16.3352 -16.1367 -15.9561 -15.7939 -15.6513 -15.5302 -15.4334 -15.3653 -15.3331 -15.3489 -15.4363 -15.648 -16.1538 nan nan nan nan nan nan nan nan nan nan nan nan 
-22.5939 -21.9875 -21.4253 -20.9026 -20.4153 -19.96 -19.5338 -19.1345 -18.7598 -18.4081 -18.0778 -17.7677 -17.4767 -17.204 -16.9488 -16.7107 -16.4893 -16.2846 -16.0966 -15.9258 -15.7728 -15.6389 -15.526 -15.4369 -15.3762 -15.3509 -15.3734 -15.467 -15.6847 -16.196 nan nan nan nan nan nan nan nan nan nan nan 
-22.7902 -22.1823 -21.6186 -21.0942 -20.6051 -20.148 -19.7199 -19.3184 -18.9415 -18.5874 -18.2545 -17.9415 -17.6474 -17.3712 -17.1122 -16.8698 -16.6436 -16.4334 -16.2392 -16.061 -15.8993 -15.7551 -15.6294 -15.5242 -15.4425 -15.3887 -15.37 -15.3987 -15.4983 -15.7216 -16.2384 nan nan nan nan nan nan nan nan nan nan 
-22.9827 -22.3734 -21.8082 -21.2823 -20.7916 -20.3327 -19.9028 -19.4994 -19.1203 -18.7639 -18.4286 -18.113 -17.816 -17.5367 -17.2743 -17.0281 -16.7976 -16.5826 -16.3829 -16.1984 -16.0294 -15.8765 -15.7404 -15.6225 -15.5247 -15.4499 -15.4027 -15.3902 -15.4249 -15.5301 -15.7589 -16.2808 nan nan nan nan nan nan nan nan nan 
-23.1716 -22.561 -21.9944 -21.467 -20.9747 -20.5142 -20.0825 -19.6773 -19.2963 -18.9378 -18.6002 -18.2822 -17.9826 -17.7004 -17.4349 -17.1852 -16.951 -16.7317 -16.5271 -16.3372 -16.162 -16.0017 -15.857 -15.7286 -15.618 -15.5272 -15.459 -15.418 -15.4115 -15.4519 -15.5625 -15.7964 -16.3232 nan nan nan nan nan nan nan nan 
-23.357 -22.7451 -22.1772 -21.6484 -21.1546 -20.6926 -20.2593 -19.8523 -19.4695 -19.1091 -18.7694 -18.4491 -18.1471 -17.8623 -17.5939 -17.3411 -17.1034 -16.8803 -16.6715 -16.4767 -16.296 -16.1295 -15.9775 -15.8405 -15.7195 -15.6158 -15.5316 -15.4696 -15.4346 -15.4338 -15.4795 -15.5953 -15.8341 -16.3656 nan nan nan nan nan nan nan 
-23.5391 -22.926 -22.3567 -21.8266 -21.3315 -20.868 -20.4332 -20.0245 -19.64 -19.2777 -18.9361 -18.6137 -18.3095 -18.0222 -17.7512 -17.4956 -17.2547 -17.0282 -16.8156 -16.6166 -16.4311 -16.2591 -16.1007 -15.9564 -15.8268 -15.7128 -15.6157 -15.5377 -15.4817 -15.4524 -15.4569 -15.5078 -15.6285 -15.872 -16.4081 nan nan nan nan nan nan 
-23.718 -23.1036 -22.5332 -22.0018 -21.5053 -21.0404 -20.6041 -20.194 -19.8078 -19.4438 -19.1004 -18.7761 -18.4697 -18.1802 -17.9068 -17.6485 -17.4048 -17.1752 -16.9591 -16.7563 -16.5665 -16.3897 -16.2259 -16.0754 -15.9384 -15.8157 -15.7083 -15.6175 -15.5454 -15.4951 -15.4712 -15.4809 -15.5367 -15.6621 -15.9101 -16.4505 nan nan nan nan nan 
-23.8937 -23.2782 -22.7066 -22.174 -21.6763 -21.2101 -20.7724 -20.3608 -19.9731 -19.6074 -19.2622 -18.9361 -18.6278 -18.3362 -18.0605 -17.7999 -17.5536 -17.3211 -17.1019 -16.8956 -16.7021 -16.521 -16.3524 -16.1964 -16.0532 -15.9232 -15.8071 -15.7059 -15.6211 -15.5547 -15.5098 -15.491 -15.5057 -15.5662 -15.6961 -15.9484 -16.4928 nan nan nan nan 
-24.0664 -23.4499 -22.8772 -22.3434 -21.8444 -21.3769 -20.9379 -20.5249 -20.1358 -19.7686 -19.4218 -19.0939 -18.7838 -18.4903 -18.2125 -17.9496 -17.7009 -17.4658 -17.2437 -17.0344 -16.8374 -16.6525 -16.4797 -16.3188 -16.1702 -16.0339 -15.9105 -15.8007 -15.7055 -15.6263 -15.5653 -15.5256 -15.5117 -15.5311 -15.5961 -15.7303 -15.9867 -16.5352 nan nan nan 
-24.2362 -23.6187 -23.0449 -22.51 -22.0099 -21.5411 -21.1009 -20.6865 -20.296 -19.9274 -19.579 -19.2495 -18.9377 -18.6424 -18.3626 -18.0977 -17.8467 -17.6092 -17.3845 -17.1723 -16.9722 -16.7839 -16.6073 -16.4422 -16.2887 -16.147 -16.0173 -15.9002 -15.7964 -15.7068 -15.6331 -15.5773 -15.5424 -15.5333 -15.5572 -15.6265 -15.7648 -16.0252 -16.5774 nan nan 
-24.4033 -23.7847 -23.2099 -22.6739 -22.1727 -21.7028 -21.2613 -20.8457 -20.4538 -20.0838 -19.734 -19.403 -19.0895 -18.7925 -18.5109 -18.244 -17.991 -17.7512 -17.5242 -17.3094 -17.1064 -16.915 -16.7349 -16.566 -16.4083 -16.2618 -16.1267 -16.0033 -15.8921 -15.794 -15.7098 -15.6413 -15.5904 -15.5603 -15.5556 -15.5838 -15.6573 -15.7995 -16.0637 -16.6196 nan 
