nan nan nan nan nan nan nan nan nan nan nan nan nan nan nan nan nan nan nan nan nan nan nan nan nan nan nan nan nan nan nan nan nan nan nan nan nan nan nan nan nan 
-15.5427 nan nan nan nan nan nan nan nan nan nan nan nan nan nan nan nan nan nan nan nan nan nan nan nan nan nan nan nan nan nan nan nan nan nan nan nan nan nan nan nan 
-15.526 -15.5668 nan nan nan nan nan nan nan nan nan nan nan nan nan nan nan nan nan nan nan nan nan nan nan nan nan nan nan nan nan nan nan nan nan nan nan nan nan nan nan 
-15.7573 -15.5105 -15.5953 nan nan nan nan nan nan nan nan nan nan nan nan nan nan nan nan nan nan nan nan nan nan nan nan nan nan nan nan nan nan nan nan nan nan nan nan nan nan 
-16.0713 -15.7067 -15.5037 -15.6273 nan nan nan nan nan nan nan nan nan nan nan nan nan nan nan nan nan nan nan nan nan nan nan nan nan nan nan nan nan nan nan nan nan nan nan nan nan 
-16.4184 -15.9891 -15.6682 -15.504 -15.6623 nan nan nan nan nan nan nan nan nan nan nan nan nan nan nan nan nan nan nan nan nan nan nan nan nan nan nan nan nan nan nan nan nan nan nan nan 
-16.7779 -16.3076 -15.9221 -15.64 -15.5104 -15.6998 nan nan nan nan nan nan nan nan nan nan nan nan nan nan nan nan nan nan nan nan nan nan nan nan nan nan nan nan nan nan nan nan nan nan nan 
-17.1399 -16.6413 -16.2148 -15.8679 -15.6204 -15.5219 -15.7393 nan nan nan nan nan nan nan nan nan nan nan nan nan nan nan nan nan nan nan nan nan nan nan nan nan nan nan nan nan nan nan nan nan nan 
-17.4992 -16.9798 -16.5249 -16.137 -15.8247 -15.6082 -15.5377 -15.7805 nan nan nan nan nan nan nan nan nan nan nan nan nan nan nan nan nan nan nan nan nan nan nan nan nan nan nan nan nan nan nan nan nan 
-17.8528 -17.3175 -16.8418 -16.4255 -16.0722 -15.7909 -15.6023 -15.5572 -15.8231 nan nan nan nan nan nan nan nan nan nan nan nan nan nan nan nan nan nan nan nan nan nan nan nan nan nan nan nan nan nan nan nan 
-18.1994 -17.6515 -17.1597 -16.7226 -16.3409 -16.0185 -15.7651 -15.6019 -15.5799 -15.8669 nan nan nan nan nan nan nan nan nan nan nan nan nan nan nan nan nan nan nan nan nan nan nan nan nan nan nan nan nan nan nan 
-18.538 -17.9798 -17.4754 -17.0223 -16.6197 -16.2689 -15.9744 -15.7464 -15.6063 -15.6053 -15.9117 nan nan nan nan nan nan nan nan nan nan nan nan nan nan nan nan nan nan nan nan nan nan nan nan nan nan nan nan nan nan 
-18.8683 -18.3016 -17.7869 -17.3211 -16.9024 -16.5307 -16.2078 -15.9387 -15.7337 -15.6147 -15.6331 -15.9574 nan nan nan nan nan nan nan nan nan nan nan nan nan nan nan nan nan nan nan nan nan nan nan nan nan nan nan nan nan 
-19.1902 -18.6162 -18.093 -17.6169 -17.1855 -16.7978 -16.454 -16.1564 -15.9103 -15.7264 -15.6267 -15.663 -16.0038 nan nan nan nan nan nan nan nan nan nan nan nan nan nan nan nan nan nan nan nan nan nan nan nan nan nan nan nan 
-19.5038 -18.9236 -18.3931 -17.9084 -17.4667 -17.0663 -16.7064 -16.3879 -16.1133 -15.8883 -15.7238 -15.6419 -15.6947 -16.0507 nan nan nan nan nan nan nan nan nan nan nan nan nan nan nan nan nan nan nan nan nan nan nan nan nan nan nan 
-19.8091 -19.2235 -18.6868 -18.1949 -17.7446 -17.3338 -16.9612 -16.6266 -16.3311 -16.0776 -15.872 -15.7253 -15.6599 -15.7279 -16.0981 nan nan nan nan nan nan nan nan nan nan nan nan nan nan nan nan nan nan nan nan nan nan nan nan nan nan 
-20.1065 -19.5162 -18.9741 -18.476 -18.0184 -17.599 -17.216 -16.8687 -16.5572 -16.2827 -16.0485 -15.8607 -15.7304 -15.6803 -15.7624 -16.1458 nan nan nan nan nan nan nan nan nan nan nan nan nan nan nan nan nan nan nan nan nan nan nan nan nan 
-20.3962 -19.8017 -19.2549 -18.7513 -18.2875 -17.8608 -17.4693 -17.1116 -16.7873 -16.4967 -16.2416 -16.0252 -15.8538 -15.7388 -15.7028 -15.7982 -16.1939 nan nan nan nan nan nan nan nan nan nan nan nan nan nan nan nan nan nan nan nan nan nan nan nan 
-20.6785 -20.0802 -19.5292 -19.0209 -18.5517 -18.1187 -17.7199 -17.3535 -17.0189 -16.7156 -16.4444 -16.2071 -16.0071 -15.851 -15.7501 -15.7273 -15.835 -16.2422 nan nan nan nan nan nan nan nan nan nan nan nan nan nan nan nan nan nan nan nan nan nan nan 
-20.9536 -20.352 -19.7972 -19.2846 -18.8107 -18.3723 -17.9672 -17.5936 -17.2503 -16.9366 -16.6526 -16.3992 -16.1783 -15.9936 -15.8516 -15.7639 -15.7535 -15.8726 -16.2906 nan nan nan nan nan nan nan nan nan nan nan nan nan nan nan nan nan nan nan nan nan nan 
-21.2219 -20.6172 -20.059 -19.5427 -19.0645 -18.6214 -18.2108 -17.8309 -17.4803 -17.158 -16.8637 -16.5975 -16.3605 -16.1549 -15.9843 -15.8555 -15.7801 -15.7811 -15.9111 -16.3392 nan nan nan nan nan nan nan nan nan nan nan nan nan nan nan nan nan nan nan nan nan 
-21.4836 -20.8761 -20.3149 -19.7952 -19.3132 -18.8658 -18.4505 -18.0652 -17.7083 -17.3787 -17.0757 -16.7991 -16.5494 -16.3276 -16.1361 -15.9787 -15.8622 -15.7983 -15.8101 -15.9502 -16.3879 nan nan nan nan nan nan nan nan nan nan nan nan nan nan nan nan nan nan nan nan 
-21.7391 -21.129 -20.5649 -20.0421 -19.5567 -19.1056 -18.686 -18.2959 -17.9336 -17.5977 -17.2874 -17.0022 -16.7421 -16.5075 -16.2999 -16.1216 -15.9765 -15.8714 -15.8184 -15.8403 -15.9899 -16.4366 nan nan nan nan nan nan nan nan nan nan nan nan nan nan nan nan nan nan nan 
-21.9885 -21.376 -20.8094 -20.2838 -19.7953 -19.3407 -18.9174 -18.523 -18.1559 -17.8146 -17.498 -17.2055 -16.9367 -16.6917 -16.4714 -16.2769 -16.1109 -15.9773 -15.883 -15.8401 -15.8716 -16.0302 -16.4853 nan nan nan nan nan nan nan nan nan nan nan nan nan nan nan nan nan nan 
-22.2321 -21.6175 -21.0484 -20.5202 -20.0289 -19.5713 -19.1445 -18.7463 -18.375 -18.0289 -17.7068 -17.408 -17.1319 -16.8783 -16.6475 -16.4403 -16.2582 -16.1036 -15.9808 -15.8967 -15.8633 -15.9037 -16.0708 -16.5339 nan nan nan nan nan nan nan nan nan nan nan nan nan nan nan nan nan 
-22.4702 -21.8535 -21.2823 -20.7517 -20.2578 -19.7973 -19.3674 -18.9659 -18.5907 -18.2403 -17.9135 -17.6092 -17.3268 -17.0659 -16.8265 -16.6089 -16.414 -16.2433 -16.0995 -15.9869 -15.9123 -15.8878 -15.9368 -16.1118 -16.5825 nan nan nan nan nan nan nan nan nan nan nan nan nan nan nan nan 
-22.7029 -22.0843 -21.5111 -20.9783 -20.482 -20.0189 -19.5862 -19.1815 -18.8029 -18.4488 -18.1177 -17.8086 -17.5208 -17.2536 -17.0069 -16.7806 -16.5753 -16.3918 -16.232 -16.0983 -15.9952 -15.9296 -15.9136 -15.9705 -16.1532 -16.6311 nan nan nan nan nan nan nan nan nan nan nan nan nan nan nan 
-22.9306 -22.3102 -21.735 -21.2002 -20.7017 -20.2362 -19.8009 -19.3934 -19.0117 -18.6541 -18.3192 -18.0059 -17.7133 -17.4406 -17.1876 -16.954 -16.74 -16.5462 -16.3736 -16.2238 -16.0997 -16.0055 -15.9484 -15.9404 -16.0049 -16.1948 -16.6795 nan nan nan nan nan nan nan nan nan nan nan nan nan nan 
-23.1534 -22.5313 -21.9544 -21.4176 -20.9171 -20.4494 -20.0117 -19.6016 -19.217 -18.8563 -18.518 -18.2009 -17.904 -17.6265 -17.368 -17.1282 -16.9069 -16.7044 -16.5213 -16.3588 -16.2186 -16.1035 -16.0178 -15.9686 -15.9683 -16.04 -16.2366 -16.7278 nan nan nan nan nan nan nan nan nan nan nan nan nan 
-23.3715 -22.7479 -22.1692 -21.6306 -21.1282 -20.6584 -20.2185 -19.806 -19.4189 -19.0553 -18.7139 -18.3933 -18.0926 -17.8109 -17.5476 -17.3023 -17.0747 -16.8649 -16.6732 -16.5003 -16.3473 -16.216 -16.1094 -16.0317 -15.9902 -15.997 -16.0755 -16.2786 -16.776 nan nan nan nan nan nan nan nan nan nan nan nan 
-23.585 -22.9599 -22.3797 -21.8395 -21.3352 -20.8635 -20.4216 -20.0068 -19.6173 -19.2511 -18.9069 -18.5832 -18.2791 -17.9935 -17.726 -17.4758 -17.2428 -17.0267 -16.8277 -16.6461 -16.4827 -16.3387 -16.2159 -16.1173 -16.0472 -16.0128 -16.0265 -16.1115 -16.3208 -16.824 nan nan nan nan nan nan nan nan nan nan nan 
-23.7943 -23.1678 -22.586 -22.0442 -21.5383 -21.0648 -20.6209 -20.2041 -19.8123 -19.4438 -19.0969 -18.7704 -18.4631 -18.1742 -17.9028 -17.6484 -17.4106 -17.189 -16.9837 -16.7948 -16.6228 -16.4684 -16.3328 -16.2181 -16.127 -16.0641 -16.0366 -16.0567 -16.1479 -16.3631 -16.8719 nan nan nan nan nan nan nan nan nan nan 
-23.9994 -23.3715 -22.7884 -22.2451 -21.7375 -21.2624 -20.8166 -20.3979 -20.0041 -19.6333 -19.284 -18.9549 -18.6448 -18.3528 -18.078 -17.8198 -17.5777 -17.3513 -17.1405 -16.9454 -16.766 -16.6029 -16.457 -16.3295 -16.2223 -16.1384 -16.0824 -16.0613 -16.0876 -16.1846 -16.4054 -16.9196 nan nan nan nan nan nan nan nan nan 
-24.2005 -23.5714 -22.9869 -22.4421 -21.9331 -21.4563 -21.0089 -20.5884 -20.1926 -19.8198 -19.4683 -19.1368 -18.824 -18.5292 -18.2512 -17.9896 -17.7437 -17.5131 -17.2975 -17.0969 -16.9112 -16.7408 -16.5862 -16.4483 -16.3284 -16.2284 -16.1514 -16.1018 -16.0869 -16.119 -16.2217 -16.4478 -16.9671 nan nan nan nan nan nan nan nan 
-24.3977 -23.7674 -23.1816 -22.6355 -22.125 -21.6468 -21.1978 -20.7755 -20.378 -20.0032 -19.6496 -19.3159 -19.0008 -18.7033 -18.4225 -18.1578 -17.9084 -17.674 -17.4542 -17.2487 -17.0576 -16.881 -16.719 -16.5725 -16.4421 -16.3294 -16.2363 -16.1657 -16.1223 -16.1133 -16.151 -16.259 -16.4902 -17.0144 nan nan nan nan nan nan nan 
-24.5913 -23.9597 -23.3727 -22.8254 -22.3135 -21.8338 -21.3833 -20.9595 -20.5603 -20.1837 -19.8282 -19.4924 -19.175 -18.8751 -18.5918 -18.3242 -18.0717 -17.8338 -17.6102 -17.4005 -17.2046 -17.0225 -16.8543 -16.7004 -16.5614 -16.4383 -16.3324 -16.2457 -16.1813 -16.1438 -16.1404 -16.1835 -16.2966 -16.5327 -17.0615 nan nan nan nan nan nan 
-24.7812 -24.1486 -23.5604 -23.0118 -22.4987 -22.0177 -21.5657 -21.1404 -20.7395 -20.3613 -20.0039 -19.6662 -19.3468 -19.0447 -18.7589 -18.4887 -18.2334 -17.9924 -17.7654 -17.5518 -17.3517 -17.1648 -16.9911 -16.8309 -16.6846 -16.5529 -16.4366 -16.3371 -16.2566 -16.1981 -16.1662 -16.1681 -16.2164 -16.3343 -16.5751 -17.1084 nan nan nan nan nan 
-24.9677 -24.334 -23.7447 -23.195 -22.6806 -22.1983 -21.745 -21.3183 -20.9159 -20.536 -20.177 -19.8374 -19.5161 -19.2119 -18.9239 -18.6513 -18.3934 -18.1496 -17.9194 -17.7025 -17.4985 -17.3073 -17.1289 -16.9632 -16.8107 -16.6716 -16.5466 -16.4368 -16.3436 -16.269 -16.2161 -16.1895 -16.1965 -16.2496 -16.3723 -16.6175 -17.1551 nan nan nan nan 
-25.1509 -24.5162 -23.9258 -23.3749 -22.8594 -22.3759 -21.9213 -21.4932 -21.0894 -20.708 -20.3474 -20.0061 -19.683 -19.3768 -19.0868 -18.8119 -18.5516 -18.3052 -18.0722 -17.8522 -17.6448 -17.4498 -17.2671 -17.0967 -16.9386 -16.7933 -16.661 -16.5425 -16.4389 -16.3515 -16.2825 -16.235 -16.2135 -16.2254 -16.2832 -16.4103 -16.6599 -17.2016 nan nan nan 
-25.3309 -24.6952 -24.1038 -23.5518 -23.0352 -22.5505 -22.0947 -21.6653 -21.2601 -20.8773 -20.5151 -20.1723 -19.8475 -19.5395 -19.2475 -18.9706 -18.7081 -18.4593 -18.2236 -18.0008 -17.7902 -17.5918 -17.4053 -17.2307 -17.0678 -16.917 -16.7785 -16.6527 -16.5404 -16.4427 -16.3609 -16.2973 -16.2548 -16.2383 -16.2549 -16.3171 -16.4485 -16.7022 -17.2478 nan nan 
-25.5077 -24.8711 -24.2787 -23.7257 -23.208 -22.7222 -22.2652 -21.8346 -21.4281 -21.0439 -20.6804 -20.336 -20.0096 -19.6999 -19.4061 -19.1273 -18.8627 -18.6117 -18.3736 -18.1481 -17.9348 -17.7333 -17.5434 -17.3649 -17.1978 -17.0422 -16.8982 -16.7661 -16.6466 -16.5402 -16.448 -16.3716 -16.3131 -16.2756 -16.2636 -16.2847 -16.3513 -16.4868 -16.7444 -17.2939 nan 
