0.0
44.23607909690966
62.06293662178193
50.447147714293806
63.10988436397249
68.10055768486812
48.14647783696104
60.1808933586408
60.95570206392607
66.9064400112921
76.2724252393894
49.32732408901447
55.13509902522897
51.89892141399862
55.56930539608883
64.29912881219182
57.13749124113389
61.22026791509457
53.225230004084814
71.98467101135986
41.96838096454487
46.19148250490183
74.94572903859614
65.33538864298716
56.27774781177281
54.14014206506762
53.17855849824375
50.149143551364716
54.028369227225184
53.13614971466371
55.77985768600355
75.16753491728575
66.65399058478164
55.68517317046485
47.18706493939946
72.89133259370146
63.09379253018003
73.9010250891793
70.11031279740247
53.38901229497235
59.71506116853246
60.13134082956317
65.99477334686755
71.13184771541565
56.973876781650034
68.3458552759787
73.4116180059139
71.90978796572509
60.484960394102416
61.195734505859015
61.16305395996624
61.019101773769236
55.32733625548957
65.67101030493906
65.4190787511613
70.20744912177678
72.6859550301048
50.79451359581861
60.46758855442631
63.23305343112811
61.76414774986524
59.995556824399756
44.23607909690966
0.0
67.732645404009
50.88090808784244
64.56925214062223
70.87797914768385
52.867818960365106
66.11121664956715
68.69998440970244
60.46630808890444
77.908173162218
39.00904696075339
57.301231772587506
52.011246905114994
61.60761122477922
63.544526281704776
66.5502184447155
62.65765060482061
64.63909430079181
73.26736505188708
45.70559100862392
40.359092941144084
78.91513781520442
64.45748348556101
59.413061602421145
48.84777201625143
43.58077838204149
50.80915797079735
49.092376725069094
50.061328791624724
53.77614666776163
70.88485327607593
67.17688541520225
55.37098266287464
47.64909949613026
72.71594769332843
61.57277334935653
73.73855455401954
63.95114913751183
53.949560860108626
54.38948833470518
58.7779192084034
54.70254067590566
70.07290955487976
44.76330494720437
70.43018967595572
71.491710140634
54.83213457580793
50.18116175901169
57.91017981561629
65.35246752962496
67.89101146004458
57.129462118225334
63.52518795674925
63.58958297038169
63.840667937429444
71.44063670313413
52.020060502676614
61.22545921635749
44.09616054717542
60.66872935979125
54.733787149307574
62.06293662178193
67.732645404009
0.0
50.77502377532361
75.38870942667181
76.19952534317892
62.68000405991881
67.8479066037074
81.7742251664164
74.93364978124389
92.66944272285232
64.6675048843305
71.20402083492843
67.13720259301792
67.32384817769847
76.87865617996857
77.33482123224242
83.46634556685552
76.88100454983665
83.51647532839708
69.81614909782843
62.5495555444493
89.06303030470089
77.60396591019044
75.9605865691236
73.0613577850975
72.97260855097352
73.79672472730931
68.98450440858998
73.17077833978654
61.53088638056616
90.88247466724422
87.97233304753728
72.15010683069538
73.68789859966105
93.54625756570871
67.61359933894306
96.6868224875225
81.5930274447
77.8869176803325
75.02356344222284
80.23854228486431
82.57193359723982
93.58473995118476
72.62826662279855
91.19891187165287
90.81569600740694
80.12217386727686
74.11905441403621
72.44284638161605
78.15540716951315
86.59194083114112
75.24323493084849
75.90827405450372
73.57569823280302
84.54720449625067
66.58774370593628
70.78111884390864
80.95096524977397
76.5090324017328
77.52502891905563
76.1032518641661
50.447147714293806
50.88090808784244
50.77502377532361
0.0
71.11102124687359
73.18718019889039
53.73719517948183
63.64996457931844
66.69231393933964
73.39990797354139
95.77257815294439
49.50121834929966
63.61529546752561
54.189228131155076
57.45448317048659
60.46570362260651
70.19106393384175
70.54828031511515
62.4370422131169
82.69654480697868
56.41688568538689
55.897625107201925
83.86379625077706
70.70012178444924
62.69631466997391
62.92769415329806
61.163758875964184
58.643414578277586
63.05914159633024
64.97952134712679
55.9955110438278
90.36255153598941
80.53319045468699
63.29525175493056
57.71774547656097
82.64172347681016
66.54515663849219
84.9446592887558
70.04436973942254
64.93702063062915
54.59560621637583
68.88441461661067
72.00416680849037
85.63966034526969
61.36583470150724
82.7133168855575
82.27011952745052
71.01197615795695
68.34376451308
66.04551981123421
72.03554941349589
73.8548633412247
59.42869055717216
62.58023248672035
74.69761177971144
76.15816839545803
67.42573621960295
57.22114607649166
68.5448054627069
65.3836308574381
69.11686913580373
66.71744429488281
63.10988436397249
64.56925214062223
75.38870942667181
71.11102124687359
0.0
43.82235665019671
59.648805530319244
57.52811992157959
69.6955602453085
44.5546979480628
64.38125613428363
61.68097277297256
46.91567867989229
54.82202601557365
47.59080722145829
61.61121510235006
61.59759789672541
66.77774424569347
53.79428372076396
49.879898400206535
63.84677867026892
62.49886431355705
49.60776311654879
52.00359864569487
48.806758751478185
59.60984105401141
56.81085558244254
54.739542581688305
65.74329333657089
58.87379406442614
56.8609710756484
61.429999382544615
54.6340560508545
47.79746094417271
60.70646176268533
52.94690933401438
63.591967264183644
52.90793651634631
55.81556739439692
62.4973341163347
66.40729810140033
60.62024732241592
65.2414965420746
65.88665262312088
59.54281775196721
60.58165558293799
54.36476564804399
59.89219355125803
67.06950885495996
59.585107367476155
62.30932200793204
58.18806352030673
56.69186470594811
59.59097242168997
61.49263353503029
57.74432229224859
66.99709463506005
67.3749636308001
56.19683371204377
70.05614377618515
62.29220201341532
57.802544147673544
68.10055768486812
70.87797914768385
76.19952534317892
73.18718019889039
43.82235665019671
0.0
66.05534555733145
48.3403898961561
72.68458410474098
43.909332806391504
70.44019725577076
63.6363930523709
55.807737825632515
54.70434424655254
52.75306455245637
67.33622724145351
65.00758843679678
63.26078039533001
58.59459272476179
38.74639132960455
72.87117217172975
65.90154578362873
56.32397287410198
52.445743406973726
56.191432592836556
74.7652715378689
70.83451289681963
70.15832387389057
77.93674484055994
69.77315997995521
64.75975776812803
66.58122211106978
60.72369121118047
60.30295102268139
70.29676462362931
64.62660718140229
72.7800493543609
65.11230567898883
60.16648809133184
73.93180143898599
77.25552088091518
56.597790093640306
66.76597328117789
73.15453777005754
65.66917859707601
66.39513706699451
64.43861560016991
65.99604943972209
71.41646564661696
60.83165837492343
69.86803070707786
63.12785202948548
65.71861555361743
59.315618750973044
69.8626508320236
57.38539364212454
70.64285234867236
78.48704608094633
67.67309299534233
77.15737434754591
72.5061060038641
58.954473154165804
48.14647783696104
52.867818960365106
62.68000405991881
53.73719517948183
59.648805530319244
66.05534555733145
0.0
54.44561645471732
63.4371036324844
61.725948360938865
67.88314287436484
49.699089939104226
54.26671254620411
56.39140214885239
56.257334921958275
64.06148239674705
59.98148894353736
61.790078789955324
54.74145210198591
66.38239532273187
47.71189674615381
56.604420276714194
72.89251788918388
62.50332693728819
55.54409137327446
51.40866568467873
50.2423396336039
53.22472961376949
53.630949448670655
45.99543986357435
56.96003729323739
66.82582635554824
57.0621774138209
54.86783605361272
50.367355292698015
67.51985864125116
58.39507677262463
69.9913164994585
76.50142953201205
57.9732845130599
64.72620521332759
63.85190878756376
66.88374732739362
64.6845882653659
60.58354058260806
65.49325746081811
70.53169349761352
70.85675678379683
63.18230640556605
66.80594974415128
63.19456721352086
64.1695686421579
59.30956445753639
72.5748965200881
64.24338420649939
70.75420205055593
75.29771717324482
56.544183145589244
63.04542020095209
65.43196183851381
57.83935932386439
62.60427459326472
60.1808933586408
66.11121664956715
67.8479066037074
63.64996457931844
57.52811992157959
48.3403898961561
54.44561645471732
0.0
72.43982609971128
53.314420959537
73.2289084211356
59.51303743487595
55.83665072126566
50.72240976354986
51.179441168142404
67.33473674677086
62.833257822138
57.632412355476355
58.93074021291283
49.72631559991111
65.48984367347632
59.59925095981981
65.65954405716839
57.480046596968556
58.50938874747048
71.70619477272335
68.72862183548277
69.00094699447625
74.27249816556181
65.00023757636407
62.004171243713444
67.9469952026899
63.84012763052881
61.96328078507834
63.08763781508668
69.81851866269591
73.37849466581436
71.68634131646743
68.93913238433785
70.65058510942897
75.29570443671207
57.863965568294624
64.66328882939888
70.54062355843583
63.89379084434072
65.99126547042434
68.8984786536302
70.15689634410832
69.57440302118334
61.13887677422077
68.98596269039722
64.31967865939265
64.77374539786283
62.433615419384154
68.45129380384606
63.797862038493115
73.51084805389489
74.05001591223106
67.40634504789949
73.24679370709516
68.84656811362235
58.61171210436561
60.95570206392607
68.69998440970244
81.7742251664164
66.69231393933964
69.6955602453085
72.68458410474098
63.4371036324844
72.43982609971128
0.0
79.7146776161058
87.85149332616112
60.79567339562118
70.60947872483678
69.59403096480949
65.57539807354331
65.17262497957547
64.4503682803606
70.21447093993042
45.449209032685985
79.9136613963546
67.13405174659246
80.90580993378443
74.43798408514166
77.96398014094923
60.790940725132444
70.09048164558969
72.97728120622915
62.321324797927325
75.91098026578827
68.58801991168173
68.6659616959245
82.4824697408126
73.82421198233568
63.56031533199926
59.65882965188161
67.72469503544046
74.7034593115685
69.94402748114116
80.05557060958475
67.84953194086303
64.86357230119295
73.14763271096874
77.44099029140739
76.06751861035447
79.841202276004
73.4021444146214
73.77876706354053
85.6144239397234
86.72738651613395
75.69263955871338
80.73122375481891
64.09937231934866
65.42208129046966
75.35422448770942
78.82060082222259
76.9242386395693
76.73967805694662
66.24257236382228
70.23763749559073
86.00736610373352
71.3142200657642
71.94493518462654
66.9064400112921
60.46630808890444
74.93364978124389
73.39990797354139
44.5546979480628
43.909332806391504
61.725948360938865
53.314420959537
79.7146776161058
0.0
60.776517556021794
59.5586419210088
53.460028912636055
53.128640444280364
55.85215555810449
68.36366978957558
69.10314730508001
64.49432230677517
68.15804861686432
41.28503585210505
63.61526355202945
50.81251772365167
59.04507343697913
47.5062991517741
57.40681630812044
64.03996925296236
56.42596565809146
64.62391067779781
63.66014426011228
58.9791212828836
60.13958884617286
60.19646903351936
56.42017510151773
57.570540346978554
65.734041446679
66.48773693372425
62.63485277317601
65.03614163290233
56.79836687165933
70.80245461038793
76.11401858330211
59.87890731396179
62.02242844611285
69.43571336774501
52.831913275453736
67.55908116778203
61.7367903646386
52.53926464937537
58.91703485007553
59.224938024343764
65.27167044023545
68.32926946426001
66.22283428232961
63.03930148608359
63.80351000064611
56.68659377586241
72.12620859473716
75.6648715320008
66.68108738516987
61.85048890535417
69.1274536139476
56.475534010110124
76.2724252393894
77.908173162218
92.66944272285232
95.77257815294439
64.38125613428363
70.44019725577076
67.88314287436484
73.2289084211356
87.85149332616112
60.776517556021794
0.0
73.98169862181443
69.28433173518577
77.57054870784094
79.00698718310336
91.18731635562489
68.7446448699503
71.81190550611275
76.77218308916972
56.702854853885704
73.1673718457774
74.9488381773829
71.90692392501641
70.73729817117282
73.39517801229965
68.89518434829382
69.38256821253069
76.89516756146196
73.67164807077394
63.416283864530584
81.07735660761293
46.67560589271726
49.15662061605374
71.5726344136717
72.63832300438327
69.10708701602587
77.36295800640048
70.10267369686524
89.66517873735692
71.8239876332174
94.80417640707566
72.66155181882927
70.10073465642527
55.36074027346153
73.64420655303186
58.67478865008997
69.39836192895375
78.75070061271632
68.0598731950754
76.46124080187515
74.35378976381737
72.8535292585891
83.05853846854654
92.84511317041112
65.79386434712406
73.21586278647457
94.66150154513473
82.66143455413864
76.55826604573303
77.66094122943917
71.71877206648176
69.88163436085307
49.32732408901447
39.00904696075339
64.6675048843305
49.50121834929966
61.68097277297256
63.6363930523709
49.699089939104226
59.51303743487595
60.79567339562118
59.5586419210088
73.98169862181443
0.0
60.26924005817398
53.054552564094735
60.222844491063015
64.10238259156215
58.16577140215888
58.103691052035735
56.62805769058754
69.03080785654191
54.556107733657555
52.44221089867743
73.79226999844703
62.95176072284247
57.416006016993336
54.3880229285326
51.224621057350134
56.16874588433531
59.316450230146295
53.2408193330629
53.59195510657621
67.79848141468999
63.84657583309209
55.844555911701384
48.923533079255115
68.99126628318538
66.4762823114466
73.01271272597022
66.34493804114132
54.640139778662466
56.20390208992832
55.496079477586825
55.69674087099166
68.26661857746296
50.71038202544463
66.20811597243642
71.54983570699716
61.658778773136724
55.117734410413995
55.78712845361725
69.99787883561598
64.50731381914447
57.03668262909162
64.70481086161503
61.32600790915742
61.468957122282134
66.8796303221609
53.662433703731864
62.28366009700791
56.03980294772728
57.0813162471019
49.18626876435331
55.13509902522897
57.301231772587506
71.20402083492843
63.61529546752561
46.91567867989229
55.807737825632515
54.26671254620411
55.83665072126566
70.60947872483678
53.460028912636055
69.28433173518577
60.26924005817398
0.0
40.00641738506449
46.033380494363676
59.085964846848626
55.099651262872634
59.55386236220636
54.16391903838495
56.570250603252035
55.436646492246055
54.343096429314144
58.638333321545154
53.22480076016497
47.738947999545154
54.70732064612486
51.525569900662816
52.110230136830126
60.06492199740262
54.55204863688155
54.35807575996234
61.93480121621075
54.91848206523987
46.39536796862939
53.210713429167164
57.21087133463348
66.59220358923507
57.834651165386475
60.57090369092625
55.37050571081321
63.519641052097725
56.08701213103017
63.042829275942175
63.87570671857792
55.80487143283758
59.99179062258341
60.21954935050467
63.393071467903795
62.483001085676726
53.46850238934379
57.93459973779889
54.44779752067825
52.874762958325675
56.91620385932491
61.36974415148186
57.61793254656326
71.79130554079319
60.96678043085882
53.084745098758894
65.58335341884083
59.89086219946915
56.63867889993401
51.89892141399862
52.011246905114994
67.13720259301792
54.189228131155076
54.82202601557365
54.70434424655254
56.39140214885239
50.72240976354986
69.59403096480949
53.128640444280364
77.57054870784094
53.054552564094735
40.00641738506449
0.0
43.855975192528156
50.43288611776577
56.699784291652215
53.7573093362271
56.35765331550346
57.4631597369872
54.47899943472881
48.632373196965204
61.63416325392778
50.87187072959262
47.472417205446455
61.23285229541121
56.24807256448639
55.35439295863121
64.5324152292043
59.03123713269424
55.21350369045534
70.8838470469959
61.43417752888293
54.19166515613957
53.25265716944734
65.07526319145803
70.23419327169472
64.31543289378553
56.80158645356759
58.772740237990874
62.13028972619315
56.02078196983785
60.57228634699458
69.57285720771873
53.269697201498985
65.740948594693
64.81598840366757
64.6958729627641
62.23490386098676
49.607701067188636
60.68640048874952
58.21139486575504
52.81638275097736
53.557916351109895
67.06101206236993
58.66442725884961
69.83508396938905
61.99280906912343
55.32116310092983
63.03481775994719
63.24338810708196
54.03954199509646
55.56930539608883
61.60761122477922
67.32384817769847
57.45448317048659
47.59080722145829
52.75306455245637
56.257334921958275
51.179441168142404
65.57539807354331
55.85215555810449
79.00698718310336
60.222844491063015
46.033380494363676
43.855975192528156
0.0
51.19860172629114
60.851739844688694
65.88299652220763
51.93842815740605
60.994158373442964
56.541825133687524
58.02759838292907
56.57205433608767
56.579547426571395
45.17525421889802
61.92122973153248
59.50281576933568
54.296289600360375
68.36924489423957
62.119485417683954
51.1001419364803
71.27971628488487
61.282350747600006
50.838105233676586
54.870929135037066
58.30609801792268
69.59109514817372
58.1996268477142
54.21065687537515
60.82014089500768
57.690909518435646
59.462959609754726
65.0269303009227
69.92244962114127
59.23812274162809
63.11826908066962
58.83148370173204
65.06492624686675
68.85522295166476
54.5445860290401
57.586813675631724
52.79362182040666
47.82337175385833
50.52127781167143
64.46651861436
60.045416069877305
63.21674926483587
62.52129806946009
53.296084453830424
69.72682788676148
60.783045611002976
55.70993682798851
64.29912881219182
63.544526281704776
76.87865617996857
60.46570362260651
61.61121510235006
67.33622724145351
64.06148239674705
67.33473674677086
65.17262497957547
68.36366978957558
91.18731635562489
64.10238259156215
59.085964846848626
50.43288611776577
51.19860172629114
0.0
69.84317678734149
71.57518372662682
59.84090443299055
74.49492979126883
64.68768808401526
68.59652006236541
65.36092806865454
63.11223788875807
52.734958040270314
67.69773320975102
64.22072148854807
57.089947524362174
70.91801641707688
67.53186842984618
63.96909671011125
85.22666449234875
72.39689686007723
60.954437986480464
63.27350205582082
69.01183864872353
73.42554824105497
64.5089370645994
60.947930686937184
66.57347621737247
62.7041495830332
73.20681234014387
74.48286682662138
80.48629733392745
66.40535606968588
77.69371475998398
67.17700900667886
73.24744768756003
79.33123884558375
66.28031734830573
70.54764626907871
65.78602391592845
58.68110807716579
62.137446935118334
80.07820670707689
71.97495590749166
71.96436414704584
67.18862721698308
60.14760035376183
75.44591045855597
72.0663650619612
68.07553763914626
57.13749124113389
66.5502184447155
77.33482123224242
70.19106393384175
61.59759789672541
65.00758843679678
59.98148894353736
62.833257822138
64.4503682803606
69.10314730508001
68.7446448699503
58.16577140215888
55.099651262872634
56.699784291652215
60.851739844688694
69.84317678734149
0.0
46.62119333722936
51.31813160480524
63.92768118277177
63.482932234714546
68.771512312454
58.573226179443104
60.120374334034146
56.7199928529571
65.8969684176965
65.29378284353626
63.28619854427716
73.15898116173183
60.514434004521505
62.85586756270825
60.40223153658677
58.86397297169998
59.26468466564607
56.08438051517886
61.13402256365885
81.10838161903256
66.14658839048936
76.05226761905385
57.51473595351099
71.16942731097186
61.772274457767665
66.52007056456556
60.598267325007505
68.38369963957147
57.84188973945054
69.89765204527828
81.0928327348282
71.47733173739063
60.009192620644306
68.91440230590372
55.063882804422185
61.97137694307906
74.21983101851174
65.82070750750302
67.82577326786907
78.30588670813115
65.84703571975669
60.84453800431696
78.01481003544743
61.083173059241695
58.28872760666159
61.22026791509457
62.65765060482061
83.46634556685552
70.54828031511515
66.77774424569347
63.26078039533001
61.790078789955324
57.632412355476355
70.21447093993042
64.49432230677517
71.81190550611275
58.103691052035735
59.55386236220636
53.7573093362271
65.88299652220763
71.57518372662682
46.62119333722936
0.0
55.73856514959447
58.14593962384117
64.24831510182081
64.79582852931844
66.58683358375411
51.83071740784234
59.28721795325468
72.25687285690255
68.65623908681559
69.45152186480112
77.89242769759186
66.07337898315599
72.15298535136776
64.64478009019349
61.09295800474292
65.40895447202315
60.13327198807036
67.3774707111215
82.46155919871322
70.93337235652673
75.48867290648037
65.847983555762
75.34504594578246
53.53727636717502
62.1268599474991
61.78198446699799
65.43002933068817
61.644092157596745
71.57508687891129
75.85844782558392
69.05772458158042
64.39657438035286
71.1502097368561
60.620911076046745
66.3271114130042
72.79298232437552
73.41773836354285
66.20700149310822
85.43847820609457
71.26804731663503
66.68938471131494
73.7785669032236
67.78934270582258
59.361859881808336
53.225230004084814
64.63909430079181
76.88100454983665
62.4370422131169
53.79428372076396
58.59459272476179
54.74145210198591
58.93074021291283
45.449209032685985
68.15804861686432
76.77218308916972
56.62805769058754
54.16391903838495
56.35765331550346
51.93842815740605
59.84090443299055
51.31813160480524
55.73856514959447
0.0
64.71157828985365
60.192800061383195
72.46328699330071
61.465889276178835
63.319518091542776
47.353467514585866
63.28359550410931
65.40190449786238
53.980818673960734
72.03574612997895
62.580189600706
62.27003742045942
71.14222471088996
61.469215207874235
52.32924448382387
52.05534326418885
56.53568577823091
72.66476613513579
58.92129344549078
69.11138981442267
57.63243534853394
59.132793537659765
58.65146339974265
68.34305194827364
65.51557533529805
69.84749294252332
59.803674838350844
63.32906850820886
77.00839451786038
76.25587773649657
63.80986336758581
68.44711140901548
50.00649466634125
53.41479796562229
64.58707468763944
69.12894049826858
65.51791135267543
72.90258392981661
58.871819804695505
56.58872876202293
78.65706872284409
61.87604952109614
61.64874751817591
71.98467101135986
73.26736505188708
83.51647532839708
82.69654480697868
49.879898400206535
38.74639132960455
66.38239532273187
49.72631559991111
79.9136613963546
41.28503585210505
56.702854853885704
69.03080785654191
56.570250603252035
57.4631597369872
60.994158373442964
74.49492979126883
63.92768118277177
58.14593962384117
64.71157828985365
0.0
74.17840567046794
66.61081326165159
59.05200002417899
51.28597948575722
62.4027528651544
76.12260038116378
71.54526382382487
75.86921679808172
78.64614438662855
68.67839321096153
72.35932340074514
56.16128728812183
54.544197255285944
65.96094112884943
72.7645998731789
66.58040768871935
76.06081995241159
66.42392813622048
69.69775494001422
76.25850547031929
88.25539014575298
59.29419093499976
65.24330973764202
65.55655991452271
68.26367283177993
63.023617846027854
65.87724131178597
69.30521055014583
69.50083256689857
65.54023592303525
70.74053199770526
66.5484961736334
73.61150874249105
71.40478675355394
70.18775531301029
59.692088428537154
82.24641048403304
84.48142588974133
71.90746411795249
77.43480625272755
74.96416911032314
61.66655035660371
41.96838096454487
45.70559100862392
69.81614909782843
56.41688568538689
63.84677867026892
72.87117217172975
47.71189674615381
65.48984367347632
67.13405174659246
63.61526355202945
73.1673718457774
54.556107733657555
55.436646492246055
54.47899943472881
56.541825133687524
64.68768808401526
63.482932234714546
64.24831510182081
60.192800061383195
74.17840567046794
0.0
45.12167357295564
73.63380565537977
63.877688696074394
54.53152835301835
47.1365849578876
46.316291127462925
48.130531776603114
48.82616455901173
46.085618048319496
55.326841045445455
72.46329279482005
61.885202525766324
53.78985657360054
45.41908888128294
68.24787305403308
61.25961510198998
67.94523845174781
71.25396089665688
56.9221911913067
60.75801702299144
64.86967332175182
64.8851247055247
66.54054161251307
54.423022972161114
66.0741823577947
66.19961892934359
66.61305593932576
60.14271785964195
65.68849072838144
59.57206054172221
64.18028593190431
57.37914453557026
69.09959003213767
65.01069909571603
71.06972222842487
78.52192135252098
54.16694159008436
59.98815993723768
58.38292169371654
59.0910775330258
63.02581933801203
46.19148250490183
40.359092941144084
62.5495555444493
55.897625107201925
62.49886431355705
65.90154578362873
56.604420276714194
59.59925095981981
80.90580993378443
50.81251772365167
74.9488381773829
52.44221089867743
54.343096429314144
48.632373196965204
58.02759838292907
68.59652006236541
68.771512312454
64.79582852931844
72.46328699330071
66.61081326165159
45.12167357295564
0.0
76.2426878984617
59.26982726940082
62.14204617945012
55.34323940015766
48.4018805301948
59.414776258538645
50.91235897224578
53.88549363949711
54.44525653321118
72.11983467727926
69.30289795828338
60.473288338096076
56.1205818524852
78.2886014963799
61.52308425703133
78.71818990573877
63.208355621471306
63.22320565473593
67.53147723782655
61.06785579372213
61.777191236872156
75.54650707215076
44.92366023066465
74.45239628185908
73.27493129986355
56.87317796009091
49.672953953129564
59.17163003190102
61.55190486382603
72.21887235120379
63.02829673499994
61.552168803897644
64.38060560361802
66.44712554778025
73.4322894999853
63.298590821800566
66.62685373435481
49.56808035051785
65.84331189496291
57.45119180319272
74.94572903859614
78.91513781520442
89.06303030470089
83.86379625077706
49.60776311654879
56.32397287410198
72.89251788918388
65.65954405716839
74.43798408514166
59.04507343697913
71.90692392501641
73.79226999844703
58.638333321545154
61.63416325392778
56.57205433608767
65.36092806865454
58.573226179443104
66.58683358375411
61.465889276178835
59.05200002417899
73.63380565537977
76.2426878984617
0.0
54.610131584811135
54.14493230969929
71.02409309035114
69.44179022543544
65.20609158454955
80.29775552356212
67.80992397554053
66.9482660575651
68.12104942667303
60.133401077045114
60.040448630213945
67.71059943038429
52.326958325682
81.63748143882923
52.54398503563836
62.01231683886971
68.24782299037692
74.57389294976943
68.72085204504447
72.69878615877803
67.80382145591955
70.36777139582982
60.90491659954598
55.83619721080827
73.60852827506422
80.26687663209063
65.48149838770128
68.26244423711061
57.27367436174922
63.56333371821206
66.51643475911037
69.0875771419737
64.83559841762475
75.28072429741272
77.53532970234866
59.0267235256444
82.70335480585003
64.68342086656834
63.62336130868577
65.33538864298716
64.45748348556101
77.60396591019044
70.70012178444924
52.00359864569487
52.445743406973726
62.50332693728819
57.480046596968556
77.96398014094923
47.5062991517741
70.73729817117282
62.95176072284247
53.22480076016497
50.87187072959262
56.579547426571395
63.11223788875807
60.120374334034146
51.83071740784234
63.319518091542776
51.28597948575722
63.877688696074394
59.26982726940082
54.610131584811135
0.0
57.64352845545123
67.18067353009096
62.03827479864006
65.38059201324236
70.73911903327526
64.18213993985616
65.69024005470304
68.11408460165737
61.305827275184164
60.02950973833503
65.25059501761332
66.60088749693327
71.9933678300957
65.53913476190485
62.475674301024014
69.53914675258298
74.82714830658826
61.57320570384863
68.56610419674593
70.77178477499565
59.98217932352982
68.45576590261297
66.46014147694346
65.30049099433377
66.88647597455589
63.125555801137885
66.83281768526733
65.64280035803718
64.38327941245049
66.03138779071199
71.71892938220273
63.27535071262284
77.54598413630325
74.01692035233114
65.43947424184087
70.48562909483597
70.19401965325504
61.69805749384651
56.27774781177281
59.413061602421145
75.9605865691236
62.69631466997391
48.806758751478185
56.191432592836556
55.54409137327446
58.50938874747048
60.790940725132444
57.40681630812044
73.39517801229965
57.416006016993336
47.738947999545154
47.472417205446455
45.17525421889802
52.734958040270314
56.7199928529571
59.28721795325468
47.353467514585866
62.4027528651544
54.53152835301835
62.14204617945012
54.14493230969929
57.64352845545123
0.0
53.899791497918244
51.87556751513499
44.29914635141771
62.54349976454896
53.717408325165266
53.60572818949869
64.71297295094189
50.12429300078813
41.85694407897975
48.53819393630455
49.25992046577852
64.12581401510491
47.14458393637655
55.5219908168025
53.552525295800685
55.03099209974809
55.0866554781774
61.01469442706704
61.05338936104586
54.86747550762254
54.6267037344027
48.77364614146907
62.45037319763359
68.33404001419191
55.74051766010085
58.26915845567617
47.868910058236594
46.79476865579371
54.41422107865539
63.805451397316375
56.754936984870476
67.1339298620382
55.51167764328708
48.03505158180507
68.03850595256222
56.84203956464741
55.014436224806836
54.14014206506762
48.84777201625143
73.0613577850975
62.92769415329806
59.60984105401141
74.7652715378689
51.40866568467873
71.70619477272335
70.09048164558969
64.03996925296236
68.89518434829382
54.3880229285326
54.70732064612486
61.23285229541121
61.92122973153248
67.69773320975102
65.8969684176965
72.25687285690255
63.28359550410931
76.12260038116378
47.1365849578876
55.34323940015766
71.02409309035114
67.18067353009096
53.899791497918244
0.0
31.460982908831213
41.09142733434376
37.9370900243871
39.047907900148424
51.60121487947691
63.396334943889784
56.74788231688198
47.14119953619773
42.63922677100216
61.11844497729964
54.74768677045495
60.36028013030329
68.76519508248762
49.751131945297715
56.05973450323436
66.2018752334089
63.866016435565776
63.94339917726697
49.637739630086124
61.3756157078861
62.385402162616366
58.15374940356837
58.17165475452123
64.5212145660934
61.75789563896574
64.51753845016509
55.89722873107134
69.8983548583415
56.72727753969296
66.8963873097037
73.09345493156624
48.389117325998605
57.117193417159484
53.665988762699975
52.63676185959219
61.607563961033435
53.17855849824375
43.58077838204149
72.97260855097352
61.163758875964184
56.81085558244254
70.83451289681963
50.2423396336039
68.72862183548277
72.97728120622915
56.42596565809146
69.38256821253069
51.224621057350134
51.525569900662816
56.24807256448639
59.50281576933568
64.22072148854807
65.29378284353626
68.65623908681559
65.40190449786238
71.54526382382487
46.316291127462925
48.4018805301948
69.44179022543544
62.03827479864006
51.87556751513499
31.460982908831213
0.0
40.7662918373429
36.974777053270046
33.64222351789448
47.79178455277792
60.30120481432521
53.152148247582375
45.83472127764756
42.42133497895971
58.60843988011651
55.601605507692256
58.76673773202356
60.705409713160854
50.35132613160997
55.53181396277288
63.78034083431981
59.78681069756229
62.361918586468285
42.04151501723579
62.08960306906293
61.55891324164651
50.86833002381326
52.21114596412276
60.84259317235852
57.8819438996703
62.31879344043272
53.738027168251385
66.79455403419598
59.693118842651685
62.96934144032195
72.42244038058642
52.99064130051164
55.86952866106285
49.09726823438688
53.936562710971906
57.395549953416655
50.149143551364716
50.80915797079735
73.79672472730931
58.643414578277586
54.739542581688305
70.15832387389057
53.22472961376949
69.00094699447625
62.321324797927325
64.62391067779781
76.89516756146196
56.16874588433531
52.110230136830126
55.35439295863121
54.296289600360375
57.089947524362174
63.28619854427716
69.45152186480112
53.980818673960734
75.86921679808172
48.130531776603114
59.414776258538645
65.20609158454955
65.38059201324236
44.29914635141771
41.09142733434376
40.7662918373429
0.0
47.13284685933859
46.91359466851893
49.59627724345537
70.94035443215401
57.599698939959296
38.17863414195143
41.948630636002825
56.17892237295082
57.88772829791679
54.01609343095109
60.44105855585834
49.27801165779003
47.79523677301336
64.17375711084703
65.3492846208943
67.16025425140475
52.63957701550624
64.02441261930822
59.97320943324875
61.10858283559818
64.41372076725185
60.85617067356592
59.628174843447546
56.61663167752484
48.91072210342561
61.543278287237165
63.77911802208226
65.40334390524256
69.53175815341731
46.27408679419348
50.23034563433784
60.966590305698816
55.95807369896455
61.07606545618958
54.028369227225184
49.092376725069094
68.98450440858998
63.05914159633024
65.74329333657089
77.93674484055994
53.630949448670655
74.27249816556181
75.91098026578827
63.66014426011228
73.67164807077394
59.316450230146295
60.06492199740262
64.5324152292043
68.36924489423957
70.91801641707688
73.15898116173183
77.89242769759186
72.03574612997895
78.64614438662855
48.82616455901173
50.91235897224578
80.29775552356212
70.73911903327526
62.54349976454896
37.9370900243871
36.974777053270046
47.13284685933859
0.0
41.45416620329688
51.368407306240535
69.10991827773793
64.70704392940658
55.288496753219036
50.930650867627335
74.75476756995428
44.8253619033158
72.48551507420257
72.76758281782958
60.091712890792
65.34760469936928
74.85615201534306
67.7398149376682
73.23307109352183
50.90157664222794
74.56120825731843
72.78619317988327
59.57900993551901
58.63189905687124
69.44385428068881
65.84326787920692
76.56630005315884
65.48944952476576
74.97854218943792
66.84811517126136
73.73312497348363
77.57372008926069
58.039663532964866
67.44442294973477
54.73547562500603
63.757838419675636
68.27397857881286
53.13614971466371
50.061328791624724
73.17077833978654
64.97952134712679
58.87379406442614
69.77315997995521
45.99543986357435
65.00023757636407
68.58801991168173
58.9791212828836
63.416283864530584
53.2408193330629
54.55204863688155
59.03123713269424
62.119485417683954
67.53186842984618
60.514434004521505
66.07337898315599
62.580189600706
68.67839321096153
46.085618048319496
53.88549363949711
67.80992397554053
64.18213993985616
53.717408325165266
39.047907900148424
33.64222351789448
46.91359466851893
41.45416620329688
0.0
50.854590438973695
57.803050249862125
50.20261380161987
49.806619570854124
44.15312928880792
58.14818911340346
56.80789020565462
60.38556137544644
70.05686722530068
53.77519075965949
63.989200984048466
65.77655503634249
61.88590247574297
56.763380210234224
50.632921825562654
59.664391462093874
61.73476570792444
61.656341978896194
57.30587054016536
62.627368552264706
61.557138951073696
62.95767113813576
60.28887352223716
74.06916597868454
59.5378344004551
66.71125488477455
77.30838628663668
57.63702849260227
58.536669553527254
57.071707688152884
53.44341504914225
59.87816135365796
55.77985768600355
53.77614666776163
61.53088638056616
55.9955110438278
56.8609710756484
64.75975776812803
56.96003729323739
62.004171243713444
68.6659616959245
60.13958884617286
81.07735660761293
53.59195510657621
54.35807575996234
55.21350369045534
51.1001419364803
63.96909671011125
62.85586756270825
72.15298535136776
62.27003742045942
72.35932340074514
55.326841045445455
54.44525653321118
66.9482660575651
65.69024005470304
53.60572818949869
51.60121487947691
47.79178455277792
49.59627724345537
51.368407306240535
50.854590438973695
0.0
68.02231365597018
65.10850153095159
46.092851868254584
46.91327487399529
63.96834461583927
62.134457103273306
65.5379270599101
58.985258093871636
57.12594730173313
53.14719524901878
65.68368891799074
62.77320506777358
72.50796386591409
50.66779414385496
68.48067347736662
67.16965953149892
59.47155525918832
62.50267569891734
55.66624562320708
63.127107070953706
64.32145265344413
52.37637897938466
55.56035662308738
58.01047184647787
61.83005023007621
59.65550914513978
56.36877011686369
57.587647456782584
60.63183366545627
57.13183023665314
54.46955455293587
75.16753491728575
70.88485327607593
90.88247466724422
90.36255153598941
61.429999382544615
66.58122211106978
66.82582635554824
67.9469952026899
82.4824697408126
60.19646903351936
46.67560589271726
67.79848141468999
61.93480121621075
70.8838470469959
71.27971628488487
85.22666449234875
60.40223153658677
64.64478009019349
71.14222471088996
56.16128728812183
72.46329279482005
72.11983467727926
68.12104942667303
68.11408460165737
64.71297295094189
63.396334943889784
60.30120481432521
70.94035443215401
69.10991827773793
57.803050249862125
68.02231365597018
0.0
41.54008599281886
61.57752668070045
60.31334798936025
54.86535517920985
77.95481826685864
59.081006700979984
79.47930156703795
65.38330274545037
83.80240191226969
64.81260542836233
56.48085426427917
46.884656199383315
64.11364155523016
49.7159927151218
62.78065970402857
68.31472557742671
65.42921404377144
65.84110293736072
70.19146952235586
63.81193518389418
72.4560735382487
82.25987276644487
61.78792343608127
60.821153251403366
85.85516069798769
77.92341046541917
67.83635105057944
72.22881917357537
63.116476026057605
58.321910322075254
66.65399058478164
67.17688541520225
87.97233304753728
80.53319045468699
54.6340560508545
60.72369121118047
57.0621774138209
63.84012763052881
73.82421198233568
56.42017510151773
49.15662061605374
63.84657583309209
54.91848206523987
61.43417752888293
61.282350747600006
72.39689686007723
58.86397297169998
61.09295800474292
61.469215207874235
54.544197255285944
61.885202525766324
69.30289795828338
60.133401077045114
61.305827275184164
50.12429300078813
56.74788231688198
53.152148247582375
57.599698939959296
64.70704392940658
50.20261380161987
65.10850153095159
41.54008599281886
0.0
52.13467419134183
53.12982519006136
45.066805145932236
70.66836329311266
47.24012884204251
72.96894250995952
57.21669435492852
74.7788363258048
59.76428637513891
57.783434823383786
44.8758459350869
59.89708484523539
45.120695450809905
52.85337841624931
66.71624229504731
63.26536743334144
63.92579355136209
61.7509640417076
52.38941079941836
62.32148188029636
74.21086013429442
62.50519923820835
58.60149492893171
83.25843293825676
69.13656777006368
58.94619525713922
70.19689446735296
58.09506606217342
56.489972770301726
55.68517317046485
55.37098266287464
72.15010683069538
63.29525175493056
47.79746094417271
60.30295102268139
54.86783605361272
61.96328078507834
63.56031533199926
57.570540346978554
71.5726344136717
55.844555911701384
46.39536796862939
54.19166515613957
50.838105233676586
60.954437986480464
59.26468466564607
65.40895447202315
52.32924448382387
65.96094112884943
53.78985657360054
60.473288338096076
60.040448630213945
60.02950973833503
41.85694407897975
47.14119953619773
45.83472127764756
38.17863414195143
55.288496753219036
49.806619570854124
46.092851868254584
61.57752668070045
52.13467419134183
0.0
45.47514232152663
47.127759787941265
60.1497148671841
51.76465520391637
56.77574064159574
50.09401352647075
49.81529124335827
55.22748808492059
59.59538852180648
61.26598889273107
52.415176951659824
56.78455389217464
52.29960606028262
56.614519300956815
62.04466997585466
56.76565172454447
59.29000205209046
51.26041211204713
47.74305563007605
55.273562080666686
54.61944467624421
54.833783459684405
63.74422038353804
51.179472691609625
50.569738023277196
61.99766775471064
51.18457785790021
53.41370865684201
47.18706493939946
47.64909949613026
73.68789859966105
57.71774547656097
60.70646176268533
70.29676462362931
50.367355292698015
63.08763781508668
59.65882965188161
65.734041446679
72.63832300438327
48.923533079255115
53.210713429167164
53.25265716944734
54.870929135037066
63.27350205582082
56.08438051517886
60.13327198807036
52.05534326418885
72.7645998731789
45.41908888128294
56.1205818524852
67.71059943038429
65.25059501761332
48.53819393630455
42.63922677100216
42.42133497895971
41.948630636002825
50.930650867627335
44.15312928880792
46.91327487399529
60.31334798936025
53.12982519006136
45.47514232152663
0.0
53.10872756343895
67.29759856304652
56.360776161193094
67.09096479268324
46.34008645490492
50.6416717712737
59.05039268773398
55.73528152175809
57.58130721035435
50.6464212006132
54.092181868800935
62.26312685854749
63.786276855026266
60.873742035795765
56.99583988910968
60.20527660033269
53.73806136785069
48.21145467707917
62.9910250379766
59.319138687057446
61.058382320405244
72.22535542121773
49.38662179010173
51.11655155221747
57.449096599000505
50.419466614552256
52.567162902232376
72.89133259370146
72.71594769332843
93.54625756570871
82.64172347681016
52.94690933401438
64.62660718140229
67.51985864125116
69.81851866269591
67.72469503544046
66.48773693372425
69.10708701602587
68.99126628318538
57.21087133463348
65.07526319145803
58.30609801792268
69.01183864872353
61.13402256365885
67.3774707111215
56.53568577823091
66.58040768871935
68.24787305403308
78.2886014963799
52.326958325682
66.60088749693327
49.25992046577852
61.11844497729964
58.60843988011651
56.17892237295082
74.75476756995428
58.14818911340346
63.96834461583927
54.86535517920985
45.066805145932236
47.127759787941265
53.10872756343895
0.0
79.67873497291511
32.836555027019784
65.23826275043446
57.053332691389784
63.839717930975276
62.73224890722471
62.38112543719372
50.80342461853822
66.41063893899675
45.156453960741125
46.6032291167282
67.73612275809815
75.21783264318698
64.29122171176796
66.56655746220613
44.757937612056445
55.45452465887253
66.78593860846259
64.11708585173274
57.473423082133046
76.22484252785637
68.8046182583479
51.94178580044985
76.75410344432179
55.23079168498268
57.89594938180142
63.09379253018003
61.57277334935653
67.61359933894306
66.54515663849219
63.591967264183644
72.7800493543609
58.39507677262463
73.37849466581436
74.7034593115685
62.63485277317601
77.36295800640048
66.4762823114466
66.59220358923507
70.23419327169472
69.59109514817372
73.42554824105497
81.10838161903256
82.46155919871322
72.66476613513579
76.06081995241159
61.25961510198998
61.52308425703133
81.63748143882923
71.9933678300957
64.12581401510491
54.74768677045495
55.601605507692256
57.88772829791679
44.8253619033158
56.80789020565462
62.134457103273306
77.95481826685864
70.66836329311266
60.1497148671841
67.29759856304652
79.67873497291511
0.0
78.56098108643617
75.63147976935599
72.44569857970534
71.78455265749025
76.56437386524173
76.09086686506302
80.78320959826347
64.39836659404928
81.3327054863442
73.32598069000181
64.45742562353105
69.17496468920409
76.95566391303193
72.92319203949195
81.75089180872264
71.29655090448607
76.20131238582638
71.4583628613154
76.90466058920417
72.41331090884837
65.12415048948277
75.96635143128744
68.15260972675475
74.33158435516201
75.32934642442821
73.9010250891793
73.73855455401954
96.6868224875225
84.9446592887558
52.90793651634631
65.11230567898883
69.9913164994585
71.68634131646743
69.94402748114116
65.03614163290233
70.10267369686524
73.01271272597022
57.834651165386475
64.31543289378553
58.1996268477142
64.5089370645994
66.14658839048936
70.93337235652673
58.92129344549078
66.42392813622048
67.94523845174781
78.71818990573877
52.54398503563836
65.53913476190485
47.14458393637655
60.36028013030329
58.76673773202356
54.01609343095109
72.48551507420257
60.38556137544644
65.5379270599101
59.081006700979984
47.24012884204251
51.76465520391637
56.360776161193094
32.836555027019784
78.56098108643617
0.0
63.57333048378824
60.373981389177374
68.27488916992317
68.70291366202353
67.2392413821882
56.36243979312847
67.307610293997
51.51332735468352
46.34668616623317
68.66192991238721
78.46727261926844
66.61837543520369
67.12237653840312
50.2780035241982
57.650478452435856
68.295521406208
70.91724784390291
62.125264690659606
80.38319426311395
70.55018158533089
54.07781206765072
78.1938374764813
63.48352886890493
63.61543843545619
70.11031279740247
63.95114913751183
81.5930274447
70.04436973942254
55.81556739439692
60.16648809133184
76.50142953201205
68.93913238433785
80.05557060958475
56.79836687165933
89.66517873735692
66.34493804114132
60.57090369092625
56.80158645356759
54.21065687537515
60.947930686937184
76.05226761905385
75.48867290648037
69.11138981442267
69.69775494001422
71.25396089665688
63.208355621471306
62.01231683886971
62.475674301024014
55.5219908168025
68.76519508248762
60.705409713160854
60.44105855585834
72.76758281782958
70.05686722530068
58.985258093871636
79.47930156703795
72.96894250995952
56.77574064159574
67.09096479268324
65.23826275043446
75.63147976935599
63.57333048378824
0.0
64.84237294708026
56.89263977349056
58.59110119670774
63.86103459155206
78.79975789163016
51.86849458577101
73.47848714620469
61.56424781726732
49.681091824952865
62.55047393400323
52.71108631158595
62.21437227311948
60.79028397128244
52.960537855186956
45.94500530114527
67.16258051555593
53.39377555163259
61.46985703688976
66.99298909491013
56.633104452252255
61.21179396070245
65.96678307671965
52.718270904088534
53.38901229497235
53.949560860108626
77.8869176803325
64.93702063062915
62.4973341163347
73.93180143898599
57.9732845130599
70.65058510942897
67.84953194086303
70.80245461038793
71.8239876332174
54.640139778662466
55.37050571081321
58.772740237990874
60.82014089500768
66.57347621737247
57.51473595351099
65.847983555762
57.63243534853394
76.25850547031929
56.9221911913067
63.22320565473593
68.24782299037692
69.53914675258298
53.552525295800685
49.751131945297715
50.35132613160997
49.27801165779003
60.091712890792
53.77519075965949
57.12594730173313
65.38330274545037
57.21669435492852
50.09401352647075
46.34008645490492
57.053332691389784
72.44569857970534
60.373981389177374
64.84237294708026
0.0
52.2089896705665
57.60087128424925
55.243569366903714
58.3939580235737
55.28418349387423
52.65448977178807
60.774346209639134
67.1081585142562
56.63305549096558
55.45745445771594
59.65015212818701
49.4774703093766
48.347953587969535
62.09660855173457
54.639930726941614
57.538175307655884
71.04150227483275
46.08742383448926
46.346570123095
57.451150919070905
46.94787690025056
48.573758383210354
59.71506116853246
54.38948833470518
75.02356344222284
54.59560621637583
66.40729810140033
77.25552088091518
64.72620521332759
75.29570443671207
64.86357230119295
76.11401858330211
94.80417640707566
56.20390208992832
63.519641052097725
62.13028972619315
57.690909518435646
62.7041495830332
71.16942731097186
75.34504594578246
59.132793537659765
88.25539014575298
60.75801702299144
67.53147723782655
74.57389294976943
74.82714830658826
55.03099209974809
56.05973450323436
55.53181396277288
47.79523677301336
65.34760469936928
63.989200984048466
53.14719524901878
83.80240191226969
74.7788363258048
49.81529124335827
50.6416717712737
63.839717930975276
71.78455265749025
68.27488916992317
56.89263977349056
52.2089896705665
0.0
62.94797357493726
66.84234717756873
77.75474657248917
58.28067906270924
71.16451039225271
67.09472264509684
62.97591140833909
67.45669517321055
61.14987741157005
66.08492093564837
58.28516310072861
41.76383512342258
53.7007098986574
64.12049639442569
64.88089692528216
59.66217145088931
42.529945189909995
54.08131971332243
60.67846780359518
56.34804734157086
58.73448339048593
60.13134082956317
58.7779192084034
80.23854228486431
68.88441461661067
60.62024732241592
56.597790093640306
63.85190878756376
57.863965568294624
73.14763271096874
59.87890731396179
72.66155181882927
55.496079477586825
56.08701213103017
56.02078196983785
59.462959609754726
73.20681234014387
61.772274457767665
53.53727636717502
58.65146339974265
59.29419093499976
64.86967332175182
61.06785579372213
68.72085204504447
61.57320570384863
55.0866554781774
66.2018752334089
63.78034083431981
64.17375711084703
74.85615201534306
65.77655503634249
65.68368891799074
64.81260542836233
59.76428637513891
55.22748808492059
59.05039268773398
62.73224890722471
76.56437386524173
68.70291366202353
58.59110119670774
57.60087128424925
62.94797357493726
0.0
52.44673003051797
61.6436928565506
51.23194589725626
54.42873751114046
62.16959517489896
58.18141611533606
53.23941954813569
53.00975521602586
62.42757360540106
51.39003462840821
55.2011687057234
53.545298208411374
55.0480751344213
44.13904347113165
69.42518463934152
60.34543776543187
58.00844121773234
58.26270996504339
56.38416146978686
43.30951170136442
65.99477334686755
54.70254067590566
82.57193359723982
72.00416680849037
65.2414965420746
66.76597328117789
66.88374732739362
64.66328882939888
77.44099029140739
62.02242844611285
70.10073465642527
55.69674087099166
63.042829275942175
60.57228634699458
65.0269303009227
74.48286682662138
66.52007056456556
62.1268599474991
68.34305194827364
65.24330973764202
64.8851247055247
61.777191236872156
72.69878615877803
68.56610419674593
61.01469442706704
63.866016435565776
59.78681069756229
65.3492846208943
67.7398149376682
61.88590247574297
62.77320506777358
56.48085426427917
57.783434823383786
59.59538852180648
55.73528152175809
62.38112543719372
76.09086686506302
67.2392413821882
63.86103459155206
55.243569366903714
66.84234717756873
52.44673003051797
0.0
53.25568129254787
47.592356238544234
50.570661228990716
59.1567066367001
51.38614946241768
51.18695281220184
53.16072915411168
63.33159054899566
60.02483265579883
61.56543908131576
60.75697370591783
58.87632261564172
47.612400893012314
70.98148426213245
65.57047618626223
59.026319358970404
53.67128799368539
56.08247119205442
44.65662078124711
71.13184771541565
70.07290955487976
93.58473995118476
85.63966034526969
65.88665262312088
73.15453777005754
64.6845882653659
70.54062355843583
76.06751861035447
69.43571336774501
55.36074027346153
68.26661857746296
63.87570671857792
69.57285720771873
69.92244962114127
80.48629733392745
60.598267325007505
61.78198446699799
65.51557533529805
65.55655991452271
66.54054161251307
75.54650707215076
67.80382145591955
70.77178477499565
61.05338936104586
63.94339917726697
62.361918586468285
67.16025425140475
73.23307109352183
56.763380210234224
72.50796386591409
46.884656199383315
44.8758459350869
61.26598889273107
57.58130721035435
50.80342461853822
80.78320959826347
56.36243979312847
78.79975789163016
58.3939580235737
77.75474657248917
61.6436928565506
53.25568129254787
0.0
64.66204584574037
39.141363450387445
54.16877010934158
71.06062521941236
65.50462391102603
66.45251914808037
66.74965720250287
55.172854199489116
67.89243071632643
79.27529138880662
62.92852059373013
61.22666098999541
87.28713695575065
71.96068504012129
61.780088308359744
70.82253599367833
58.317512765252715
58.55192045882951
56.973876781650034
44.76330494720437
72.62826662279855
61.36583470150724
59.54281775196721
65.66917859707601
60.58354058260806
63.89379084434072
79.841202276004
52.831913275453736
73.64420655303186
50.71038202544463
55.80487143283758
53.269697201498985
59.23812274162809
66.40535606968588
68.38369963957147
65.43002933068817
69.84749294252332
68.26367283177993
54.423022972161114
44.92366023066465
70.36777139582982
59.98217932352982
54.86747550762254
49.637739630086124
42.04151501723579
52.63957701550624
50.90157664222794
50.632921825562654
50.66779414385496
64.11364155523016
59.89708484523539
52.415176951659824
50.6464212006132
66.41063893899675
64.39836659404928
67.307610293997
51.86849458577101
55.28418349387423
58.28067906270924
51.23194589725626
47.592356238544234
64.66204584574037
0.0
61.318490949143595
59.60212135178688
39.798138908150435
43.34704475713317
48.67688406719109
59.309713124505
64.27639955737925
56.55117701250705
55.17247766981964
56.7141662000269
52.19195908105968
67.9103802231583
58.35715611317301
56.61503481181622
40.66616997044428
56.04919216306362
45.648443091404545
68.3458552759787
70.43018967595572
91.19891187165287
82.7133168855575
60.58165558293799
66.39513706699451
65.49325746081811
65.99126547042434
73.4021444146214
67.55908116778203
58.67478865008997
66.20811597243642
59.99179062258341
65.740948594693
63.11826908066962
77.69371475998398
57.84188973945054
61.644092157596745
59.803674838350844
63.023617846027854
66.0741823577947
74.45239628185908
60.90491659954598
68.45576590261297
54.6267037344027
61.3756157078861
62.08960306906293
64.02441261930822
74.56120825731843
59.664391462093874
68.48067347736662
49.7159927151218
45.120695450809905
56.78455389217464
54.092181868800935
45.156453960741125
81.3327054863442
51.51332735468352
73.47848714620469
52.65448977178807
71.16451039225271
54.42873751114046
50.570661228990716
39.141363450387445
61.318490949143595
0.0
48.460401134198754
68.14763280637
64.89421453998276
62.39177024529533
64.4971475440187
48.59268255804158
59.98655090529296
69.23936477603473
56.829527209679625
52.83127063410223
79.11247357085622
67.67492290905278
55.12635141094682
69.62153845080515
52.09118955615906
52.23893555307696
73.4116180059139
71.491710140634
90.81569600740694
82.27011952745052
54.36476564804399
64.43861560016991
70.53169349761352
68.8984786536302
73.77876706354053
61.7367903646386
69.39836192895375
71.54983570699716
60.21954935050467
64.81598840366757
58.83148370173204
67.17700900667886
69.89765204527828
71.57508687891129
63.32906850820886
65.87724131178597
66.19961892934359
73.27493129986355
55.83619721080827
66.46014147694346
48.77364614146907
62.385402162616366
61.55891324164651
59.97320943324875
72.78619317988327
61.73476570792444
67.16965953149892
62.78065970402857
52.85337841624931
52.29960606028262
62.26312685854749
46.6032291167282
73.32598069000181
46.34668616623317
61.56424781726732
60.774346209639134
67.09472264509684
62.16959517489896
59.1567066367001
54.16877010934158
59.60212135178688
48.460401134198754
0.0
59.02629141699455
69.75385220585426
64.32632362875573
65.17538046913995
54.75011508363382
59.11126907240596
61.96095856623472
61.58438923017952
54.49422498200343
74.34616319437781
69.94569693764161
56.68077859432481
70.44120034401402
58.9640717110216
58.56062188082337
71.90978796572509
54.83213457580793
80.12217386727686
71.01197615795695
59.89219355125803
65.99604943972209
70.85675678379683
70.15689634410832
85.6144239397234
52.53926464937537
78.75070061271632
61.658778773136724
63.393071467903795
64.6958729627641
65.06492624686675
73.24744768756003
81.0928327348282
75.85844782558392
77.00839451786038
69.30521055014583
66.61305593932576
56.87317796009091
73.60852827506422
65.30049099433377
62.45037319763359
58.15374940356837
50.86833002381326
61.10858283559818
59.57900993551901
61.656341978896194
59.47155525918832
68.31472557742671
66.71624229504731
56.614519300956815
63.786276855026266
67.73612275809815
64.45742562353105
68.66192991238721
49.681091824952865
67.1081585142562
62.97591140833909
58.18141611533606
51.38614946241768
71.06062521941236
39.798138908150435
68.14763280637
59.02629141699455
0.0
52.012373660137385
60.46703505498256
65.02574923408872
71.91256912142589
62.366378809828035
56.92944876260802
61.54120137966237
54.0655535762459
66.47505860041642
68.33732307586095
65.0175182092085
46.038763296996464
64.41437298168296
55.29046428742934
60.484960394102416
50.18116175901169
74.11905441403621
68.34376451308
67.06950885495996
71.41646564661696
63.18230640556605
69.57440302118334
86.72738651613395
58.91703485007553
68.0598731950754
55.117734410413995
62.483001085676726
62.23490386098676
68.85522295166476
79.33123884558375
71.47733173739063
69.05772458158042
76.25587773649657
69.50083256689857
60.14271785964195
49.672953953129564
80.26687663209063
66.88647597455589
68.33404001419191
58.17165475452123
52.21114596412276
64.41372076725185
58.63189905687124
57.30587054016536
62.50267569891734
65.42921404377144
63.26536743334144
62.04466997585466
60.873742035795765
75.21783264318698
69.17496468920409
78.46727261926844
62.55047393400323
56.63305549096558
67.45669517321055
53.23941954813569
51.18695281220184
65.50462391102603
43.34704475713317
64.89421453998276
69.75385220585426
52.012373660137385
0.0
53.87870434663765
58.48574640592849
67.90985971477104
63.554359095944534
65.97541927625814
53.743900406368304
56.07293551171638
73.25279351240276
60.25007979694373
64.82897186407901
40.95039646089248
57.71045921442766
47.959030939368155
61.195734505859015
57.91017981561629
72.44284638161605
66.04551981123421
59.585107367476155
60.83165837492343
66.80594974415128
61.13887677422077
75.69263955871338
59.224938024343764
76.46124080187515
55.78712845361725
53.46850238934379
49.607701067188636
54.5445860290401
66.28031734830573
60.009192620644306
64.39657438035286
63.80986336758581
65.54023592303525
65.68849072838144
59.17163003190102
65.48149838770128
63.125555801137885
55.74051766010085
64.5212145660934
60.84259317235852
60.85617067356592
69.44385428068881
62.627368552264706
55.66624562320708
65.84110293736072
63.92579355136209
56.76565172454447
56.99583988910968
64.29122171176796
76.95566391303193
66.61837543520369
52.71108631158595
55.45745445771594
61.14987741157005
53.00975521602586
53.16072915411168
66.45251914808037
48.67688406719109
62.39177024529533
64.32632362875573
60.46703505498256
53.87870434663765
0.0
56.93462682297387
55.275499534980064
52.52118211038372
53.50436225437683
56.64487676975591
51.00373291810855
61.738047505235365
60.613241525956354
51.09626558737425
57.87886434938944
59.268837644705705
42.817905240958254
61.16305395996624
65.35246752962496
78.15540716951315
72.03554941349589
62.30932200793204
69.86803070707786
63.19456721352086
68.98596269039722
80.73122375481891
65.27167044023545
74.35378976381737
69.99787883561598
57.93459973779889
60.68640048874952
57.586813675631724
70.54764626907871
68.91440230590372
71.1502097368561
68.44711140901548
70.74053199770526
59.57206054172221
61.55190486382603
68.26244423711061
66.83281768526733
58.26915845567617
61.75789563896574
57.8819438996703
59.628174843447546
65.84326787920692
61.557138951073696
63.127107070953706
70.19146952235586
61.7509640417076
59.29000205209046
60.20527660033269
66.56655746220613
72.92319203949195
67.12237653840312
62.21437227311948
59.65015212818701
66.08492093564837
62.42757360540106
63.33159054899566
66.74965720250287
59.309713124505
64.4971475440187
65.17538046913995
65.02574923408872
58.48574640592849
56.93462682297387
0.0
52.977196470643314
51.519904088329554
62.1321614023015
62.77022453599862
63.40521873483674
70.86746184422746
61.89017369714501
54.81919737011344
63.4133929506781
58.62039860754864
58.642561649941996
61.019101773769236
67.89101146004458
86.59194083114112
73.8548633412247
58.18806352030673
63.12785202948548
64.1695686421579
64.31967865939265
64.09937231934866
68.32926946426001
72.8535292585891
64.50731381914447
54.44779752067825
58.21139486575504
52.79362182040666
65.78602391592845
55.063882804422185
60.620911076046745
50.00649466634125
66.5484961736334
64.18028593190431
72.21887235120379
57.27367436174922
65.64280035803718
47.868910058236594
64.51753845016509
62.31879344043272
56.61663167752484
76.56630005315884
62.95767113813576
64.32145265344413
63.81193518389418
52.38941079941836
51.26041211204713
53.73806136785069
44.757937612056445
81.75089180872264
50.2780035241982
60.79028397128244
49.4774703093766
58.28516310072861
51.39003462840821
60.02483265579883
55.172854199489116
64.27639955737925
48.59268255804158
54.75011508363382
71.91256912142589
67.90985971477104
55.275499534980064
52.977196470643314
0.0
45.15671826927802
58.56989137849141
61.46451940460988
56.40849315128819
71.35146700049816
59.83274896208357
47.053938869236276
72.31172334852526
54.12405734185643
50.18987648916512
55.32733625548957
57.129462118225334
75.24323493084849
59.42869055717216
56.69186470594811
65.71861555361743
59.30956445753639
64.77374539786283
65.42208129046966
66.22283428232961
83.05853846854654
57.03668262909162
52.874762958325675
52.81638275097736
47.82337175385833
58.68110807716579
61.97137694307906
66.3271114130042
53.41479796562229
73.61150874249105
57.37914453557026
63.02829673499994
63.56333371821206
64.38327941245049
46.79476865579371
55.89722873107134
53.738027168251385
48.91072210342561
65.48944952476576
60.28887352223716
52.37637897938466
72.4560735382487
62.32148188029636
47.74305563007605
48.21145467707917
55.45452465887253
71.29655090448607
57.650478452435856
52.960537855186956
48.347953587969535
41.76383512342258
55.2011687057234
61.56543908131576
67.89243071632643
56.55117701250705
59.98655090529296
59.11126907240596
62.366378809828035
63.554359095944534
52.52118211038372
51.519904088329554
45.15671826927802
0.0
47.01521923299783
59.69609808282864
55.29689402571839
58.34476101067505
47.87009590517909
45.25682408319636
61.53087113401051
52.49535875825076
49.862112765499326
65.67101030493906
63.52518795674925
75.90827405450372
62.58023248672035
59.59097242168997
59.315618750973044
72.5748965200881
62.433615419384154
75.35422448770942
63.03930148608359
92.84511317041112
64.70481086161503
56.91620385932491
53.557916351109895
50.52127781167143
62.137446935118334
74.21983101851174
72.79298232437552
64.58707468763944
71.40478675355394
69.09959003213767
61.552168803897644
66.51643475911037
66.03138779071199
54.41422107865539
69.8983548583415
66.79455403419598
61.543278287237165
74.97854218943792
74.06916597868454
55.56035662308738
82.25987276644487
74.21086013429442
55.273562080666686
62.9910250379766
66.78593860846259
76.20131238582638
68.295521406208
45.94500530114527
62.09660855173457
53.7007098986574
53.545298208411374
60.75697370591783
79.27529138880662
55.17247766981964
69.23936477603473
61.96095856623472
56.92944876260802
65.97541927625814
53.50436225437683
62.1321614023015
58.56989137849141
47.01521923299783
0.0
65.48493701209834
49.4288686140546
57.07396718223249
63.43531154786414
58.416825963127366
62.75550751414555
62.64058718116194
51.43230095935327
65.4190787511613
63.58958297038169
73.57569823280302
74.69761177971144
61.49263353503029
69.8626508320236
64.24338420649939
68.45129380384606
78.82060082222259
63.80351000064611
65.79386434712406
61.32600790915742
61.36974415148186
67.06101206236993
64.46651861436
80.07820670707689
65.82070750750302
73.41773836354285
69.12894049826858
70.18775531301029
65.01069909571603
64.38060560361802
69.0875771419737
71.71892938220273
63.805451397316375
56.72727753969296
59.693118842651685
63.77911802208226
66.84811517126136
59.5378344004551
58.01047184647787
61.78792343608127
62.50519923820835
54.61944467624421
59.319138687057446
64.11708585173274
71.4583628613154
70.91724784390291
67.16258051555593
54.639930726941614
64.12049639442569
55.0480751344213
58.87632261564172
62.92852059373013
56.7141662000269
56.829527209679625
61.58438923017952
61.54120137966237
53.743900406368304
56.64487676975591
62.77022453599862
61.46451940460988
59.69609808282864
65.48493701209834
0.0
54.449972342827856
62.870202983843484
59.27358848273447
60.21860060859155
55.11417326661202
47.85212528308133
48.41648512248704
70.20744912177678
63.840667937429444
84.54720449625067
76.15816839545803
57.74432229224859
57.38539364212454
70.75420205055593
63.797862038493115
76.9242386395693
56.68659377586241
73.21586278647457
61.468957122282134
57.61793254656326
58.66442725884961
60.045416069877305
71.97495590749166
67.82577326786907
66.20700149310822
65.51791135267543
59.692088428537154
71.06972222842487
66.44712554778025
64.83559841762475
63.27535071262284
56.754936984870476
66.8963873097037
62.96934144032195
65.40334390524256
73.73312497348363
66.71125488477455
61.83005023007621
60.821153251403366
58.60149492893171
54.833783459684405
61.058382320405244
57.473423082133046
76.90466058920417
62.125264690659606
53.39377555163259
57.538175307655884
64.88089692528216
44.13904347113165
47.612400893012314
61.22666098999541
52.19195908105968
52.83127063410223
54.49422498200343
54.0655535762459
56.07293551171638
51.00373291810855
63.40521873483674
56.40849315128819
55.29689402571839
49.4288686140546
54.449972342827856
0.0
63.7514516214853
64.62313850263307
55.47977931887694
57.42082130049191
55.85014110112574
40.26803125919261
72.6859550301048
71.44063670313413
66.58774370593628
67.42573621960295
66.99709463506005
70.64285234867236
75.29771717324482
73.51084805389489
76.73967805694662
72.12620859473716
94.66150154513473
66.8796303221609
71.79130554079319
69.83508396938905
63.21674926483587
71.96436414704584
78.30588670813115
85.43847820609457
72.90258392981661
82.24641048403304
78.52192135252098
73.4322894999853
75.28072429741272
77.54598413630325
67.1339298620382
73.09345493156624
72.42244038058642
69.53175815341731
77.57372008926069
77.30838628663668
59.65550914513978
85.85516069798769
83.25843293825676
63.74422038353804
72.22535542121773
76.22484252785637
72.41331090884837
80.38319426311395
61.46985703688976
71.04150227483275
59.66217145088931
69.42518463934152
70.98148426213245
87.28713695575065
67.9103802231583
79.11247357085622
74.34616319437781
66.47505860041642
73.25279351240276
61.738047505235365
70.86746184422746
71.35146700049816
58.34476101067505
57.07396718223249
62.870202983843484
63.7514516214853
0.0
64.9557009645016
66.71327401449417
72.45289644629274
67.39060010261072
61.76552723403575
50.79451359581861
52.020060502676614
70.78111884390864
57.22114607649166
67.3749636308001
78.48704608094633
56.544183145589244
74.05001591223106
66.24257236382228
75.6648715320008
82.66143455413864
53.662433703731864
60.96678043085882
61.99280906912343
62.52129806946009
67.18862721698308
65.84703571975669
71.26804731663503
58.871819804695505
84.48142588974133
54.16694159008436
63.298590821800566
77.53532970234866
74.01692035233114
55.51167764328708
48.389117325998605
52.99064130051164
46.27408679419348
58.039663532964866
57.63702849260227
56.36877011686369
77.92341046541917
69.13656777006368
51.179472691609625
49.38662179010173
68.8046182583479
65.12415048948277
70.55018158533089
66.99298909491013
46.08742383448926
42.529945189909995
60.34543776543187
65.57047618626223
71.96068504012129
58.35715611317301
67.67492290905278
69.94569693764161
68.33732307586095
60.25007979694373
60.613241525956354
61.89017369714501
59.83274896208357
47.87009590517909
63.43531154786414
59.27358848273447
64.62313850263307
64.9557009645016
0.0
52.95451541138235
58.48587262312432
55.50485536174245
58.70784436256823
60.46758855442631
61.22545921635749
80.95096524977397
68.5448054627069
56.19683371204377
67.67309299534233
63.04542020095209
67.40634504789949
70.23763749559073
66.68108738516987
76.55826604573303
62.28366009700791
53.084745098758894
55.32116310092983
53.296084453830424
60.14760035376183
60.84453800431696
66.68938471131494
56.58872876202293
71.90746411795249
59.98815993723768
66.62685373435481
59.0267235256444
65.43947424184087
48.03505158180507
57.117193417159484
55.86952866106285
50.23034563433784
67.44442294973477
58.536669553527254
57.587647456782584
67.83635105057944
58.94619525713922
50.569738023277196
51.11655155221747
51.94178580044985
75.96635143128744
54.07781206765072
56.633104452252255
46.346570123095
54.08131971332243
58.00844121773234
59.026319358970404
61.780088308359744
56.61503481181622
55.12635141094682
56.68077859432481
65.0175182092085
64.82897186407901
51.09626558737425
54.81919737011344
47.053938869236276
45.25682408319636
58.416825963127366
60.21860060859155
55.47977931887694
66.71327401449417
52.95451541138235
0.0
63.69477368776394
51.85021090484527
52.95131066694532
63.23305343112811
44.09616054717542
76.5090324017328
65.3836308574381
70.05614377618515
77.15737434754591
65.43196183851381
73.24679370709516
86.00736610373352
61.85048890535417
77.66094122943917
56.03980294772728
65.58335341884083
63.03481775994719
69.72682788676148
75.44591045855597
78.01481003544743
73.7785669032236
78.65706872284409
77.43480625272755
58.38292169371654
49.56808035051785
82.70335480585003
70.48562909483597
68.03850595256222
53.665988762699975
49.09726823438688
60.966590305698816
54.73547562500603
57.071707688152884
60.63183366545627
72.22881917357537
70.19689446735296
61.99766775471064
57.449096599000505
76.75410344432179
68.15260972675475
78.1938374764813
61.21179396070245
57.451150919070905
60.67846780359518
58.26270996504339
53.67128799368539
70.82253599367833
40.66616997044428
69.62153845080515
70.44120034401402
46.038763296996464
40.95039646089248
57.87886434938944
63.4133929506781
72.31172334852526
61.53087113401051
62.75550751414555
55.11417326661202
57.42082130049191
72.45289644629274
58.48587262312432
63.69477368776394
0.0
59.23332211050507
52.54696067100948
61.76414774986524
60.66872935979125
77.52502891905563
69.11686913580373
62.29220201341532
72.5061060038641
57.83935932386439
68.84656811362235
71.3142200657642
69.1274536139476
71.71877206648176
57.0813162471019
59.89086219946915
63.24338810708196
60.783045611002976
72.0663650619612
61.083173059241695
67.78934270582258
61.87604952109614
74.96416911032314
59.0910775330258
65.84331189496291
64.68342086656834
70.19401965325504
56.84203956464741
52.63676185959219
53.936562710971906
55.95807369896455
63.757838419675636
53.44341504914225
57.13183023665314
63.116476026057605
58.09506606217342
51.18457785790021
50.419466614552256
55.23079168498268
74.33158435516201
63.48352886890493
65.96678307671965
46.94787690025056
56.34804734157086
56.38416146978686
56.08247119205442
58.317512765252715
56.04919216306362
52.09118955615906
58.9640717110216
64.41437298168296
57.71045921442766
59.268837644705705
58.62039860754864
54.12405734185643
52.49535875825076
62.64058718116194
47.85212528308133
55.85014110112574
67.39060010261072
55.50485536174245
51.85021090484527
59.23332211050507
0.0
46.664038695449754
59.995556824399756
54.733787149307574
76.1032518641661
66.71744429488281
57.802544147673544
58.954473154165804
62.60427459326472
58.61171210436561
71.94493518462654
56.475534010110124
69.88163436085307
49.18626876435331
56.63867889993401
54.03954199509646
55.70993682798851
68.07553763914626
58.28872760666159
59.361859881808336
61.64874751817591
61.66655035660371
63.02581933801203
57.45119180319272
63.62336130868577
61.69805749384651
55.014436224806836
61.607563961033435
57.395549953416655
61.07606545618958
68.27397857881286
59.87816135365796
54.46955455293587
58.321910322075254
56.489972770301726
53.41370865684201
52.567162902232376
57.89594938180142
75.32934642442821
63.61543843545619
52.718270904088534
48.573758383210354
58.73448339048593
43.30951170136442
44.65662078124711
58.55192045882951
45.648443091404545
52.23893555307696
58.56062188082337
55.29046428742934
47.959030939368155
42.817905240958254
58.642561649941996
50.18987648916512
49.862112765499326
51.43230095935327
48.41648512248704
40.26803125919261
61.76552723403575
58.70784436256823
52.95131066694532
52.54696067100948
46.664038695449754
0.0
100.0
100.0
100.0
100.0
100.0
100.0
100.0
100.0
100.0
100.0
100.0
100.0
100.0
100.0
100.0
100.0
100.0
100.0
100.0
100.0
100.0
100.0
100.0
100.0
100.0
100.0
100.0
100.0
100.0
100.0
100.0
100.0
100.0
100.0
100.0
100.0
100.0
100.0
100.0
100.0
100.0
100.0
100.0
100.0
100.0
100.0
100.0
100.0
100.0
100.0
100.0
100.0
100.0
100.0
100.0
100.0
100.0
100.0
100.0
100.0
100.0
100.0
