1	0.00583334
2	0.00274902
3	0.0879617
4	0.0201576
5	0.0801517
6	0.135905
7	0.0136971
8	0.0602317
9	0.0774612
10	0.121563
11	0.227353
12	0.0101854
13	0.0111515
14	0.00204848
15	0.00650881
16	0.107831
17	0.0377572
18	0.0734501
19	0.0157963
20	0.174875
21	0.0115534
22	0.0101879
23	0.212176
24	0.11059
25	0.00689231
26	0.00946038
28	0.00367432
29	0.0150381
30	0.00922062
31	0.0239226
32	0.210958
33	0.116884
34	0.00247729
36	0.182649
37	0.0970461
38	0.196749
39	0.162503
40	0.016298
41	0.0575677
42	0.0563317
43	0.116895
44	0.168713
45	0.014965
46	0.134705
47	0.194231
48	0.179823
49	0.0611958
50	0.0685387
51	0.079784
52	0.0614502
53	0.0085307
54	0.115703
55	0.115172
56	0.157785
57	0.194521
58	0.0195083
59	0.0599799
60	0.0890257
61	0.0764663
62	0.0457746
63	0.0094106
64	0.00178145
65	0.163108
66	0.0212175
67	0.115316
68	0.184622
69	0.0164078
70	0.139551
71	0.172722
72	0.0752043
73	0.264182
74	0.00937007
75	0.0431614
76	0.00271142
77	0.0845202
78	0.119605
79	0.146031
80	0.106881
81	0.122238
82	0.208209
83	0.0125167
84	0.00898022
85	0.273095
86	0.121486
87	0.0594183
88	0.00801955
90	0.00422894
91	0.0124788
92	0.00846539
93	0.0228628
94	0.186828
95	0.142378
96	0.0185073
97	0.00130383
98	0.200926
99	0.10109
100	0.215136
101	0.119467
102	0.020812
103	0.03075
104	0.0622024
105	0.0268524
106	0.177834
107	0.00113486
108	0.176343
109	0.194472
110	0.0322971
111	0.0158596
112	0.0552925
113	0.139298
114	0.152268
115	0.0394462
116	0.113638
117	0.116314
118	0.112198
119	0.201629
120	0.0217984
121	0.0872375
122	0.016642
123	0.0848898
124	0.0114663
125	0.00726071
126	0.00263083
127	0.0185012
128	0.0241572
129	0.0226974
130	0.0361987
131	0.010744
132	0.0165778
133	0.104659
134	0.0211944
135	0.212442
136	0.00928726
137	0.00884771
138	0.00157373
139	0.00347464
140	0.0565626
141	0.0551201
142	0.116627
143	0.0452304
144	0.109551
145	0.0124661
146	0.00772122
147	0.173636
148	0.0538222
149	0.0258042
150	0.0104916
152	0.0066956
153	0.0123734
154	0.0108202
155	0.0130061
156	0.188786
157	0.152679
158	0.0024547
159	0.00307363
160	0.211592
161	0.0264722
162	0.247621
163	0.0970465
164	0.0550624
165	0.0342969
166	0.0786366
167	0.103534
168	0.216098
169	0.00256711
170	0.186373
171	0.189467
172	0.0808971
173	0.0235951
174	0.0187984
175	0.0695423
176	0.140896
177	0.0222574
178	0.0400887
179	0.0283777
180	0.121436
181	0.02716
182	0.0198712
183	0.0861479
184	0.0430209
185	0.0549915
186	0.0277044
187	0.00941433
188	0.00263851
189	0.0292743
190	0.0101233
191	0.100872
192	0.126527
193	0.0139165
194	0.038105
195	0.0753388
196	0.126697
197	0.366558
198	0.0104863
199	0.0270416
200	0.00143081
201	0.00427421
202	0.0348929
203	0.102364
204	0.106386
205	0.0254229
206	0.223607
207	0.012051
208	0.00908924
209	0.242265
210	0.104136
211	0.0112675
212	0.0201632
214	0.00412181
215	0.0273336
216	0.0402191
217	0.016232
218	0.305952
219	0.19839
220	0.018338
221	0.00160973
222	0.221468
223	0.0735121
224	0.248872
225	0.100801
226	0.0450882
227	0.0212202
228	0.0840829
229	0.117014
230	0.256568
231	0.00306717
232	0.22126
233	0.223731
234	0.109242
235	0.079791
236	0.0572265
237	0.126717
238	0.131867
239	0.00715312
240	0.0321699
241	0.148526
242	0.157312
243	0.0833969
244	0.0196773
245	0.0808992
246	0.0509142
247	0.0899652
248	0.0532795
249	0.0741394
250	0.0850025
251	0.211978
252	0.162672
253	0.0026049
254	0.0111913
255	0.0424701
256	0.0300746
257	0.153825
258	0.00800189
259	0.0969979
260	0.0606
261	0.00763049
262	0.00240837
263	0.0031936
264	0.0731972
265	0.067675
266	0.119625
267	0.0152303
268	0.00811126
269	0.0837135
270	0.0680996
271	0.020645
272	0.0161798
274	0.0370836
275	0.00300163
276	0.00442809
277	0.10321
278	0.0299821
279	0.0242596
280	0.060936
281	0.00530572
282	0.00115367
283	0.043945
284	0.006838
285	0.0928853
286	0.0131888
287	0.0268127
288	0.0711235
289	0.114669
290	0.0520828
291	0.0998553
292	0.105381
293	0.0321096
294	0.0451416
295	0.0192775
296	0.0498469
297	0.118623
298	0.0439898
299	0.0816504
300	0.0240121
301	0.00963053
302	0.0467865
303	0.0672021
304	0.0233481
305	0.127823
306	0.123892
307	0.0190175
308	0.149518
309	0.0725809
310	0.0136865
311	0.0879951
312	0.112567
313	0.183142
314	0.14664
315	0.00319062
316	0.00639561
317	0.0699064
318	0.0185734
319	0.147374
320	0.00658526
321	0.121343
322	0.0437401
323	0.00809302
324	0.00157867
325	0.00330026
326	0.0932314
327	0.0658466
328	0.0511288
329	0.017926
330	0.00734363
331	0.139005
332	0.0656719
333	0.0234222
334	0.0189406
336	0.155591
337	0.11037
338	0.105432
339	0.191307
340	0.104236
341	0.0591736
342	0.0761346
343	0.0105694
344	0.00355582
345	0.105446
346	0.0503687
347	0.14803
348	0.0598991
349	0.031665
350	0.150913
351	0.188479
352	0.0150268
353	0.0784313
354	0.142643
355	0.0577915
356	0.0675233
357	0.0570279
358	0.0735501
359	0.125864
360	0.0274671
361	0.119658
362	0.0366695
363	0.0609512
364	0.0258823
365	0.114104
366	0.0133679
367	0.128112
368	0.200582
369	0.0867473
370	0.185132
371	0.139121
372	0.00203195
373	0.00942694
374	0.00318787
375	0.0967184
376	0.0236466
377	0.047381
378	0.11777
379	0.00852752
380	0.0227425
381	0.103639
382	0.0711026
383	0.144406
384	0.010523
385	0.00970707
386	0.0122166
387	0.0125577
388	0.108387
389	0.0639256
390	0.0818147
391	0.0185736
392	0.119983
393	0.0134049
394	0.0220642
395	0.194006
396	0.0847089
397	0.00225599
398	0.00765289
400	0.00389477
401	0.0144995
402	0.00869722
403	0.0325835
404	0.127976
405	0.0209808
406	0.00232669
407	0.00110943
408	0.130081
409	0.0581074
410	0.159358
411	0.231141
412	0.0387073
413	0.109806
414	0.0968583
415	0.128939
416	0.105329
417	0.0552339
418	0.108177
419	0.167524
420	0.171936
421	0.0911694
422	0.12845
423	0.101724
424	0.0967682
425	0.0447998
426	0.189414
427	0.10623
428	0.166373
429	0.224141
430	0.0330972
431	0.088898
432	0.114347
433	0.0425675
434	0.0757029
435	0.0116997
436	0.0470282
437	0.0845378
438	0.0387175
439	0.00456658
440	0.010811
441	0.0125731
442	0.0114085
443	0.128991
444	0.00645284
445	0.133517
446	0.0128748
447	0.00785931
448	0.00149467
449	0.00342199
450	0.0779486
451	0.0349774
452	0.0224254
453	0.0158093
454	0.00954666
455	0.0476906
456	0.011916
457	0.0568576
458	0.0166035
460	0.107746
461	0.0723145
462	0.0771989
463	0.137287
464	0.0391034
465	0.0244593
466	0.0739804
467	0.0246953
468	0.00364561
469	0.0146281
470	0.0876156
471	0.13809
472	0.110796
473	0.0883947
474	0.101028
475	0.15218
476	0.0149311
477	0.0423923
478	0.0996243
479	0.0231603
480	0.0471335
481	0.0852884
482	0.0992373
483	0.0909282
484	0.0212462
485	0.0954573
486	0.0328445
487	0.0350689
488	0.0296986
489	0.0841419
490	0.0305047
491	0.140814
492	0.138812
493	0.0680571
494	0.128707
495	0.0859161
496	0.00163431
497	0.00906373
498	0.00437803
499	0.14055
500	0.0198775
501	0.00549319
502	0.036879
503	0.0129014
504	0.0408129
505	0.0194221
506	0.106234
507	0.19947
508	0.0106604
509	0.0151868
510	0.00162452
511	0.00415586
512	0.0269315
513	0.0203519
514	0.0294984
515	0.0139953
516	0.109181
517	0.0127603
518	0.119754
519	0.0620858
520	0.0935076
522	0.0110752
523	0.0317967
524	0.00319749
525	0.0702732
526	0.00886932
527	0.0179846
528	0.139002
529	0.04334
530	0.00173404
532	0.00690859
533	0.071103
534	0.0170984
535	0.117943
536	0.0147985
537	0.019941
538	0.0435617
539	0.0877102
540	0.072642
541	0.103613
542	0.0393715
543	0.0525581
544	0.173696
545	0.183126
546	0.0703465
547	0.130307
548	0.00832666
549	0.00597002
550	0.0690522
551	0.105915
552	0.0797775
553	0.0919649
554	0.0191968
555	0.0201323
556	0.175914
557	0.032578
558	0.0215488
559	0.113265
560	0.0426633
561	0.207433
562	0.186249
563	0.00362069
564	0.0104609
565	0.0630036
566	0.0177702
567	0.256261
568	0.00466741
569	0.0627026
570	0.0393454
571	0.00780676
572	0.00184538
573	0.0049661
574	0.139408
575	0.143015
576	0.0967375
577	0.129122
578	0.00751462
579	0.0814378
580	0.00835925
581	0.0447751
582	0.017669
583	0.00920033
584	0.0825453
586	0.085927
587	0.0819496
588	0.0310431
589	0.0496051
590	0.0489091
591	0.00641885
592	0.0117549
593	0.0959724
594	0.10713
595	0.0840482
596	0.0961538
597	0.0302846
598	0.156261
599	0.214279
600	0.0449126
601	0.0674008
602	0.141914
603	0.00210399
604	0.117221
605	0.0659632
606	0.0185701
607	0.0376393
608	0.0407578
609	0.11024
610	0.127394
611	0.103806
612	0.0799969
613	0.0899088
614	0.0168448
615	0.179641
616	0.209093
617	0.113907
618	0.0659842
619	0.141887
620	0.00165024
621	0.0600201
622	0.0726215
623	0.239856
624	0.266832
625	0.00375729
626	0.012715
627	0.0145866
628	0.0376057
629	0.190624
630	0.00788774
631	0.0116494
632	0.0380454
633	0.00925323
634	0.0684769
635	0.0846169
636	0.223756
637	0.022757
638	0.0319211
639	0.0683993
640	0.00780315
641	0.0316383
642	0.0468053
643	0.0315698
644	0.0200004
645	0.0241886
646	0.00958757
648	0.0624649
649	0.0364479
650	0.00781243
651	0.113528
652	0.0138926
653	0.00312022
654	0.00625006
655	0.0170159
656	0.0076198
657	0.0851066
658	0.0144326
659	0.204591
660	0.0224562
661	0.256963
662	0.0283878
663	0.01782
664	0.0115749
665	0.0276089
666	0.00448842
667	0.0191134
668	0.0916622
669	0.0165792
670	0.0664067
671	0.0586546
672	0.0249787
673	0.1275
674	0.2361
675	0.022226
676	0.0309724
677	0.261384
678	0.13138
679	0.0661662
680	0.0784922
681	0.0277023
682	0.00257783
683	0.0105196
684	0.00221826
685	0.156272
686	0.0257945
687	0.109782
688	0.134161
689	0.0167974
690	0.0963859
691	0.117424
692	0.090076
693	0.248021
694	0.00702409
695	0.097721
696	0.0192126
697	0.0945322
698	0.149106
699	0.0853829
700	0.0852969
701	0.0647606
702	0.188731
703	0.0430654
704	0.0217252
705	0.244559
706	0.1302
707	0.0630908
708	0.0370071
710	0.0523258
711	0.0907318
712	0.0261229
713	0.0386422
714	0.179263
715	0.132269
716	0.0477319
717	0.00119496
718	0.186731
719	0.17395
720	0.231931
721	0.167994
722	0.0453999
723	0.0655193
724	0.0531685
725	0.0566245
726	0.183461
727	0.00192325
728	0.157012
729	0.219327
730	0.118896
731	0.0511129
732	0.0578423
733	0.210498
734	0.14162
735	0.0626833
736	0.149788
737	0.117397
738	0.112005
739	0.179372
740	0.0424749
741	0.122168
742	0.0602626
743	0.0729673
744	0.00115671
745	0.0454253
746	0.0631274
747	0.221993
748	0.138724
749	0.00350575
750	0.0534803
751	0.0406547
752	0.0594798
753	0.215709
754	0.0274463
755	0.199166
756	0.0988771
757	0.00529949
758	0.00157598
759	0.00336889
760	0.0986036
761	0.0558139
762	0.0989215
763	0.0404644
764	0.0597719
765	0.0509159
766	0.0378482
767	0.0893148
768	0.0349621
770	0.0396426
771	0.00159836
772	0.0103624
773	0.0978162
774	0.038326
775	0.044209
776	0.118383
777	0.039517
778	0.00117506
779	0.0197201
780	0.0645286
781	0.174485
782	0.075198
783	0.108602
784	0.0516545
785	0.137817
786	0.0583542
787	0.130128
788	0.137647
789	0.0467234
790	0.0922029
791	0.102463
792	0.135981
793	0.12444
794	0.0363288
795	0.0896779
796	0.0378036
797	0.0197067
798	0.0705095
799	0.117201
800	0.0719627
801	0.228767
802	0.111177
803	0.0312227
804	0.156502
805	0.100267
806	0.054921
807	0.0102172
808	0.00336469
809	0.155049
810	0.0291603
811	0.0130223
812	0.0204261
813	0.03689
814	0.0188043
815	0.17973
816	0.00943178
817	0.258589
818	0.0134117
819	0.00707731
820	0.00111562
821	0.00353743
822	0.0302815
823	0.0475021
824	0.0299656
825	0.0373645
826	0.0434383
827	0.0207951
828	0.00905004
829	0.0940797
830	0.0169596
832	0.0808472
833	0.0245586
834	0.0176157
835	0.117984
836	0.0584322
837	0.0302733
838	0.184698
839	0.0809101
840	0.00431703
841	0.00171507
842	0.119836
843	0.186003
844	0.115876
845	0.048204
846	0.0603851
847	0.098235
848	0.0337976
849	0.0793732
850	0.170556
851	0.00221466
852	0.125747
853	0.123772
854	0.123692
855	0.0962985
856	0.01607
857	0.091512
858	0.0505347
859	0.00667864
860	0.0253272
861	0.14955
862	0.0571618
863	0.183193
864	0.0961597
865	0.0284724
866	0.104689
867	0.108804
868	0.00220522
869	0.0138056
870	0.0646765
871	0.140198
872	0.0386193
873	0.00339463
874	0.0117544
875	0.0226504
876	0.0182363
877	0.122471
878	0.0127756
879	0.256353
880	0.0559196
881	0.00788168
882	0.00156597
883	0.00240534
884	0.0288786
885	0.0700953
886	0.120654
887	0.014715
888	0.0624985
889	0.0231895
890	0.0330947
891	0.0341796
892	0.0280541
894	0.0709073
895	0.041134
896	0.0046461
897	0.140461
898	0.0731562
899	0.0171261
900	0.171739
901	0.0622705
902	0.00173069
903	0.00207353
904	0.0331954
905	0.162595
906	0.037559
907	0.0254398
908	0.0642684
909	0.040474
910	0.0505064
911	0.107835
912	0.157121
913	0.0392477
914	0.0815726
915	0.0475753
916	0.110584
917	0.147184
918	0.0195411
919	0.051241
920	0.00947137
921	0.00485484
922	0.0191506
923	0.106362
924	0.0543826
925	0.100574
926	0.0847917
927	0.0158949
928	0.156368
929	0.0675534
930	0.00239142
931	0.0147824
932	0.0041532
933	0.151417
934	0.0201638
935	0.00428392
936	0.0428148
937	0.019115
938	0.0487932
939	0.0451499
940	0.0506164
941	0.294967
942	0.0158325
943	0.00755989
944	0.00149331
945	0.00339315
946	0.0198675
947	0.0754522
948	0.0930315
949	0.0136055
950	0.114596
951	0.0210712
952	0.0544307
953	0.0361812
954	0.0195537
956	0.0436718
957	0.00268711
958	0.00281168
959	0.0800214
960	0.0422213
961	0.0223735
962	0.228593
963	0.0899496
964	0.00187031
965	0.00185686
966	0.056407
967	0.116327
968	0.020413
969	0.0223072
970	0.0381484
971	0.0237049
972	0.1042
973	0.118292
974	0.179065
975	0.0261506
976	0.145027
977	0.0467028
978	0.108011
979	0.168186
980	0.0372536
981	0.0890916
982	0.0254507
983	0.00527784
984	0.0210923
985	0.179515
986	0.0900085
987	0.103595
988	0.0483124
989	0.0141099
990	0.128449
991	0.0959295
992	0.0429885
993	0.0116238
994	0.0866436
995	0.213353
996	0.134651
997	0.0363628
998	0.0760356
999	0.0300343
1000	0.059696
1001	0.0850061
1002	0.116029
1003	0.122654
1004	0.0161675
1005	0.00808439
1006	0.00196457
1007	0.0284934
1008	0.136018
1009	0.0137655
1010	0.0200377
1011	0.0166596
1012	0.0636882
1013	0.06159
1014	0.113856
1015	0.0320147
1016	0.0344554
1018	0.0828364
1019	0.0718776
1020	0.0532357
1021	0.160785
1022	0.0283185
1023	0.0584074
1024	0.0349129
1025	0.00989937
1026	0.010458
1027	0.00137756
1028	0.0333365
1029	0.251631
1030	0.088825
1031	0.195464
1032	0.0191118
1033	0.144721
1034	0.0458145
1035	0.0943886
1036	0.0351657
1037	0.104674
1038	0.00671996
1039	0.130044
1040	0.24627
1041	0.145185
1042	0.0331781
1043	0.128361
1044	0.00858234
1045	0.0411349
1046	0.175292
1047	0.091937
1048	0.105094
1049	0.224082
1050	0.0900349
1051	0.0377126
1052	0.212739
1053	0.0450133
1054	0.00175989
1055	0.0187514
1056	0.0232909
1057	0.25318
1058	0.115476
1059	0.0666743
1060	0.0365063
1061	0.0277725
1062	0.0204686
1063	0.118694
1064	0.045582
1065	0.130995
1066	0.012245
1067	0.0110688
1068	0.00146653
1069	0.0572478
1070	0.130914
1071	0.0191156
1072	0.0144584
1073	0.0152012
1074	0.0101923
1075	0.0470442
1076	0.0501705
1077	0.0769529
1078	0.0178281
1080	0.125332
1081	0.0834924
1082	0.0937825
1083	0.186507
1084	0.0618026
1085	0.129591
1086	0.0529305
1087	0.0103572
1088	0.050781
1089	0.0018046
1090	0.0743294
1091	0.242527
1092	0.114911
1093	0.16667
1094	0.0640825
1095	0.164537
1096	0.015773
1097	0.0325731
1098	0.0280462
1099	0.0509775
1100	0.015121
1101	0.124275
1102	0.169297
1103	0.0974442
1104	0.0514957
1105	0.128297
1106	0.0146619
1107	0.0628848
1108	0.137656
1109	0.145955
1110	0.0655752
1111	0.274239
1112	0.122207
1113	0.0725243
1114	0.14602
1115	0.0870228
1116	0.00125822
1117	0.00840781
1118	0.0539255
1119	0.195738
1120	0.0454687
1121	0.00387981
1122	0.0112364
1123	0.0123694
1124	0.0203565
1125	0.0240409
1126	0.0933561
1127	0.191508
1128	0.0103485
1129	0.00761603
1130	0.00231142
1131	0.00344113
1132	0.0359824
1133	0.0208503
1134	0.0206034
1135	0.00849116
1136	0.0589168
1137	0.019444
1138	0.138999
1139	0.03869
1140	0.0503197
1142	0.0431868
1143	0.0600247
1144	0.00355659
1145	0.136292
1146	0.0363102
1147	0.0405568
1148	0.128425
1149	0.0223812
1150	0.00162417
1151	0.00120671
1152	0.00635534
1153	0.152414
1154	0.0139142
1155	0.111603
1156	0.0138432
1157	0.0234286
1158	0.0145732
1159	0.100127
1160	0.070254
1161	0.106832
1162	0.00760532
1163	0.0513763
1164	0.191249
1165	0.181463
1166	0.0548758
1167	0.110862
1168	0.00779656
1169	0.00546942
1170	0.0647211
1171	0.11229
1172	0.0686154
1173	0.156132
1174	0.0213396
1175	0.0133814
1176	0.206428
1177	0.0396546
1178	0.0216423
1179	0.0763704
1180	0.0854084
1181	0.206449
1182	0.192716
1183	0.00393346
1184	0.00998063
1185	0.0257577
1186	0.0168713
1187	0.169598
1188	0.00616587
1189	0.0239316
1190	0.0474356
1191	0.00755686
1192	0.00221124
1193	0.00512351
1194	0.113819
1195	0.0255416
1196	0.0215976
1197	0.0187642
1198	0.00529919
1199	0.100853
1200	0.0232867
1201	0.0212307
1202	0.0165217
1204	0.117803
1205	0.065848
1206	0.112612
1207	0.146878
1208	0.0415165
1209	0.0847573
1210	0.0142242
1211	0.00357341
1212	0.00899333
1213	0.0790937
1214	0.0197087
1215	0.130352
1216	0.0252537
1217	0.0621484
1218	0.123229
1219	0.250099
1220	0.0148966
1221	0.021868
1222	0.0209725
1223	0.0327481
1224	0.00777796
1225	0.0271545
1226	0.056763
1227	0.0556741
1228	0.0236851
1229	0.079274
1230	0.0214049
1231	0.0906352
1232	0.0769257
1233	0.0674595
1234	0.0132336
1235	0.194347
1236	0.210637
1237	0.0787526
1238	0.13635
1239	0.112933
1240	0.00279855
1241	0.00862461
1242	0.0025692
1243	0.179032
1244	0.0418487
1245	0.102456
1246	0.199813
1247	0.0140958
1248	0.127852
1249	0.151659
1250	0.102262
1251	0.210067
1252	0.0180288
1253	0.0200875
1254	0.00451243
1255	0.0269006
1256	0.125919
1257	0.109577
1258	0.117711
1259	0.0715945
1260	0.212228
1261	0.00780995
1262	0.0101947
1263	0.213309
1264	0.110219
1265	0.00353464
1266	0.00724874
1268	0.00326372
1269	0.0127242
1270	0.00812318
1271	0.0296722
1272	0.197722
1273	0.0822932
1274	0.00252546
1276	0.149342
1277	0.0933282
1278	0.149972
1279	0.188833
1280	0.0395982
1281	0.0814112
1282	0.118919
1283	0.120081
1284	0.136055
1285	0.00354543
1286	0.125917
1287	0.134698
1288	0.140052
1289	0.0719527
1290	0.128627
1291	0.0786751
1292	0.108576
1293	0.0366482
1294	0.165353
1295	0.125459
1296	0.181351
1297	0.268841
1298	0.0279312
1299	0.0694218
1300	0.0549369
1301	0.0643247
1302	0.0918056
1303	0.00957542
1304	0.00218757
1305	0.0788508
1306	0.023793
1307	0.0589148
1308	0.0983809
1309	0.0174917
1310	0.0414805
1311	0.262927
1312	0.00725423
1313	0.198893
1314	0.0109727
1315	0.00891927
1316	0.00147907
1317	0.0129478
1318	0.136242
1319	0.134088
1320	0.0943012
1321	0.167865
1322	0.10449
1323	0.0128212
1324	0.00598742
1325	0.210638
1326	0.0367773
1327	0.0525972
1328	0.0089343
1330	0.0265715
1331	0.0120717
1332	0.00875981
1333	0.0180338
1334	0.164623
1335	0.129324
1336	0.03621
1337	0.00221595
1338	0.223507
1339	0.068919
1340	0.231564
1341	0.078015
1342	0.0730625
1343	0.120665
1344	0.0512459
1345	0.059532
1346	0.199338
1347	0.00133522
1348	0.182893
1349	0.177929
1350	0.0256946
1351	0.0152001
1352	0.035592
1353	0.0701286
1354	0.161966
1355	0.0652444
1356	0.0600519
1357	0.0901868
1358	0.104139
1359	0.187364
1360	0.077284
1361	0.107778
1362	0.0155348
1363	0.10284
1364	0.00452726
1365	0.124713
1366	0.161748
1367	0.281211
1368	0.222611
1369	0.00347104
1370	0.00977744
1371	0.106099
1372	0.0385309
1373	0.13187
1374	0.00784135
1375	0.102985
1376	0.113763
1377	0.00808613
1378	0.00242728
1379	0.00353705
1380	0.04712
1381	0.0209512
1382	0.0503827
1383	0.0154356
1384	0.00903397
1385	0.113069
1386	0.138298
1387	0.0141066
1388	0.0159539
1390	0.0830997
1391	0.0620356
1392	0.0204465
1393	0.181811
1394	0.0502871
1395	0.0483228
1396	0.058589
1397	0.0047027
1398	0.00233205
1399	0.0447822
1400	0.00644477
1401	0.204686
1402	0.0130858
1403	0.0245831
1404	0.0592986
1405	0.127298
1406	0.0637677
1407	0.105289
1408	0.0545764
1409	0.0724499
1410	0.00534401
1411	0.0167815
1412	0.116911
1413	0.183146
1414	0.0347089
1415	0.0726933
1416	0.00810334
1417	0.00863214
1418	0.0466299
1419	0.0735591
1420	0.0243554
1421	0.14141
1422	0.157024
1423	0.0143136
1424	0.208482
1425	0.0321908
1426	0.00257847
1427	0.0456109
1428	0.0318855
1429	0.183255
1430	0.107142
1431	0.00341757
1432	0.0104987
1433	0.0249212
1434	0.019451
1435	0.186767
1436	0.00768045
1437	0.110296
1438	0.0247593
1439	0.00737599
1440	0.00147682
1441	0.0048213
1442	0.0460799
1443	0.026691
1444	0.0232046
1445	0.0315827
1446	0.00917424
1447	0.0342836
1448	0.0128031
1449	0.0212333
1450	0.010038
1452	0.0630458
1453	0.00505533
1454	0.0417346
1455	0.102872
1456	0.0328187
1457	0.0546375
1458	0.0775776
1459	0.0076882
1460	0.00290974
1461	0.0389274
1462	0.0563999
1463	0.126104
1464	0.0503359
1465	0.034598
1466	0.091584
1467	0.149299
1468	0.0210656
1469	0.0825424
1470	0.103912
1471	0.00281562
1472	0.0744777
1473	0.062957
1474	0.0535473
1475	0.0657529
1476	0.0319381
1477	0.0772722
1478	0.0480124
1479	0.033002
1480	0.0600257
1481	0.118779
1482	0.0277672
1483	0.183503
1484	0.140391
1485	0.0504378
1486	0.102369
1487	0.101396
1488	0.0020868
1489	0.0539415
1490	0.0818688
1491	0.267642
1492	0.126258
1493	0.0042265
1494	0.0542953
1495	0.0497759
1496	0.0825823
1497	0.113369
1498	0.0643068
1499	0.238307
1500	0.0666133
1501	0.00805951
1502	0.00180696
1503	0.00339771
1504	0.0425092
1505	0.0675416
1506	0.0931409
1507	0.013984
1508	0.116662
1509	0.0390882
1510	0.114328
1511	0.0443976
1512	0.0725881
1514	0.0285601
1515	0.00214543
1516	0.00292766
1517	0.120205
1518	0.0270526
1519	0.0346259
1520	0.14385
1521	0.00502765
1522	0.00127983
1523	0.00144271
1524	0.00681351
1525	0.146361
1526	0.012388
1527	0.0561997
1528	0.0318657
1529	0.0506926
1530	0.0455238
1531	0.106275
1532	0.105596
1533	0.0339531
1534	0.0338501
1535	0.0182246
1536	0.123268
1537	0.181548
1538	0.0536372
1539	0.0894305
1540	0.00853949
1541	0.00552807
1542	0.0440588
1543	0.138819
1544	0.0601458
1545	0.17814
1546	0.0541178
1547	0.014506
1548	0.178713
1549	0.0668162
1550	0.0350481
1551	0.0295584
1552	0.00320972
1553	0.234621
1554	0.125378
1555	0.0814155
1556	0.242118
1557	0.0180018
1558	0.214366
1559	0.204053
1560	0.129365
1561	0.188824
1562	0.0333165
1563	0.0339251
1564	0.0967083
1565	0.105113
1566	0.178635
1567	0.156539
1568	0.222185
1569	0.125561
1570	0.255068
1571	0.0122285
1572	0.041563
1573	0.209107
1574	0.166712
1575	0.0197559
1576	0.00469328
1578	0.00328556
1579	0.0115216
1580	0.00764398
1581	0.0224401
1582	0.127028
1583	0.0519815
1584	0.00135129
1586	0.0984316
1587	0.0560282
1588	0.0946382
1589	0.185884
1590	0.0159059
1591	0.0574278
1592	0.155277
1593	0.132226
1594	0.131983
1595	0.00187711
1596	0.100106
1597	0.118207
1598	0.076788
1599	0.0742602
1600	0.139254
1601	0.120339
1602	0.134773
1603	0.044013
1604	0.196212
1605	0.0653707
1606	0.160996
1607	0.235735
1608	0.0202238
1609	0.0627158
1610	0.0327023
1611	0.0302042
1612	0.0998931
1613	0.0482026
1614	0.00253042
1615	0.262961
1616	0.136473
1617	0.0819446
1618	0.230952
1619	0.0260917
1620	0.213054
1621	0.262857
1622	0.0802248
1623	0.22308
1624	0.0305833
1625	0.0307066
1626	0.0746424
1627	0.109575
1628	0.172273
1629	0.179579
1630	0.214467
1631	0.176702
1632	0.237215
1633	0.0141069
1634	0.0132679
1635	0.222156
1636	0.143139
1637	0.0283018
1638	0.00594014
1640	0.00328541
1641	0.0125362
1642	0.00644651
1643	0.0210744
1644	0.124517
1645	0.044301
1646	0.00188337
1648	0.101939
1649	0.0877745
1650	0.10752
1651	0.13257
1652	0.0275953
1653	0.0797704
1654	0.15969
1655	0.119619
1656	0.145037
1657	0.00113703
1658	0.136937
1659	0.138919
1660	0.037605
1661	0.0441687
1662	0.130749
1663	0.110382
1664	0.141493
1665	0.0511194
1666	0.193601
1667	0.122799
1668	0.149882
1669	0.258085
1670	0.0546113
1671	0.0788731
1672	0.0237807
1673	0.0634443
1674	0.085815
1675	0.0668831
1676	0.0698613
1677	0.322108
1678	0.161026
1679	0.111353
1680	0.274773
1681	0.101436
1682	0.266586
1683	0.204239
1684	0.215653
1685	0.351182
1686	0.130196
1687	0.0865846
1688	0.116256
1689	0.106595
1690	0.150013
1691	0.209499
1692	0.273331
1693	0.109672
1694	0.332751
1695	0.0487279
1696	0.163002
1697	0.229202
1698	0.228212
1700	0.00926251
1702	0.00206723
1703	0.0390579
1704	0.0328814
1705	0.0662706
1706	0.284911
1707	0.141024
1708	0.00124504
1709	0.00100116
1710	0.127612
1711	0.15893
1712	0.109099
1713	0.1802
1714	0.0613742
1715	0.0531202
1716	0.214463
1717	0.227508
1718	0.245263
1719	0.0879168
1720	0.20778
1721	0.17313
1722	0.185887
1723	0.217906
1724	0.181453
1725	0.177262
1726	0.133375
1727	0.0514334
1728	0.19017
1729	0.214951
1730	0.225776
1731	0.279022
1732	0.039782
1733	0.0710194
1734	0.182549
1735	0.132934
1736	0.174731
1737	0.0119169
1738	0.00263549
1739	0.151827
1740	0.085823
1741	0.102771
1742	0.232869
1743	0.0166936
1744	0.198907
1745	0.222033
1746	0.0834853
1747	0.196127
1748	0.0417681
1749	0.0469576
1750	0.0887828
1751	0.129728
1752	0.170058
1753	0.189313
1754	0.238341
1755	0.173778
1756	0.23912
1757	0.0149739
1758	0.0105633
1759	0.262742
1760	0.16148
1761	0.0671051
1762	0.00617197
1764	0.00348674
1765	0.00718004
1766	0.00695422
1767	0.0192906
1768	0.143951
1769	0.0921683
1770	0.00267941
1771	0.00114249
1772	0.197318
1773	0.0288616
1774	0.17755
1775	0.185223
1776	0.0521025
1777	0.108769
1778	0.202579
1779	0.13024
1780	0.185794
1781	0.001363
1782	0.194369
1783	0.183215
1784	0.0522724
1785	0.0402415
1786	0.148038
1787	0.120683
1788	0.217232
1789	0.100978
1790	0.206644
1791	0.125225
1792	0.189585
1793	0.240008
1794	0.0399753
1795	0.126458
1796	0.0217547
1797	0.0920478
1798	0.126784
1799	0.0274626
1800	0.00357754
1801	0.243711
1802	0.154267
1803	0.081816
1804	0.198543
1805	0.0144408
1806	0.153339
1807	0.196651
1808	0.0851438
1809	0.140843
1810	0.029929
1811	0.0401404
1812	0.0819578
1813	0.115169
1814	0.18487
1815	0.109668
1816	0.166646
1817	0.126296
1818	0.186136
1819	0.0129878
1820	0.034853
1821	0.184042
1822	0.143846
1823	0.0258796
1824	0.00759034
1826	0.00294783
1827	0.0141824
1828	0.00499195
1829	0.0226771
1830	0.0778598
1831	0.00535888
1832	0.0020031
1834	0.0757839
1835	0.0796995
1836	0.102833
1837	0.207131
1838	0.0380721
1839	0.144211
1840	0.158876
1841	0.119868
1842	0.0665654
1843	0.00212275
1844	0.0904322
1845	0.119481
1846	0.119852
1847	0.0733531
1848	0.127774
1849	0.126094
1850	0.126668
1851	0.0972741
1852	0.247181
1853	0.100337
1854	0.167077
1855	0.286955
1856	0.0792493
1857	0.0848687
1858	0.0712849
1859	0.0406341
1860	0.0900219
1861	0.039685
1862	0.0142416
1863	0.112258
1864	0.0515388
1865	0.0468222
1866	0.132566
1867	0.0547431
1868	0.108617
1869	0.183404
1870	0.0828993
1871	0.307929
1872	0.0214716
1873	0.0247337
1874	0.0282688
1875	0.00413627
1876	0.134789
1877	0.11942
1878	0.214903
1879	0.108986
1880	0.209919
1881	0.0380752
1882	0.0271705
1883	0.161069
1884	0.145162
1885	0.0104595
1886	0.00921866
1888	0.00347845
1889	0.0153893
1890	0.00884565
1891	0.0106468
1892	0.168395
1893	0.132098
1894	0.00125521
1896	0.12161
1897	0.117412
1898	0.141621
1899	0.0806445
1900	0.0568669
1901	0.0315548
1902	0.143715
1903	0.114829
1904	0.214039
1905	0.00174587
1906	0.167289
1907	0.161053
1908	0.0839109
1909	0.112125
1910	0.0444854
1911	0.128019
1912	0.126507
1913	0.00739825
1914	0.0464789
1915	0.0719151
1916	0.102577
1917	0.0952562
1918	0.0538717
1919	0.0614544
1920	0.0932885
1921	0.0609724
1922	0.0198552
1923	0.158504
1924	0.110273
1925	0.331395
1926	0.32115
1927	0.0139461
1928	0.0711989
1929	0.075402
1930	0.0898405
1931	0.244931
1932	0.0122179
1933	0.0217359
1934	0.0835457
1935	0.0227938
1936	0.109614
1937	0.114987
1938	0.272204
1939	0.031695
1940	0.0611693
1941	0.119956
1942	0.00885027
1943	0.132446
1944	0.127254
1945	0.0938856
1946	0.0902621
1947	0.0446883
1948	0.0362788
1950	0.11115
1951	0.0980458
1952	0.00933974
1953	0.0894225
1954	0.00831492
1955	0.00317423
1956	0.0131283
1957	0.00217152
1958	0.00602496
1959	0.198331
1960	0.0166586
1961	0.20963
1962	0.0613744
1963	0.253558
1964	0.0554224
1965	0.0173055
1966	0.0126394
1967	0.0393448
1968	0.00492773
1969	0.0404961
1970	0.0943472
1971	0.0628992
1972	0.0672701
1973	0.120687
1974	0.0412151
1975	0.128153
1976	0.236988
1977	0.0395259
1978	0.0199463
1979	0.280483
1980	0.192424
1981	0.0860936
1982	0.132075
1983	0.0449779
1984	0.0013969
1985	0.147128
1986	0.148561
1987	0.377814
1988	0.296205
1989	0.020003
1990	0.0870694
1991	0.0518689
1992	0.123368
1993	0.232146
1994	0.0408
1995	0.0268783
1996	0.119109
1997	0.0263235
1998	0.0885389
1999	0.0882642
2000	0.21657
2001	0.0757333
2002	0.0981855
2003	0.0968069
2004	0.0241029
2005	0.0999102
2006	0.174682
2007	0.0881359
2008	0.0963662
2010	0.0439748
2011	0.00176518
2012	0.0498879
2013	0.128963
2014	0.00757472
2015	0.135348
2016	0.013931
2017	0.00264591
2018	0.00214893
2019	0.00256831
2020	0.00673811
2021	0.199625
2022	0.0134409
2023	0.218923
2024	0.0538791
2025	0.236956
2026	0.0790927
2027	0.0605077
2028	0.015216
2029	0.0723759
2030	0.00460501
2031	0.0247768
2032	0.153522
2033	0.115953
2034	0.122975
2035	0.110647
2036	0.0115098
2037	0.100022
2038	0.23043
2039	0.112396
2040	0.0655508
2041	0.330004
2042	0.178301
2043	0.0711068
2044	0.187431
2045	0.0664138
2046	0.0367285
2047	0.109547
2048	0.102257
2049	0.290386
2050	0.194075
2051	0.0248445
2052	0.158152
2053	0.103746
2054	0.179269
2055	0.202161
2056	0.127963
2057	0.2815
2058	0.112151
2059	0.0157886
2060	0.0894139
2061	0.0560731
2062	0.174582
2063	0.153529
2064	0.216923
2065	0.0783059
2066	0.215498
2067	0.0920307
2068	0.159149
2069	0.161418
2070	0.158305
2072	0.0212311
2073	0.00184739
2074	0.00315996
2075	0.107436
2076	0.0480235
2077	0.0256396
2078	0.173481
2079	0.0697502
2081	0.00108998
2082	0.0202426
2083	0.167207
2084	0.0715139
2085	0.128092
2086	0.0557665
2087	0.0583859
2088	0.107587
2089	0.153443
2090	0.169635
2091	0.0707802
2092	0.118122
2093	0.0801989
2094	0.125156
2095	0.178708
2096	0.1247
2097	0.159248
2098	0.0634458
2099	0.0252025
2100	0.111287
2101	0.106853
2102	0.101986
2103	0.205054
2104	0.0704099
2105	0.0604935
2106	0.178427
2107	0.0704489
2108	0.0806807
2109	0.0115812
2110	0.00360877
2111	0.278426
2112	0.109469
2113	0.130345
2114	0.23353
2115	0.0329191
2116	0.163093
2117	0.13533
2118	0.184446
2119	0.264684
2120	0.0191577
2121	0.055648
2122	0.051832
2123	0.0698648
2124	0.170669
2125	0.0940009
2126	0.13523
2127	0.0489766
2128	0.257959
2129	0.0139713
2130	0.0864865
2131	0.212446
2132	0.184285
2133	0.00192918
2134	0.00795713
2136	0.00314826
2137	0.036795
2138	0.00799375
2139	0.0208492
2140	0.132719
2141	0.0521925
2142	0.00171485
2144	0.0533919
2145	0.212492
2146	0.0909369
2147	0.206069
2148	0.0170474
2149	0.0427658
2150	0.119121
2151	0.0863319
2152	0.104005
2153	0.0246245
2154	0.0624706
2155	0.15422
2156	0.170949
2157	0.138901
2158	0.099466
2159	0.141207
2160	0.061244
2161	0.00810733
2162	0.162587
2163	0.126994
2164	0.13829
2165	0.264165
2166	0.0331335
2167	0.0400341
2168	0.104051
2169	0.0397753
2170	0.0440476
2171	0.164159
2172	0.158396
2173	0.387947
2174	0.270606
2175	0.00421347
2176	0.0800504
2177	0.111275
2178	0.137551
2179	0.123567
2180	0.0970382
2181	0.133999
2182	0.124837
2183	0.0115423
2184	0.0787443
2185	0.0108746
2186	0.13527
2187	0.0537824
2188	0.11511
2189	0.0177494
2190	0.0988979
2191	0.118117
2192	0.220118
2193	0.0211058
2194	0.103507
2196	0.0417599
2197	0.0107525
2198	0.00468325
2199	0.185248
2200	0.0148533
2201	0.0769281
2202	0.0161303
2203	0.00448231
2204	0.00118522
2205	0.00141591
2206	0.00387785
2207	0.244851
2208	0.0121466
2209	0.0930779
2210	0.0189642
2211	0.0783541
2212	0.0626954
2213	0.0604602
2214	0.0123941
2215	0.0922808
2216	0.0046445
2217	0.0178733
2218	0.116986
2219	0.191675
2220	0.079906
2221	0.112508
2222	0.00812922
2223	0.00692289
2224	0.1071
2225	0.0825388
2226	0.0164982
2227	0.210626
2228	0.1278
2229	0.0137261
2230	0.207728
2231	0.0216306
2232	0.00387182
2233	0.012258
2234	0.00338053
2235	0.0637058
2236	0.044596
2237	0.00563547
2238	0.0981113
2239	0.0143989
2240	0.108632
2241	0.129616
2242	0.00943326
2243	0.15305
2244	0.0344608
2245	0.0330905
2246	0.0660163
2247	0.0606846
2248	0.115599
2249	0.189736
2250	0.203998
2251	0.0989816
2252	0.13075
2253	0.013982
2254	0.011034
2255	0.195136
2256	0.0933509
2257	0.0017183
2258	0.00835066
2260	0.00305202
2261	0.0115536
2262	0.00834752
2263	0.0199675
2264	0.153607
2265	0.0721015
2266	0.00169607
2267	0.0351921
2268	0.166508
2269	0.0207408
2270	0.15867
2271	0.133566
2272	0.0966487
2273	0.0938637
2274	0.138685
2275	0.13479
2276	0.182129
2277	0.00549541
2278	0.182657
2279	0.107651
2280	0.0303552
2281	0.0645627
2282	0.143969
2283	0.112298
2284	0.189122
2285	0.079329
2286	0.137948
2287	0.0920038
2288	0.140734
2289	0.108327
2290	0.0334441
2291	0.132775
2292	0.0548834
2293	0.118943
2294	0.118004
2295	0.165383
2296	0.159756
2297	0.41116
2298	0.285174
2299	0.00355365
2300	0.0759089
2301	0.127515
2302	0.147575
2303	0.136925
2304	0.0729043
2305	0.135107
2306	0.157121
2307	0.010725
2308	0.0616825
2309	0.00570433
2310	0.0824447
2311	0.0934039
2312	0.142219
2313	0.0229528
2314	0.0881126
2315	0.105851
2316	0.215347
2317	0.0223652
2318	0.0837038
2320	0.0253189
2321	0.0031728
2322	0.0037781
2323	0.152642
2324	0.0258609
2325	0.083795
2326	0.0245591
2327	0.00450854
2328	0.00122123
2329	0.00150573
2330	0.00482788
2331	0.224265
2332	0.00730369
2333	0.0681012
2334	0.032378
2335	0.113981
2336	0.11443
2337	0.100483
2338	0.0156688
2339	0.0923445
2340	0.00413304
2341	0.0163551
2342	0.117356
2343	0.216
2344	0.0944807
2345	0.10935
2346	0.00837512
2347	0.00730706
2348	0.113408
2349	0.14208
2350	0.0458745
2351	0.244109
2352	0.136549
2353	0.0144831
2354	0.213386
2355	0.0654093
2356	0.0537509
2357	0.147078
2358	0.079443
2359	0.276517
2360	0.15262
2361	0.00501755
2362	0.0464816
2363	0.215437
2364	0.140139
2365	0.260595
2366	0.0139976
2367	0.35684
2368	0.109206
2369	0.0481983
2370	0.00507986
2371	0.00394354
2372	0.0695538
2373	0.215101
2374	0.209642
2375	0.139698
2376	0.142675
2377	0.160697
2378	0.0762203
2379	0.0729535
2380	0.0733794
2382	0.132053
2383	0.0440946
2384	0.0435083
2385	0.176369
2386	0.145587
2387	0.0408043
2388	0.246891
2389	0.173583
2390	0.00456161
2391	0.110782
2392	0.094995
2393	0.215011
2394	0.0820007
2395	0.0135682
2396	0.0958549
2397	0.032711
2398	0.034682
2399	0.0867459
2400	0.239272
2401	0.00115527
2402	0.17918
2403	0.0653362
2404	0.022824
2405	0.0736023
2406	0.0185481
2407	0.0828669
2408	0.050658
2409	0.00531557
2410	0.0181948
2411	0.124536
2412	0.0122832
2413	0.0776997
2414	0.120904
2415	0.0227338
2416	0.0606978
2417	0.110459
2419	0.0374052
2420	0.0382111
2421	0.300217
2422	0.161872
2423	0.127344
2424	0.249585
2425	0.0866798
2426	0.219534
2427	0.197157
2428	0.215322
2429	0.234907
2430	0.0510543
2431	0.0564426
2432	0.0873744
2433	0.109826
2434	0.183125
2435	0.0876047
2436	0.17237
2437	0.0837272
2438	0.272561
2439	0.07527
2440	0.13822
2441	0.196588
2442	0.207048
2443	0.0322618
2444	0.0102235
2446	0.00394469
2447	0.107714
2448	0.0399521
2449	0.0800485
2450	0.163475
2451	0.07289
2452	0.00197564
2454	0.0725618
2455	0.243947
2456	0.110741
2457	0.161641
2458	0.00913751
2459	0.0394799
2460	0.0830416
2461	0.0607071
2462	0.0910491
2463	0.051042
2464	0.0263355
2465	0.117679
2466	0.18372
2467	0.074501
2468	0.0631484
2469	0.115226
2470	0.0105342
2471	0.00577861
2472	0.132126
2473	0.0609911
2474	0.0807247
2475	0.230743
2476	0.0235762
2477	0.0162973
2478	0.0829834
2479	0.0232079
2480	0.00121444
2481	0.0516264
2482	0.003858
2483	0.220477
2484	0.0278284
2485	0.117049
2486	0.233237
2487	0.10554
2488	0.216843
2489	0.117798
2490	0.219517
2491	0.421277
2492	0.0215649
2493	0.0897526
2494	0.0713667
2495	0.0269139
2496	0.095449
2497	0.176265
2498	0.219509
2499	0.0499491
2500	0.345876
2501	0.0644616
2502	0.132054
2503	0.211182
2504	0.21099
2506	0.0161761
2507	0.00199698
2508	0.00338362
2509	0.111307
2510	0.0943487
2511	0.0201469
2512	0.30294
2513	0.203704
2514	0.00124963
2515	0.00101481
2516	0.0919477
2517	0.186987
2518	0.141539
2519	0.0399747
2520	0.016458
2521	0.0125644
2522	0.0875333
2523	0.128404
2524	0.239873
2525	0.0312995
2526	0.166662
2527	0.132132
2528	0.0915612
2529	0.134763
2530	0.0709507
2531	0.130224
2532	0.0365553
2533	0.00436064
2534	0.0243349
2535	0.105016
2536	0.105716
2537	0.0719144
2538	0.0179342
2539	0.0186574
2540	0.0662742
2541	0.0338771
2542	0.0355664
2543	0.055937
2544	0.037532
2545	0.27404
2546	0.152143
2547	0.0574064
2548	0.0239766
2549	0.0967107
2550	0.0419342
2551	0.2012
2552	0.0521606
2553	0.19323
2554	0.0169311
2555	0.0163121
2556	0.00845557
2557	0.0452769
2558	0.200828
2559	0.0811723
2560	0.0256272
2561	0.0452109
2562	0.0472561
2563	0.106477
2564	0.0657315
2565	0.151237
2566	0.0753846
2568	0.117121
2569	0.0874439
2570	0.0935856
2571	0.209459
2572	0.112929
2573	0.117216
2574	0.107348
2575	0.0486885
2576	0.00256437
2577	0.0391947
2578	0.0806662
2579	0.235953
2580	0.146086
2581	0.0513651
2582	0.0355023
2583	0.0919177
2584	0.00870927
2585	0.0165105
2586	0.0743249
2587	0.00160353
2588	0.00598918
2589	0.0821836
2590	0.0458323
2591	0.0172396
2592	0.0177153
2593	0.0944407
2594	0.00799913
2595	0.00845222
2596	0.0220435
2597	0.0302169
2598	0.0110061
2599	0.164382
2600	0.065454
2601	0.0390898
2602	0.043151
2603	0.0324854
2605	0.0699861
2606	0.00301176
2607	0.251852
2608	0.138092
2609	0.0588035
2610	0.0789864
2611	0.0818068
2612	0.0626981
2613	0.19913
2614	0.0284255
2615	0.121272
2616	0.0107422
2617	0.0390275
2618	0.00908463
2619	0.0563942
2620	0.167941
2621	0.0834918
2622	0.043068
2623	0.0972133
2624	0.0621244
2625	0.0607949
2626	0.02778
2627	0.145967
2628	0.100647
2629	0.0124557
2630	0.0468892
2632	0.0593791
2633	0.0899394
2634	0.0271482
2635	0.0430884
2636	0.0145646
2637	0.00495152
2638	0.00317885
2639	0.00169367
2640	0.031038
2641	0.185099
2642	0.0849511
2643	0.0575601
2644	0.0143276
2645	0.0857715
2646	0.0128186
2647	0.00959898
2648	0.0126233
2649	0.00115194
2650	0.00397946
2651	0.0201404
2652	0.0185652
2653	0.0145943
2654	0.0152765
2655	0.0611741
2656	0.0119094
2657	0.0220403
2658	0.0292735
2659	0.0252489
2660	0.0114097
2661	0.134649
2662	0.0723638
2663	0.0158788
2664	0.0149177
2665	0.0191509
2667	0.109304
2668	0.094304
2669	0.351679
2670	0.264846
2671	0.051888
2672	0.131164
2673	0.0468271
2674	0.108618
2675	0.171839
2676	0.0907671
2677	0.0252011
2678	0.0808246
2679	0.0342856
2680	0.088484
2681	0.0933846
2682	0.215954
2683	0.0295991
2684	0.0350432
2685	0.0555351
2686	0.0519491
2687	0.0643343
2688	0.155056
2689	0.0833807
2690	0.109799
2692	0.0344075
2693	0.012801
2694	0.064507
2695	0.132884
2696	0.00891378
2697	0.127667
2698	0.0140634
2699	0.0036869
2700	0.00362755
2701	0.0015689
2702	0.00718495
2703	0.219724
2704	0.0127049
2705	0.195094
2706	0.0172557
2707	0.183718
2708	0.023848
2709	0.0168756
2710	0.00796612
2711	0.0374332
2712	0.00349592
2713	0.0181874
2714	0.114648
2715	0.0564095
2716	0.0659971
2717	0.080669
2718	0.00811238
2719	0.0734499
2720	0.198677
2721	0.041534
2722	0.0189459
2723	0.287638
2724	0.123722
2725	0.0248953
2726	0.110155
2727	0.0224622
2729	0.0804244
2730	0.00241631
2731	0.252934
2732	0.132061
2733	0.103614
2734	0.171039
2735	0.120113
2736	0.156768
2737	0.326949
2738	0.03698
2739	0.260395
2740	0.0215368
2741	0.0676326
2742	0.037303
2743	0.10028
2744	0.188084
2745	0.204806
2746	0.174816
2747	0.216011
2748	0.196737
2749	0.0566786
2750	0.009739
2751	0.225156
2752	0.115558
2753	0.0526773
2754	0.011977
2756	0.031811
2757	0.0252535
2758	0.0169804
2759	0.0287317
2760	0.157181
2761	0.10738
2762	0.0282127
2763	0.009722
2764	0.175993
2765	0.168429
2766	0.188944
2767	0.0426778
2768	0.0665516
2769	0.100837
2770	0.0289017
2771	0.0181187
2772	0.162191
2774	0.122405
2775	0.112417
2776	0.0192928
2777	0.017063
2778	0.0207242
2779	0.118175
2780	0.155152
2781	0.0735613
2782	0.0690641
2783	0.0866578
2784	0.0339788
2785	0.205439
2786	0.100911
2787	0.0799824
2788	0.0165755
2789	0.0778062
2791	0.12777
2792	0.14532
2793	0.374285
2794	0.281886
2795	0.0443751
2796	0.108679
2797	0.100964
2798	0.108895
2799	0.191304
2800	0.118625
2801	0.0461109
2802	0.106684
2803	0.0411882
2804	0.0961872
2805	0.0703704
2806	0.234274
2807	0.0373224
2808	0.0686759
2809	0.0446184
2810	0.0728042
2811	0.106266
2812	0.191028
2813	0.0611581
2814	0.132944
2816	0.0547943
2817	0.0573196
2818	0.0793992
2819	0.193788
2820	0.0376176
2821	0.133315
2822	0.014998
2823	0.00452716
2824	0.00341369
2825	0.00139251
2826	0.00672881
2827	0.272366
2828	0.0123629
2829	0.187454
2830	0.0154541
2831	0.163048
2832	0.017046
2833	0.0158987
2834	0.0116093
2835	0.0501885
2836	0.00298332
2837	0.0188461
2838	0.13162
2839	0.0961209
2840	0.0711097
2841	0.102487
2842	0.00828565
2843	0.0391673
2844	0.142583
2845	0.0334398
2846	0.0125498
2847	0.250689
2848	0.126705
2849	0.0185407
2850	0.144774
2851	0.0202302
2852	0.00265554
2853	0.155832
2854	0.13202
2855	0.346125
2856	0.253091
2857	0.00390963
2858	0.0646023
2859	0.128595
2860	0.11459
2861	0.171212
2862	0.0347826
2863	0.123553
2864	0.13754
2865	0.0206152
2866	0.0623522
2867	0.00593362
2868	0.103801
2869	0.126842
2870	0.144315
2871	0.0558624
2872	0.078021
2873	0.0835092
2874	0.154622
2875	0.0224596
2876	0.0885986
2878	0.0411615
2879	0.0275441
2880	0.0135378
2881	0.151256
2882	0.0348418
2883	0.0959148
2884	0.0509482
2885	0.00357751
2886	0.00127538
2887	0.0354912
2888	0.00637323
2889	0.166345
2890	0.0121269
2891	0.0460182
2892	0.0319052
2893	0.0976314
2894	0.044134
2895	0.0231563
2896	0.0128386
2897	0.00820588
2898	0.00455141
2899	0.010826
2900	0.0275165
2901	0.121812
2902	0.0669726
2903	0.0864346
2904	0.00849448
2905	0.00939976
2906	0.0469227
2907	0.04706
2908	0.0111584
2909	0.177997
2910	0.125918
2911	0.0156622
2912	0.129084
2913	0.0269468
2914	0.00185002
2915	0.169531
2916	0.00378281
2917	0.265267
2918	0.166375
2919	0.0422442
2920	0.109532
2921	0.161076
2922	0.156471
2923	0.32162
2924	0.00757903
2925	0.248205
2926	0.065035
2927	0.0809449
2928	0.0903613
2929	0.0954651
2930	0.193724
2931	0.270893
2932	0.217302
2933	0.224967
2934	0.142492
2935	0.116768
2936	0.0199556
2937	0.193775
2938	0.105643
2939	0.0660231
2940	0.0273716
2942	0.054259
2943	0.0457264
2944	0.0628496
2945	0.0482593
2946	0.135668
2947	0.11282
2948	0.00675833
2949	0.080492
2950	0.124658
2951	0.106382
2952	0.138024
2953	0.026238
2954	0.122886
2955	0.0849812
2956	0.0344996
2957	0.0185687
2958	0.163278
2960	0.127949
2961	0.0455722
2962	0.0120466
2963	0.0181519
2964	0.0571451
2965	0.112698
2966	0.169028
2967	0.0686321
2968	0.0330718
2969	0.0727329
2970	0.0135286
2971	0.127732
2972	0.13845
2973	0.101484
2974	0.0162141
2975	0.0985615
2976	0.00144875
2977	0.0428827
2978	0.0023399
2979	0.194539
2980	0.129822
2981	0.107056
2982	0.156112
2983	0.0731503
2984	0.141232
2985	0.323775
2986	0.0260237
2987	0.129572
2988	0.0124723
2989	0.0623307
2990	0.0556034
2991	0.125327
2992	0.246794
2993	0.162692
2994	0.138334
2995	0.207901
2996	0.135217
2997	0.0421384
2998	0.0102416
2999	0.253018
3000	0.112585
3001	0.117558
3002	0.0191599
3004	0.0790903
3005	0.0288464
3006	0.014015
3007	0.0683575
3008	0.0968612
3009	0.0678585
3010	0.053386
3011	0.0410635
3012	0.192677
3013	0.143925
3014	0.229891
3015	0.0726819
3016	0.0200352
3017	0.120861
3018	0.014266
3019	0.016445
3020	0.09691
3021	0.00128294
3022	0.0850258
3023	0.142663
3024	0.0207123
3025	0.00958627
3026	0.0174124
3027	0.0495786
3028	0.118401
3029	0.0715937
3030	0.105028
3031	0.0247942
3032	0.0147636
3033	0.186541
3034	0.0492999
3035	0.0903319
3036	0.0138457
3037	0.0310124
3039	0.0601393
3040	0.0218651
3041	0.187528
3042	0.1165
3043	0.040013
3044	0.0576412
3045	0.1203
3046	0.0659835
3047	0.220535
3048	0.0388815
3049	0.22553
3050	0.0152533
3051	0.0087449
3052	0.00147515
3053	0.00468944
3054	0.123902
3055	0.0581168
3056	0.101169
3057	0.0901198
3058	0.104583
3059	0.108177
3060	0.0399472
3061	0.111613
3062	0.0844051
3064	0.0930482
3065	0.0503184
3066	0.0525746
3067	0.146885
3068	0.0737478
3069	0.0223871
3070	0.111192
3071	0.0849126
3072	0.00906012
3073	0.0112086
3074	0.0900163
3075	0.233259
3076	0.117917
3077	0.0233528
3078	0.018901
3079	0.0676992
3080	0.0149434
3081	0.0171569
3082	0.116777
3083	0.00106262
3084	0.0694201
3085	0.0973402
3086	0.0604476
3087	0.0176304
3088	0.0102016
3089	0.045931
3090	0.0108633
3091	0.00606317
3092	0.0214667
3093	0.0339466
3094	0.0111418
3095	0.0828353
3096	0.0616812
3097	0.014284
3098	0.034189
3099	0.0491938
3101	0.03808
3102	0.0763622
3103	0.22384
3104	0.155596
3105	0.0457882
3106	0.128042
3107	0.0615568
3108	0.123228
3109	0.250073
3110	0.0786147
3111	0.181757
3112	0.129321
3113	0.0121115
3114	0.0275005
3115	0.00508548
3116	0.145183
3117	0.124598
3118	0.147742
3119	0.115423
3120	0.135898
3121	0.0274474
3122	0.0421939
3123	0.117943
3124	0.100109
3125	0.00132407
3126	0.0424809
3128	0.0177162
3129	0.0876641
3130	0.0406964
3131	0.0630641
3132	0.133634
3133	0.0401556
3134	0.0128148
3135	0.0220417
3136	0.0911682
3137	0.170043
3138	0.100889
3139	0.0588888
3140	0.0300628
3141	0.0952026
3142	0.0541382
3143	0.0644033
3144	0.0976541
3145	0.012992
3146	0.068818
3147	0.0841546
3148	0.0840061
3149	0.0250997
3150	0.0207874
3151	0.0212928
3152	0.00868011
3153	0.00560736
3154	0.0558223
3155	0.0646949
3156	0.0619684
3157	0.150669
3158	0.053824
3159	0.015708
3160	0.0655431
3161	0.03069
3162	0.00562387
3163	0.0840028
3164	0.150878
3165	0.35853
3166	0.222285
3167	0.0514425
3168	0.10673
3169	0.11897
3170	0.123256
3171	0.128504
3172	0.158363
3173	0.21424
3174	0.120869
3175	0.017945
3176	0.0501613
3177	0.005075
3178	0.144217
3179	0.0390943
3180	0.0886438
3181	0.0149218
3182	0.140835
3183	0.118437
3184	0.19974
3185	0.0562985
3186	0.135667
3188	0.11887
3189	0.0915075
3190	0.0346959
3191	0.246275
3192	0.10297
3193	0.122252
3194	0.116093
3195	0.00545336
3196	0.00193019
3197	0.00354936
3198	0.00668224
3199	0.308349
3200	0.0133827
3201	0.0897518
3202	0.0150165
3203	0.0644713
3204	0.0159869
3205	0.0779539
3206	0.0305047
3207	0.112588
3208	0.00434611
3209	0.0320923
3210	0.201883
3211	0.158614
3212	0.0338807
3213	0.0412876
3214	0.00526351
3215	0.00542761
3216	0.0661324
3217	0.0970429
3218	0.038842
3219	0.202811
3220	0.0786481
3221	0.0151362
3222	0.20418
3223	0.0307868
3224	0.00141575
3225	0.0637982
3226	0.0781019
3227	0.28005
3228	0.112642
3229	0.0744124
3230	0.171792
3231	0.107288
3232	0.166055
3233	0.179378
3234	0.175044
3235	0.357706
3236	0.0823254
3237	0.0380587
3238	0.032883
3239	0.00382202
3240	0.110584
3241	0.139338
3242	0.184269
3243	0.048715
3244	0.252254
3245	0.0868547
3246	0.143251
3247	0.155539
3248	0.160963
3250	0.0683571
3251	0.0412414
3252	0.00416025
3253	0.170319
3254	0.113824
3255	0.0415385
3256	0.243469
3257	0.132687
3258	0.00164761
3259	0.00131984
3260	0.0631211
3261	0.239148
3262	0.0898193
3263	0.0518056
3264	0.0177243
3265	0.0230031
3266	0.0656867
3267	0.131593
3268	0.19575
3269	0.0711949
3270	0.10889
3271	0.107673
3272	0.142059
3273	0.152085
3274	0.042324
3275	0.0526924
3276	0.00858562
3277	0.00346728
3278	0.0223428
3279	0.116694
3280	0.0648223
3281	0.110059
3282	0.0234832
3283	0.0160361
3284	0.13151
3285	0.0455616
3286	0.00177267
3287	0.115034
3288	0.0888279
3289	0.231919
3290	0.0905158
3291	0.0490224
3292	0.0512995
3293	0.188679
3294	0.0876071
3295	0.226075
3296	0.0868484
3297	0.403435
3298	0.106039
3299	0.0257347
3300	0.00180136
3301	0.00340754
3302	0.0923793
3303	0.209973
3304	0.195649
3305	0.106944
3306	0.174078
3307	0.152235
3308	0.0728952
3309	0.131025
3310	0.122886
3312	0.157538
3313	0.12087
3314	0.0686566
3315	0.212962
3316	0.200832
3317	0.0276194
3318	0.289388
3319	0.200219
3320	0.00297479
3321	0.0821875
3322	0.124747
3323	0.234518
3324	0.14412
3325	0.021946
3326	0.0814723
3327	0.026079
3328	0.0168981
3329	0.0690023
3330	0.257962
3331	0.00242485
3332	0.149147
3333	0.0823832
3334	0.039762
3335	0.121923
3336	0.0200116
3337	0.0943889
3338	0.0417144
3339	0.0055963
3340	0.0118278
3341	0.12106
3342	0.0125777
3343	0.0559125
3344	0.0983646
3345	0.0454736
3346	0.0893293
3347	0.0903782
3349	0.064877
3350	0.0416684
3351	0.160826
3352	0.166501
3353	0.0210302
3354	0.11157
3355	0.0559804
3356	0.10149
3357	0.214074
3358	0.0471904
3359	0.0794747
3360	0.0259087
3361	0.023375
3362	0.0768807
3363	0.0513893
3364	0.22602
3365	0.0775106
3366	0.154558
3367	0.106049
3368	0.113751
3369	0.0628874
3370	0.0545206
3371	0.110044
3372	0.13372
3373	0.0420984
3374	0.00867474
3376	0.0439469
3377	0.0816164
3378	0.011026
3379	0.0191961
3380	0.0341148
3381	0.031503
3382	0.00182958
3383	0.00204914
3384	0.0495293
3385	0.138949
3386	0.123473
3387	0.0906702
3388	0.0139272
3389	0.0600894
3390	0.0135766
3391	0.019477
3392	0.04329
3393	0.00175222
3394	0.00530606
3395	0.0352299
3396	0.0370029
3397	0.0149859
3398	0.0171963
3399	0.0584469
3400	0.0245763
3401	0.00851262
3402	0.0722884
3403	0.01443
3404	0.0108408
3405	0.0605177
3406	0.0250693
3407	0.022259
3408	0.0154871
3409	0.0191122
3411	0.142971
3412	0.0731692
3413	0.301741
3414	0.210293
3415	0.011568
3416	0.0179148
3417	0.151047
3418	0.0827702
3419	0.223304
3420	0.0106629
3421	0.182363
3422	0.0542386
3423	0.0152052
3424	0.0190047
3425	0.0346469
3426	0.171745
3427	0.125688
3428	0.109687
3429	0.0977354
3430	0.0350374
3431	0.153692
3432	0.1044
3433	0.095425
3434	0.0762219
3436	0.107649
3437	0.0623866
3438	0.0896283
3439	0.181225
3440	0.105936
3441	0.0619242
3442	0.0508794
3443	0.0201752
3444	0.00234992
3445	0.0432789
3446	0.0121769
3447	0.222882
3448	0.0622324
3449	0.0221247
3450	0.0226597
3451	0.0950653
3452	0.0131244
3453	0.017168
3454	0.0539291
3455	0.00196976
3456	0.00497504
3457	0.0187441
3458	0.0206226
3459	0.0192077
3460	0.0156365
3461	0.0881677
3462	0.0111578
3463	0.00689065
3464	0.0203613
3465	0.0243098
3466	0.0070315
3467	0.092372
3468	0.0917665
3469	0.0166077
3470	0.0244367
3471	0.023225
3473	0.0579381
3474	0.040716
3475	0.0353375
3476	0.0271501
3477	0.00554862
3478	0.0388069
3479	0.0873593
3480	0.0724363
3481	0.112739
3482	0.0510471
3483	0.292496
3484	0.0141734
3485	0.0479608
3486	0.0234559
3487	0.00373959
3488	0.0660807
3489	0.12294
3490	0.196346
3491	0.0636179
3492	0.156223
3493	0.119779
3494	0.0657969
3495	0.0923906
3496	0.112
3498	0.0608174
3499	0.0490698
3500	0.0213828
3501	0.110085
3502	0.104435
3503	0.017675
3504	0.196698
3505	0.163792
3506	0.0019797
3507	0.047686
3508	0.0924114
3509	0.0713296
3510	0.139114
3511	0.0219491
3512	0.0452164
3513	0.0219168
3514	0.0304517
3515	0.0458235
3516	0.210869
3517	0.00373318
3518	0.121265
3519	0.0802638
3520	0.023796
3521	0.0680257
3522	0.0159198
3523	0.0593771
3524	0.0437197
3525	0.00522814
3526	0.0183763
3527	0.022677
3528	0.0113644
3529	0.0217243
3530	0.0209583
3531	0.0180544
3532	0.0603736
3533	0.0259759
3535	0.00926433
3536	0.00336956
3537	0.177979
3538	0.0398528
3539	0.127853
3540	0.24677
3541	0.0270226
3542	0.204802
3543	0.132012
3544	0.215679
3545	0.296765
3546	0.013049
3547	0.064288
3548	0.070744
3549	0.0775062
3550	0.140299
3551	0.122669
3552	0.178404
3553	0.0479776
3554	0.307661
3555	0.0160834
3556	0.0892452
3557	0.24246
3558	0.203432
3559	0.00259379
3560	0.00761365
3562	0.00326314
3563	0.0385095
3564	0.0302452
3565	0.0294007
3566	0.24302
3567	0.14617
3568	0.00183255
3569	0.00102461
3570	0.144026
3571	0.120547
3572	0.165786
3573	0.134236
3574	0.0153789
3575	0.0191274
3576	0.06195
3577	0.116138
3578	0.180869
3579	0.0328855
3580	0.131391
3581	0.162165
3582	0.146747
3583	0.062366
3584	0.0662535
3585	0.0901011
3586	0.0528934
3587	0.00534558
3588	0.0965997
3589	0.0588101
3590	0.103848
3591	0.12046
3592	0.0120227
3593	0.0164872
3594	0.0458209
3595	0.0287575
3596	0.0360865
3597	0.0846319
3598	0.0883024
3599	0.306751
3600	0.173971
3601	0.0372444
3602	0.159885
3603	0.113722
3604	0.161162
3605	0.19671
3606	0.147662
3607	0.258637
3608	0.104289
3609	0.0133823
3610	0.026641
3611	0.0083536
3612	0.0944763
3613	0.096492
3614	0.156125
3615	0.0491747
3616	0.202515
3617	0.0817593
3618	0.148311
3619	0.0785037
3620	0.139868
3622	0.0490097
3623	0.0311375
3624	0.00371974
3625	0.158425
3626	0.0637668
3627	0.0605093
3628	0.163751
3629	0.0656979
3630	0.00181514
3631	0.00138314
3632	0.00818465
3633	0.255154
3634	0.0259562
3635	0.0560598
3636	0.0160218
3637	0.0355842
3638	0.0626559
3639	0.0740896
3640	0.100854
3641	0.0397188
3642	0.0267997
3643	0.0527901
3644	0.13737
3645	0.13324
3646	0.0191974
3647	0.0527732
3648	0.00841214
3649	0.00551399
3650	0.0706094
3651	0.0907792
3652	0.035853
3653	0.161972
3654	0.0284772
3655	0.00909649
3656	0.121828
3657	0.0248178
3658	0.00178134
3659	0.0790944
3660	0.00263774
3661	0.227212
3662	0.108001
3663	0.146245
3664	0.223705
3665	0.104316
3666	0.187243
3667	0.324663
3668	0.0637743
3669	0.235995
3670	0.0170179
3671	0.102519
3672	0.0721916
3673	0.142653
3674	0.215209
3675	0.23817
3676	0.194925
3677	0.240993
3678	0.225488
3679	0.0337817
3680	0.0111558
3681	0.286444
3682	0.157773
3683	0.122824
3684	0.00911763
3686	0.0517949
3687	0.0165096
3688	0.0177246
3689	0.0580907
3690	0.17496
3691	0.147805
3692	0.0612179
3693	0.0139772
3694	0.216877
3695	0.14186
3696	0.235375
3697	0.0679092
3698	0.0288382
3699	0.0619365
3700	0.0341944
3701	0.0187135
3702	0.159833
3704	0.142188
3705	0.157995
3706	0.0207066
3707	0.0138717
3708	0.0339642
3709	0.0962419
3710	0.172157
3711	0.0590276
3712	0.0808636
3713	0.0300647
3714	0.0247925
3715	0.186667
3716	0.0421794
3717	0.0870115
3718	0.00965595
3719	0.0480698
3720	0.00124973
3721	0.0862744
3722	0.0708004
3723	0.259854
3724	0.168173
3725	0.0884047
3726	0.198046
3727	0.0495855
3728	0.164279
3729	0.196095
3730	0.16119
3731	0.197215
3732	0.0399324
3733	0.0662553
3734	0.0967552
3735	0.0726318
3736	0.20279
3737	0.0875606
3738	0.155748
3739	0.090629
3740	0.222355
3741	0.0611512
3742	0.128498
3743	0.123667
3744	0.177077
3745	0.0294357
3746	0.00940648
3748	0.0225395
3749	0.108772
3750	0.0106602
3751	0.0454255
3752	0.103611
3753	0.0451971
3754	0.00173475
3755	0.00118681
3756	0.0182356
3757	0.226716
3758	0.106085
3759	0.136697
3760	0.0161287
3761	0.0429944
3762	0.03618
3763	0.0355676
3764	0.0543705
3765	0.0221196
3766	0.00529124
3767	0.0636697
3768	0.119617
3769	0.0500579
3770	0.0655279
3771	0.0722944
3772	0.0133745
3773	0.00651418
3774	0.101389
3775	0.025455
3776	0.0288514
3777	0.157341
3778	0.0356258
3779	0.0161326
3780	0.0651479
3781	0.0123836
3783	0.0574761
3784	0.00323433
3785	0.23445
3786	0.132849
3787	0.031378
3788	0.0481896
3789	0.0868626
3790	0.0505747
3791	0.191729
3792	0.0210953
3793	0.167618
3794	0.0104541
3795	0.0230657
3796	0.00211278
3797	0.0100363
3798	0.15132
3799	0.0506739
3800	0.0609845
3801	0.0776626
3802	0.0743956
3803	0.0904937
3804	0.0322607
3805	0.102234
3806	0.0794137
3808	0.0727105
3809	0.0243768
3810	0.0645405
3811	0.144506
3812	0.0551769
3813	0.0206303
3814	0.0450691
3815	0.018172
3816	0.00163364
3817	0.00159394
3818	0.0340102
3819	0.226151
3820	0.0967227
3821	0.0233869
3822	0.0134994
3823	0.0534746
3824	0.0141688
3825	0.0156803
3826	0.0463167
3828	0.00575521
3829	0.0494855
3830	0.0270597
3831	0.0140319
3832	0.0166476
3833	0.0621696
3834	0.00887343
3835	0.00621488
3836	0.019736
3837	0.020926
3838	0.0106837
3839	0.0911552
3840	0.0523046
3841	0.0160004
3842	0.0172883
3843	0.0180637
3845	0.00545804
3846	0.00169069
3847	0.0151183
3848	0.0107318
3849	0.00248548
3850	0.00635606
3851	0.00762467
3852	0.0098547
3853	0.0152459
3854	0.00452752
3855	0.0127835
3856	0.00627436
3857	0.00477548
3858	0.00106107
3859	0.00229557
3860	0.0143977
3861	0.0114362
3862	0.011744
3863	0.00799688
3864	0.00533264
3865	0.00709934
3866	0.00564163
3867	0.0114098
3868	0.00895465
3870	0.00440463
3872	0.00198595
3873	0.00714227
3874	0.00458463
3875	0.00901334
3876	0.00827894
3877	0.00258978
3880	0.00383534
3881	0.0150432
3882	0.00723911
3883	0.0113878
3884	0.00794108
3885	0.0108487
3886	0.00775232
3887	0.00859041
3888	0.00772408
3890	0.00290789
3891	0.00951424
3892	0.0104252
3893	0.00863015
3894	0.00882685
3895	0.0154786
3896	0.00495234
3897	0.00326269
3898	0.0102532
3899	0.0117492
3900	0.00647666
3901	0.0160477
3902	0.0103458
3903	0.0079514
3904	0.00882064
3905	0.0103192
