49	1
181	1
331	1
481	1
649	1
799	1
931	1
1081	1
1231	1
1381	1
1549	1
1681	1
1831	1
1981	1
2149	1
2299	1
2449	1
2599	1
2749	1
2899	1
3049	1
3199	1
3349	1
3481	1
3631	1
3781	1
3931	1
4099	1
4249	1
4381	1
4531	1
4699	1
4849	1
4999	1
5131	1
5281	1
5449	1
5581	1
5731	1
5899	1
6049	1
6181	1
6331	1
6499	1
6649	1
6781	1
6949	1
7081	1
7249	1
7381	1
7592	1
7742	1
7892	1
8020	1
8192	1
8342	1
8492	1
8620	1
8792	1
8920	1
9070	1
9242	1
9370	1
9542	1
9670	1
9842	1
9992	1
10120	1
10324	1
10420	1
10592	1
10742	1
10924	1
11042	1
11192	1
11342	1
11492	1
11674	1
11792	1
11920	1
12070	1
12220	1
12370	1
12574	1
12692	1
12842	1
12992	1
13120	1
13292	1
13420	1
13570	1
13742	1
13870	1
14020	1
14170	1
14342	1
14492	1
14642	1
14770	1
14920	1
15121	1
15274	1
15421	1
15574	1
15721	1
15871	1
15970	1
16171	1
16324	1
16471	1
16621	1
16774	1
16921	1
17074	1
17224	1
17371	1
17524	1
17671	1
17821	1
17974	1
18121	1
18274	1
18421	1
18574	1
18721	1
18871	1
19024	1
19174	1
19324	1
19471	1
19621	1
19771	1
19924	1
20074	1
20224	1
20371	1
20521	1
20674	1
20824	1
20971	1
21121	1
21271	1
21424	1
21571	1
21721	1
21871	1
22024	1
22174	1
22321	1
22474	1
22531	1
22549	1
22570	1
22592	1
22621	1
22624	1
