1.0127840189919504
1.004885234675768
1.000021629903932
1.0000408808213876
0.9827956185049554
-0.0098799949724558
-0.004997933375684853
0.009872323940789782
0.005918349114925787
0.9882877315434982
1.0188703388201734
0.9862437725410425
0.9957036967823081
0.9868532530073754
99999.99394141068
99999.98832194186
100000.00241798532
100000.0090073162
0.9985498941280354
0.9927632219069118
0.9910913165593126
1.0091508132505067
1.0112568644595887
99999.99473757502
100000.01304485716
100000.00434398589
100000.0100012857
0.9962900945148067
1.0003571221752037
1.0086850611159415
1.0019786663577424
1.0185387706440634
100000.01345602109
100000.01181557725
99999.99998239064
100000.00016953883
0.9999240437281834
0.9915871503793511
0.9849660015014082
0.9934450372032325
0.9796393892674414
0.00392671171262529
0.003368182820235325
-0.004943373277578329
0.007137581886693548
0.9995222171551997
0.9777796940769602
1.0003345045696668
1.006986299063345
1.002628526105783
100000.00463714158
99999.99217531986
100000.00147866883
100000.0036139016
0.9920405310445469
1.001801817685772
1.0194458875905428
0.9980476786035103
0.9965938258618311
99999.98934170026
99999.99933327075
100000.00718689356
99999.99663719018
1.0065037360587759
0.9985516509895951
1.003283982302142
1.0009999793699393
1.0058777487867874
99999.98985334506
100000.0015805356
100000.01241760018
100000.01581167616
1.01132289377705
0.9943939643253045
0.9967738561743607
0.9833233820704749
1.004815136382942
0.007475259591006282
-0.0035168602885660583
0.005722902856669781
-8.504907614595781E-4
1.0033254702222654
0.989270203314911
1.0008560244415992
0.9908541679302832
0.9923479099088606
99999.97365495496
100000.00044680998
100000.00426136031
99999.98348777062
0.9889701711706262
0.9979611635120423
1.010331768750001
1.006683932870949
1.0034701930793124
100000.0060730946
100000.01264870254
99999.9895537037
100000.0012765753
1.008125060792921
0.9927573723836496
1.0180294221423432
1.0151498481166399
1.0019600610502704
99999.99705890504
100000.01085858523
100000.00854101026
100000.01810952325
1.0099441948092447
0.9897598634490304
1.0060936166538756
0.987559945200664
1.0146480082667746
-0.005917264346496071
-0.004815719621025285
-0.008174821683919175
-0.010307189089715691
1.0038602566598118
1.0076420162477135
0.9987741913054554
1.0122869238037926
1.0228102049731673
99999.99829034894
99999.99001036421
99999.99112731162
99999.9864502645
0.9894571831092647
0.9991854802445901
0.9952799100592363
0.9908654012368828
1.005182838922081
99999.99749456446
100000.00853720386
99999.98751592713
100000.01362500734
0.9890107817727847
0.9886663848489337
0.9888515352371244
1.0027538635893323
1.004395710332438
100000.00308305117
99999.9957382375
99999.99894224782
99999.9937273728
1.0201260399605956
0.9876864100063477
0.9895334924303509
1.004878663761224
1.006883695141324
-0.003864415235715469
0.014021510237650452
-0.003723829754073772
-0.016941453355913696
1.0094240198625493
0.9857770379411138
1.0045063459016466
1.0112498710966857
0.9888593383434052
99999.99934080246
99999.99705060493
100000.00940278024
99999.98279063933
0.992871010567169
0.9976063704104702
1.0032980570729164
1.014513783158155
0.9793728662916048
99999.99267991968
100000.00889132508
100000.00331888157
100000.00754353752
1.0073424497416403
0.9989611674218529
1.0001968621545636
1.0090834908978816
0.9868051284112492
100000.01618994535
99999.98633842469
100000.01617225487
100000.00423078077
1.0106141674092588
0.995291682486102
0.9772305598571275
1.0094534456948785
1.0030367721178282
-0.006164922082988952
-0.0020070633338872363
0.0031395619950662585
-0.013248799191070033
0.9935651072049213
1.0004596666017493
1.0074778710124388
1.0187455276712416
0.9922829251502404
99999.99761278532
99999.98465153143
100000.00274461554
100000.00289417339
1.003951968136353
0.9967319092674679
0.9985093872740886
1.0004042284124872
1.0041976311036933
99999.99045039037
99999.99818521891
99999.99967329152
99999.9839698876
1.0116263142669801
1.0049124148087225
0.9907254174824804
0.9911053922307969
1.0044783934663455
99999.99084067238
99999.99187384648
100000.00277510974
99999.98528502842
0.9863961180214391
0.9840117048411838
0.9898566405426816
1.0024087263774288
1.0094325289856882
0.9864187887931353
0.989522909642331
1.0092311643035945
1.0011681291992065
100000.02152234697
99999.99420126101
100000.0146469789
99999.98794657824
1.0017614280971043
0.9947471215711661
1.0114124581961157
0.9985765275064609
0.9928234548655545
0.005068154585425409
0.003082536638804831
0.017054716437680646
-8.780818881546006E-4
1.0172006516812118
0.9894797005890411
0.9794730018576853
0.9913721655475598
0.9945874867240607
100000.01124267762
100000.00364170913
99999.9871343835
99999.99639063116
0.9958321396273132
0.9905861488228637
1.014212799677072
1.0025633574010095
1.0215177491611842
99999.98657829748
99999.98627615819
100000.00560086615
100000.00995223768
1.0115364998466474
1.0055491345829406
0.9996280700369272
0.9880468441871053
1.0102771818097418
100000.0089808269
99999.99399493598
99999.98930407509
99999.99407698849
0.9996640729603151
0.9902034846345951
0.9989686375038828
0.997233711456556
1.008720693704104
0.008158247221082692
-0.016388975786720456
0.008337835271257837
-0.0020305190593945662
1.0002755501143523
1.0083719919472913
1.0043638513706628
1.0077876970163313
1.0301294943646937
99999.99847068863
99999.99258591898
99999.99558711909
100000.01298428948
0.9830503770463903
0.991877895926974
0.9851337249383382
1.0056104462474262
0.9890153040046205
99999.98307638278
100000.00090975026
100000.0033719194
99999.98378183112
0.9932291597689376
0.9865919223977284
1.0152397119770553
0.9999230520324942
1.0057344792303802
99999.9965309882
100000.00991552722
100000.00145367847
100000.01584355129
0.9985387017394998
1.0160898796978999
0.9946174056933906
1.0003973639252621
1.001213403343368
-0.011033940331609107
-0.01391537838242279
4.8536316727569237E-4
-0.0019749562603303705
1.0176710497430874
0.9930646716109548
0.994407374394489
0.9917801909132937
0.9782913405087775
99999.98877149711
99999.9872305122
100000.00889561402
100000.00272744142
0.9787048204408056
0.980568651059752
0.9966977632676057
0.9896622947962288
0.9984690907046497
99999.97215109979
100000.00664068395
99999.99648986844
100000.00480753244
0.9973549585390181
0.98850832423305
0.986297154546884
0.9948856964838607
1.0122939309865207
99999.98566411072
100000.01006768565
99999.99040665268
100000.00903807984
0.9940456555778858
1.0134771278714338
0.9971190803966395
0.9938058143977049
0.9916886216152156
-0.008112812081092526
0.005439306015856716
0.001097975536940963
0.0031499133994654462
0.9909761204179094
1.0117992314633582
0.978502430913666
0.999631515329522
1.0103575565629623
100000.0017778044
100000.02743561556
99999.99930215623
99999.98468295387
0.9870500629094456
1.0043537119819845
0.9900156136872791
0.9906489020426845
1.0106280581145979
99999.98839192942
99999.99348701035
99999.99674583276
99999.9940905875
0.9910062752527249
0.9993229279145904
1.0086110343537624
1.0038510411206893
1.0128409661339939
100000.00585359547
100000.00935416044
99999.98862334725
100000.00799571721
0.9880852057265549
1.0126235932789622
0.9904216547009973
0.9961998331086527
0.9765633148407717
0.0029370816826053796
-0.0011572826147537767
0.006845351628825557
0.014292392638190167
0.989473280408596
1.0132429820916646
1.0068840350208716
1.0125877408226391
0.997965173038753
99999.96985031063
100000.00563568385
100000.02332887471
99999.99788703065
0.9976251582056654
0.9948102671635627
1.0081868085318195
1.0051910351081221
0.9911147593281774
100000.00071020222
100000.00315563123
99999.99372522392
100000.0037264955
1.0033661626741004
0.9894723540796266
1.002410072724219
0.9839628514257351
1.0044836712251248
100000.00316122801
100000.00325622679
99999.98845316716
100000.01129747563
0.9852126443823249
1.004587107350826
0.9867427658819815
1.0002286184320632
0.9890980404161539
-0.0015428643950908167
-0.002867466676417752
0.008893399351355583
0.00833542455651773
1.0001801175261962
0.9956099180985284
0.9932264426620465
0.9868992754069409
1.0150820863748633
99999.99179106981
100000.00295953108
100000.00908111941
100000.00685258649
0.9914186025341176
0.9933666705698109
1.0151655704929776
0.9896776531299225
0.9959278453733492
100000.01369502817
100000.01685603769
100000.0062453854
99999.98724321181
1.013977028422833
1.0171373622782176
1.001065485499178
1.0024048069897715
1.0151926618021365
0.9895794637080445
1.0136744647437013
0.9942160575686677
1.0127464256991932
-0.014119729061206357
-0.0095013172888928
0.01056931663774582
0.0020189250761090704
0.9988232674870983
1.003166680772735
1.0079987505536894
0.9982756708733787
0.9877804223455704
99999.98262796717
100000.00911046879
99999.98164000757
100000.01024937701
0.983462073311556
1.0011958935439433
0.9948425001827554
1.0024918506574967
1.0034164119454583
100000.00048709546
99999.98919175989
99999.9885264576
99999.99855875912
0.994945938530617
0.99808693298984
0.9977539305869173
0.9923931429594575
1.0036128309580654
99999.99921481368
99999.99111802784
99999.99705204311
99999.99848886949
0.9985063457619021
0.9966102741165459
1.0156518672959365
1.0129144812014994
1.0024968371992105
-0.0070857002110682535
0.003572661016476143
0.017504432672115464
-0.009708817635061857
0.9838208754613144
0.9927661695041375
1.0101017307891331
1.0030299818448238
1.0022980743409249
99999.99995882556
99999.99664245333
99999.98946744412
100000.01776896372
0.9918614975747666
1.008771539350357
0.9942594022053894
0.9992854953944202
1.0022325590551142
100000.00927677512
100000.00508070197
99999.98530816926
99999.99855014117
0.992916673965287
1.0065675697539305
0.9975705092291037
0.984573977540555
0.9969821056237511
100000.00086647396
100000.01740901721
100000.01332968341
99999.97645677089
0.9951067289826145
0.9938100286761768
0.9928495191943493
1.0116395411965702
1.0145202469980001
0.01123814824467703
-0.010634058003177196
-0.0036065216699229063
0.01653045449816132
1.0023404868106884
0.9966444549917269
0.9856178815375801
0.9965247233700629
0.9868192639406995
100000.00969807894
100000.00047715932
100000.01890256656
100000.00018952043
0.9959422868391861
0.9961765495650836
1.0120545382410817
1.0061430193762047
1.002843458724254
100000.00010939395
100000.00049614762
99999.99166458606
99999.99153804792
0.9887137028002669
0.9972644618463284
0.9972536518738788
0.9833586971166807
1.0030834048425428
99999.98983751971
99999.9960571541
100000.00851395882
100000.00893979383
1.0074149080532715
1.0064310648069146
0.9910116591472579
1.0139259547628525
1.0130239529980687
-0.013158717595383538
-7.895938265631503E-4
0.0022157525384687016
0.006038208360261477
0.9957736515385278
1.0103009658717483
0.9932154366651937
1.011723583587097
0.9879180075505548
100000.01711377449
100000.00433121824
100000.00027141807
99999.99775994015
0.9997135324743407
0.9973297049604369
0.9962437021841244
1.0229737974690827
0.9955048847079259
99999.99233156267
99999.98074156494
100000.00269471975
99999.99745111386
0.9993027633543579
0.9798163344007584
1.0122516114533624
0.9901946017514665
0.9868245720584968
100000.00140824534
99999.99122704845
100000.00614701724
99999.99450095893
1.0031024793483467
0.9932068931036437
0.9952446694993741
0.9867096994252971
1.0010687326556607
0.0037844931462593045
-0.020005355803467663
5.52006493050601E-4
0.004900617761084128
0.9986973074211639
0.9951777606222966
0.9854601005805286
0.9979001954376678
0.9881585502522445
100000.00107050188
99999.99335498892
100000.01299157011
100000.02009864915
1.015544796240186
0.9910506948657946
0.9936328545766151
0.9998686805784179
1.017729782581277
99999.98272956419
99999.99561488554
99999.99763443206
100000.00019179416
1.0266968764999889
0.9920836324277424
0.9890037009790555
0.997806968013427
1.0090515255505013
99999.99986376209
99999.99444020432
100000.01174244565
99999.99732868737
1.0006914935879254
0.9967869654132591
1.0148598801638875
0.9837874550151572
1.0039437284087585
-7.563702702953691E-4
0.01520679907909025
-0.008987817828259843
-0.016854534451779302
0.9965921152235183
1.0031948654013658
1.0051602526392442
0.9882456870532708
1.0223422418500285
99999.99172609783
100000.00040586022
99999.9998901041
100000.00221270224
1.003714049474734
1.0171801847043447
1.0019678346521925
0.9829471764825598
1.0120443550971279
100000.00348938687
100000.01827728006
99999.9915724719
100000.00542949673
0.9957057849641958
1.0000074049378114
0.9812301306486199
0.9919002089653249
1.0010963841881404
100000.01085234371
99999.99793610585
100000.0157101365
99999.9964165991
0.9871375336428009
0.9917524241508604
0.9964152184525003
1.0009457023136366
0.9944003151190164
0.9895393404637176
0.9981572786098114
1.0004829288420936
0.9991581625693048
99999.99971783756
99999.9953267718
100000.0026427725
99999.99798654989
1.001436250738877
1.016533954007811
0.9996211941359334
1.0028116964365392
1.0030488569719926
99999.9980733542
100000.0000466045
100000.0021053915
99999.98163417105
0.9850173713307864
0.9893798396873384
1.01093355320814
1.0001929623170889
0.996551893370017
0.005810096225960077
0.02023032494145622
-0.007964144619938345
0.011144932464471942
0.9758157774993883
1.0000990014106288
0.9993403303010389
1.005035404845773
1.0093527005215368
99999.99082899211
99999.99116324345
99999.99306850445
99999.98924622938
1.012452196344949
1.0008381240770114
1.0066723665017054
0.9753594321575216
1.0216626117234553
100000.01617939671
99999.99757817814
99999.98543394287
100000.0125524848
1.0067677509906579
0.9976823858391399
1.0039369761683163
1.0025247854219443
1.0010650562508914
99999.98102041757
99999.99394551879
99999.99464583496
100000.01152005259
0.9794633674680377
0.995636732066137
1.0114484972390556
1.0035317122091505
0.9944116692703915
0.001450525651022527
0.020215769513224246
0.011064061182156415
-0.002668625639191815
0.9982063550591991
0.9901491206629922
0.9967532853329887
0.9989816191170312
0.9903442964312722
99999.99274007705
100000.00146901996
99999.99943854225
99999.98990824146
1.0080653920294536
0.990915805240812
1.0037230078436705
1.0031337859518976
1.0143465402365197
100000.00031950125
99999.99727023476
100000.00136919021
99999.98546814304
0.9935660699040187
0.9855777636190814
1.0045888281945028
0.9868830103780366
0.9904158032781504
100000.02480719624
99999.99613938935
99999.9851963261
99999.97958273462
1.0070620521231268
1.023084135671926
0.9922300271160017
1.0057709091015161
0.997023296199399
0.004641735318402116
1.2487683146666687E-4
0.0030747502572634052
-0.010542430867924665
0.9972207033832569
1.0026227946160917
1.002948509111974
0.992039339190716
0.9993145672482999
99999.9986455855
100000.01016412866
100000.0201227063
99999.9855115429
1.0194864205997054
1.0201627932798962
0.9964893192845327
1.0150998378501728
0.9957491757908531
99999.98085489118
100000.00887400431
100000.00672224372
99999.9927280008
0.9854567561301123
1.0166853243228093
1.0046332741770994
1.0055963936911132
0.9959355198756454
100000.00416721196
99999.9963937855
100000.00358656437
99999.99705561672
0.9915402596860207
0.9856520950262682
0.9868578923476594
0.9851386398201705
0.9974488821055291
-0.00956058931738277
-0.0040369938111463515
0.0048246263788628806
-0.0026509705470359603
1.0065363015652495
1.0137567888957715
0.9765458855197867
0.9842286440353469
0.9909241858689873
100000.0025674585
100000.0088027435
100000.01456202775
99999.99642604467
0.9993684156217594
0.9884953616477875
1.0079618865997193
1.0027112233716058
1.0191076858967987
100000.00722684909
100000.00829855971
99999.99567847389
100000.00102498052
1.0117042266071312
1.0013666101074599
0.9975944962786594
0.9983782447209706
0.999903219526774
100000.01036772493
100000.0121906474
99999.99296132509
100000.00853224185
0.9953336724820323
0.9889172371265135
1.0127200982324625
0.9918740927051526
0.9972016189881013
-6.427409017665039E-4
0.017521783007018756
3.226743441062174E-4
6.163912112806064E-4
0.9989821863500349
1.0204143420853982
1.0168063853727682
0.9896804008837764
1.0107659325131997
100000.01191250164
100000.011033024
99999.99281759918
99999.98717938123
0.9938347592875182
1.0092030081309356
0.9923139878428623
0.9902711157250645
1.01363761873091
99999.99206502394
99999.98769912274
99999.98954334449
100000.02054884257
1.0178116103692154
0.9952052988723586
1.0086289064156764
0.9905338652725072
1.000738723788637
99999.99149387394
100000.00970976552
99999.99931261607
99999.98876929564
1.0092484549781626
0.9930275878650726
1.0014506253494662
0.9981757139877213
1.0030400912242081
0.01875646574224128
-0.0047868972585649715
0.0037545718377162258
0.0045933583488922385
1.006916157269335
1.0047826664336523
1.0118508323186004
1.0003556370906366
1.0024811976359593
99999.99051493364
99999.99430766965
99999.98462760194
99999.99860706516
0.9839460503270872
1.0087032068804531
0.9961378184758352
0.9820245714768288
1.0111449584576608
0.9991942836256061
0.9984384935260118
0.9933183138342738
1.0146734799938846
99999.9991857153
99999.99840185764
99999.98671446183
99999.99838811335
0.9892084041079389
1.0005274689494825
0.991204830290435
1.0090870589070626
1.0059238502971424
99999.98991926518
99999.99958525505
99999.9879844148
100000.01045845258
1.0173607959423485
0.9957930387819053
1.0171385157887247
0.9879165425531113
1.0081352517381919
100000.00784624265
99999.98764502048
99999.99507326954
100000.00924075053
1.0163787334332832
0.9923508535003149
1.0116882835538734
0.9843325776763726
1.0013511975490474
0.024873966941808195
3.348994857117321E-4
0.014433161008835679
-0.006059273126310959
0.9724417918750926
0.9983575846396486
1.0072026714610511
0.9856068651122138
1.0066961156018166
99999.99472691798
100000.0110363023
99999.97460389626
100000.0125651447
0.9968815993124424
0.9716528586252661
1.0030931576893298
1.0143035290581002
1.0136474069724135
100000.01440517591
99999.99588998528
99999.98127735412
99999.99419622362
0.9997463902676629
1.0232974309967349
0.9982483593488741
0.9906381560242024
1.0078326078583923
99999.99843755223
99999.99627173215
100000.01415127199
100000.00290787229
0.9954455874746352
1.010403804935969
1.005036544660006
1.0195908038039465
1.0032948058005038
0.008078664176129027
0.0058419205182372634
-0.004213438815151274
-3.585651535533719E-4
0.9986583541697298
1.0135200063898673
0.9916317997670996
0.9942841099916535
0.9977469724034188
100000.00284287195
100000.0001891514
100000.00085597823
99999.991142497
1.0178539364948644
1.011243347428066
1.0099114209693034
0.9906564206537402
1.0086854974874135
99999.99577997717
99999.9761594159
99999.99586617542
99999.98777385041
1.0097510215441277
1.0046159864989588
0.9984400015314692
1.0019061384094456
1.0033864801260404
99999.99027572728
99999.99673506098
99999.9957095148
100000.01549310087
1.0039350566942602
1.0146850695395218
1.007440160875234
1.0003138933123663
0.9918406971378579
-0.01332271453999989
0.007352960640827222
0.01777505411469013
-0.013049168284761378
1.0022865275825268
0.9970048664223994
0.9956175340096346
1.0137582648213452
0.9912010201734939
99999.99733609536
100000.01497667261
99999.98620209764
100000.00743093486
0.9943327060076678
0.9956613208842388
1.0026567947071658
1.008692422923905
1.0037595259210044
99999.99351648949
99999.99156911367
99999.99726990859
100000.00209286457
0.9881298542662242
0.9972048587946627
0.9951680524192246
1.0091057844795166
0.9892588985593328
99999.9938218137
100000.01295569124
100000.00788537791
100000.01475287515
0.9953954176473443
0.9975592021434051
0.9997515517597132
1.005678620761449
0.9945252261767014
0.006922508262364576
0.003018774563027251
-0.003146602287290164
0.012872884789209145
0.9951444045005772
1.0031736597112844
0.9833123897458866
0.9845321678809379
0.991755194343876
99999.99561561849
100000.00887511465
99999.99897714017
100000.00884473782
0.9907753746555406
1.0106095816839133
0.9854056779937586
0.9951628351113171
0.9946724591853024
99999.98646494547
99999.99103335824
100000.0085436912
100000.00442646952
1.008947466029135
0.997382268726792
0.9988157494246914
1.0021855246060478
1.015513396510425
100000.0134772762
99999.98764053754
99999.9918772353
99999.99998489012
0.9882281979133922
1.0054352550873065
1.0075112936050494
1.0038586468329591
0.9936742671295322
0.008870209065733796
-0.011299880393424147
-0.009108127062962369
-0.006089077476199003
0.9989043811462529
0.9870624700001414
1.0038265078232356
0.9989225959413915
1.0067292722701389
99999.9934911702
100000.01932774595
100000.0097785093
100000.01675091419
0.9988390438074713
0.9972901707027603
1.0031272928965758
1.0085388766195595
1.0090123105280673
100000.01330232146
100000.00912726589
99999.983115072
100000.01068600477
1.001140056705695
1.0036256467650608
1.0173191562345572
1.0122055658091094
0.9981646475960806
100000.00461559933
99999.99964644933
100000.01317909821
100000.0032272826
1.003811217382795
1.0041359936660101
0.9989434290832802
0.9942600963907975
0.9968810031240029
-0.00899432096847839
-0.002656997569866058
0.004138032888961062
-8.614812712831508E-4
1.0035435125113037
0.9848188510592452
1.01254430651837
0.9937840054891753
1.004563920769553
1.0100389306913862
1.0063908003538327
1.0078997832866248
0.0063026814965041105
0.9871249371567726
1.0015398770823223
1.00659293066058
0.9917783736059286
100000.00263813484
1.0135399639639193
0.9961152052668032
1.0070674259686845
0.9938179565404912
99999.99937861078
0.99605789181271
0.9993939748840017
0.9990649702108694
1.000452564152396
99999.99481136582
0.9911547355174263
0.9930618620145581
0.9872319668528164
1.020028940518902
0.008947258304448438
1.000217574444767
1.0028432938980438
1.0182037572487537
0.9940727527419702
99999.99441223673
0.9937725042764196
1.0069371246038334
0.9925488206229269
1.0077606159613561
100000.00350010613
0.9767278192219773
0.9832758590602276
1.0099159073493007
1.0006120234118698
99999.99018385995
0.982335875268332
1.0004905018112924
1.0241773373351648
1.0224423898423947
0.010654988704836419
0.9975409884531184
0.9995169944857984
0.9822220607417543
1.0188160872486938
100000.00310077268
0.9977810386314918
0.9829257265529084
1.0065568260681814
0.99544819644787
99999.98340687815
0.9889383155005083
1.0020987886733372
0.9821513429819186
1.0056699291650704
100000.01565705781
1.0041885292736923
1.009250482820039
1.0205692642734
0.9915977302554737
0.0062874325000118495
1.0025268546148791
1.0018892677383855
0.9920116178821886
0.9857554701372095
99999.97962444348
1.0040018872108392
0.9898167041289424
0.9992429330671224
0.9797332248960562
100000.00377188757
0.9849854897441637
1.0058812674542186
1.0072387559817735
1.0142234207614191
100000.0017255772
1.007812137035541
1.0000731400295773
1.0041457053131946
1.0041516741280376
0.0038951665050061986
1.0039867514013603
1.006798822938852
1.0111738582588103
1.0109129922595665
100000.00293013675
1.0055202732745965
0.993813942998808
0.9954054184256956
1.0272607792447384
100000.00656977452
1.008455240478962
0.9977186776807292
0.9848630154241989
1.020384515664465
100000.01457605783
1.0019891596824715
1.0084639594514622
0.9949155346845285
0.9967969158885022
-0.012117430896022697
1.0106626714240297
1.0035369535537073
1.004901974593535
1.0116291966133368
100000.00353932647
0.9708242234576274
0.9978344589048445
0.998217537198161
0.9902867889163037
100000.00416735603
0.9957897775220454
1.0144981336298586
0.994891924497978
1.028189559755747
100000.01528083034
-0.012830441335087784
100000.01480331527
100000.00774312286
100000.00329957693
0.9891020510569114
1.009391468643235
0.9968428813526561
0.9990529376319122
0.9886800720410303
-0.014623964879157153
8.915482775794875E-5
0.01885417256885713
6.948543017949939E-4
0.9855376445110655
0.9936446850087963
0.9692121182031199
0.9900228891115372
1.0059757464849965
99999.98109120301
100000.00497329235
100000.02067428723
100000.00739284816
1.002697284345588
0.9998839378860671
1.0127105977495758
0.999892027337073
1.0146960656875905
99999.98910999385
99999.99438676155
100000.01259259295
99999.99580936648
1.0008027578505243
1.002740607922014
0.9747296348001714
1.0089276215757936
0.9897566420608104
99999.98650267199
99999.99679669623
99999.98626627143
99999.98770242734
0.9830679795299911
1.002358505328679
0.9931756466267523
1.0171575058628857
0.9948494358206081
-0.004795732141989158
0.011927812418610214
0.013705155426477995
-0.006697195637207593
0.9982786391376366
0.9930563870020663
0.9994571759884767
1.0288681519097693
0.9792904454924294
99999.9994753306
100000.00367394861
99999.99457737329
100000.01191875567
0.9964194907179929
1.005048744479582
0.9894775284647699
1.003778314790188
1.001593400997561
100000.00089626822
100000.00079562784
99999.98965540627
99999.99126803337
1.0088252134474154
1.0025568039761417
1.0095724085439524
0.9870798835863651
0.9913649390163809
100000.00903221143
99999.99746561333
99999.99419782702
99999.98727354748
0.9930433092734708
1.0153096024736763
1.0055831441496204
1.0035217308069895
0.9997691691575756
0.012008974372904324
0.0022721953735706066
-0.011762323059365414
-0.011217798744619503
0.9948391273843615
0.9933654319599023
0.9803840381732607
1.0117954730752259
1.004159845525433
100000.00904333872
100000.0065168431
100000.01363934013
99999.98421292569
0.9966984025911052
1.0080759275228053
0.9948795131035869
0.9967179781876309
0.9910412151367032
100000.00002693095
99999.99356051646
99999.99875087223
100000.00014460986
0.99701638538202
0.998146503702312
0.9965425514126622
0.9965020340819635
0.9990392758092976
100000.00921972693
99999.98691376089
100000.00747171979
100000.01018030141
0.9984038600053261
1.0108228547681832
0.99628652244072
1.0082245045265796
1.001656273358553
-0.00999191438804338
0.0011393990610614883
-0.005442045000917165
0.013335281199240809
0.9996173570523128
1.0001153594921712
0.9857544674888207
0.9965980413997575
0.9937307439514739
100000.01445231977
100000.02724938841
100000.0011475964
100000.01363443215
1.0298725757613991
1.006891609064443
0.9923988322334014
0.9948670831015772
1.0112126437333675
99999.98491392955
100000.00475603582
99999.97170764001
99999.98535248518
0.9990032625942508
0.9998687998107412
1.0209062776592328
1.0116973461778098
1.008469651800333
100000.008052257
100000.00722505979
99999.98843993178
100000.0356602191
0.9944096894513694
1.0016215000974071
1.0098327327529666
0.9948176862140095
1.0007606026707159
-0.021298957018133606
9.19046541853149E-4
0.0035183286541657904
-0.01578721233920826
1.0046637495359765
0.9975790502974496
0.9812854919567193
0.9940572437875473
0.9904461168553659
100000.01558190625
100000.01072402083
99999.99626069586
100000.0097698581
1.000022064922173
1.0005738029937088
0.9789943136281277
1.0067211003890442
0.9979799470702322
100000.00872833272
99999.99775676803
100000.00110657218
100000.01285983724
1.0141544545085672
0.9921878927839182
0.985638026531627
1.0005947682828547
0.9921695762696038
99999.98308577383
99999.99030293249
100000.02270664171
99999.99898353645
1.0037865499995833
0.991307760662082
0.9913005481757029
1.0023311235793866
1.0121517293486857
-0.016145774565155188
-0.01615202256057958
-0.001486831416893687
-0.0074813808338223655
1.0084240910961393
0.9865741581362361
0.9961652744494237
1.00310306866712
0.9892314234334838
100000.00139624596
100000.00917352892
100000.01686197866
99999.99159141423
0.9864940608273767
0.9990575051380544
1.0089821706987256
1.0018296979169405
1.0018268977163312
100000.01309869636
100000.01921782175
99999.99123525574
100000.00648818836
1.0005180017997508
0.9999974179687663
0.9993775515235571
0.9926889541778281
0.9981972396545812
100000.01378431208
99999.99454482226
100000.01310699989
100000.00395997956
1.0051466385521077
1.0039447310450123
0.9915281569188419
0.9583909112181389
0.9881008753706549
1.0060112402548442
0.9999280404530471
0.980469547388724
0.990615182446516
100000.00804539023
99999.99984146144
99999.98726598934
99999.99551523727
0.9918694721842358
1.010220755366926
0.9837189900060608
0.9891445582457357
0.9999187987058388
100000.00196266311
99999.99988491628
99999.99830847628
100000.00644642844
0.9962891788503239
0.9862405353659432
0.987768513116621
1.007918430561665
1.0006155015448843
0.007540142356401787
0.007830817289203753
-0.0013176906995941461
0.0073894040775298745
1.006676165008671
1.0024643630707641
1.0038143716653272
1.0073725744029878
0.9920937032939817
100000.00386350519
100000.02213197519
100000.00551633415
100000.02309741506
0.9944249800101783
0.9868937274890447
0.9969991818305469
1.0038350111286112
0.9973006030931557
99999.9877912578
99999.99788515268
100000.00930221294
99999.99951900088
1.0170799810583573
1.0029658125725227
0.9883545753535786
0.9977197886420198
1.0066466342498084
100000.01490430339
100000.00045245649
100000.00279019008
99999.99149048456
1.0015179147064817
1.008062960482758
1.0010223017674502
1.00346231502373
0.9986297414324941
-0.009516775498230592
0.011263852387130494
-0.015864334991072673
-2.6747276249593075E-4
1.0011519863068747
0.9934307613550885
1.0226136493042932
1.0078406661867072
0.9924220587938002
100000.0056778967
100000.00224312028
100000.00603040184
99999.97781408325
0.9986496514993424
0.9893494401563642
0.9998865787799571
0.9927250585400066
1.0137517325399914
100000.00063140078
99999.98220046128
100000.00631279747
99999.9818252012
0.9941682128070755
0.9943323494044632
0.9859816469790225
0.9978894347439974
1.009798962364759
99999.99962039341
99999.98757217158
99999.9880266316
100000.01024113005
1.0101971288310212
0.9960311705038013
1.005087884375223
0.9871879412431933
1.0061505659140983
0.012200528299180455
-0.005503764662837589
0.006468144142173157
0.0047967536579146255
0.9995090812128139
1.004356784717216
1.0138208832567417
0.9843324509850997
1.0096319340727402
99999.97715105068
100000.00859256464
100000.00350527254
100000.00382416067
0.9901609089559517
1.0069234602929795
1.0199302840365259
0.9932759728839797
1.0016930773003545
99999.97797477576
100000.02353127947
99999.99110385307
99999.97801470639
0.9903947104441337
1.0111413923331483
0.9920307407971218
1.0064425144619689
1.0011141317754573
100000.01178533155
100000.00051226406
100000.01090980432
99999.9894910108
1.0005960052978542
1.00542007347893
0.9947823162038228
1.0126649379592159
1.0003524041585137
-3.1701209140733253E-4
-0.008577020079880105
-0.024241147058527403
-0.013884755214239349
0.9837971383515645
0.9975867749872952
0.9757299370115756
1.0036360095699786
0.9880860387100522
99999.99565978591
100000.01077282775
100000.02130387771
100000.01068623095
1.0054902525895566
0.9870581845275372
0.9933524594365579
0.991856233702515
1.0073685247029436
100000.0128442165
100000.00194412179
99999.99370771938
99999.99902906643
0.9980699130756479
1.0046085629717407
0.9995906997734965
1.0082985640774589
0.9983096061772283
100000.00865649899
100000.00732117941
99999.98597919001
99999.99925981264
1.0015686259802963
0.9950520724522693
0.9883233683803702
1.0109641372564477
0.9984280813976432
-0.0018652022187999157
-0.002563642161915267
-0.003996869093081268
0.007170195682278524
0.9894113410777151
1.0019829631828723
1.0049492558354487
1.0186977870009213
1.0064397317403195
99999.98706833484
100000.00277398592
99999.99037723312
100000.01418423966
1.0203953674963124
0.9907583556098998
0.9949282641086836
1.0238535504125161
0.9877150194294787
99999.998060427
100000.01111630145
100000.00375134767
99999.97763858612
1.0031262354034804
0.9931877627700264
1.0064083679933107
1.0190183025711275
1.0119980909816775
99999.9882185509
100000.00887115936
100000.00088007304
99999.99989748686
0.9915275877594087
0.9972265580643692
1.0221708831497995
1.0203253215877264
0.9913821456058702
-0.013224980046318748
9.829825703679634E-4
-0.002387050095809178
-0.002582838975038254
1.008956845410301
0.9978558349644275
0.9971099402734288
1.0067120751528094
1.0000989308300738
99999.98326719715
100000.01245887854
100000.02053270672
99999.98243473085
0.996545214728143
1.019841308841753
0.9851592247257138
0.9902883449631287
1.0119789953328386
0.9897585411575646
0.998958417427139
0.9950824152892456
1.0027560477945403
100000.00627427583
100000.00525148281
99999.99756795491
100000.00297049862
0.9864751772535475
0.9988339804975814
1.013727835184547
0.9991585885580052
1.0207658278812843
99999.9896918076
100000.00270193609
99999.99234093445
99999.98704605579
0.9951472718196422
0.9953172139371593
0.985788133656798
1.0036128476210762
1.0111952618012332
100000.00095328968
100000.00568164908
99999.97534169214
100000.01807457067
1.0095293751371446
1.0179845373754415
1.0095205403888845
1.0053697273360402
0.9822522954822478
-0.006309400791799171
-0.006352556023936206
0.002438263322647278
-0.013296396729779943
0.9981443928332866
1.0036733691589852
0.9921411723909679
1.0191597256243867
0.985577078324251
99999.99865321828
99999.99272310374
100000.01060796803
100000.00890695072
1.0052659965899509
0.9983378125436357
0.9710412067951605
1.0186254404536434
1.0119539632661292
100000.02477335821
99999.99991117297
99999.99773217834
99999.97557046075
0.9931607591124456
0.9956323777293586
0.9976598184740502
0.9981384393586897
1.0069263997983289
100000.00017813142
100000.00528063953
100000.01799935453
99999.99468903427
1.0080788854915446
1.0144400938738771
0.9874675515291189
1.0162527839585038
1.0090108722672488
0.012399212768481011
6.002506354500078E-4
0.00879830219827248
0.014378100054237465
1.003975955660781
1.0072665630983866
1.0027603097716482
0.9967838060071039
1.0101757011317043
100000.01011400491
99999.99442120474
99999.9897336658
100000.01817377456
0.9993251585780533
0.9961362219513531
1.0055668091661962
0.982810924319529
0.9965536447786367
99999.98733689782
100000.00162575078
99999.98709964646
100000.00230770957
0.9957835193862353
1.0014878266668128
1.0070798385753916
0.9923713784170695
0.9939528635309972
99999.98573892452
100000.00430770317
100000.02037355203
100000.01100177973
0.9889320902562438
1.0002008263871227
0.9934775918637493
0.99758957275843
1.0073088696335533
-0.003978805559265577
6.860748227824641E-4
-0.012057860509502735
-0.009975706336385672
0.9910698087291875
0.9987671670274584
1.0016947316170932
1.0008424868482098
1.0083585302181457
100000.00345309766
100000.01095890316
99999.99763053232
100000.02385067458
0.9998142758513424
1.0074491931422678
1.0080056123399939
1.0046813935359467
1.0082554190606237
99999.99523403184
100000.00697772301
100000.0073602585
100000.01118168254
0.9901379361233932
0.9791388422581312
1.0086055034424115
0.9892508280562765
1.001857999395633
99999.99845788666
100000.00146529778
100000.03331282739
99999.99699476133
1.0091586328804603
0.9948275241524848
0.9884978152609799
1.0012105155603575
1.0038233752286057
-0.0194809758437629
-8.777050080890601E-4
4.542962561702138E-4
0.01176555174721134
1.0030696206952416
1.0126539840994861
0.9985644233305998
0.9890064801334135
0.9971338746270966
99999.99542722754
99999.98725843169
99999.99839463268
99999.99705668628
0.9912107704421345
0.9894267315659756
0.9757214362746078
0.9780296723448332
0.9944276092286968
99999.9926825703
100000.00827296941
100000.01640932588
100000.0076967464
0.9851142241623756
0.9990800444975411
1.0006196969707206
1.0020012306675599
0.997427250858248
100000.00396697126
99999.99509744007
99999.99647174138
99999.99730637547
0.9988850563576859
1.0070343384034754
1.0191927222749355
1.0153779781684529
0.9960674209490245
0.011006463695067241
0.0025214710860920965
-0.02302868166766462
0.00537655588083366
0.9977046713592559
1.0070701693608124
1.0065563746237314
0.9970015323719005
0.9998570844163349
99999.98438230858
99999.97563229906
100000.01123921594
100000.01001238385
0.9898978573587485
1.0158926787299531
0.9876651010311012
0.9865029425423946
1.0088043291204856
100000.00872673673
100000.00427076283
100000.01937395027
99999.9848468987
1.0038580095518606
0.9934124891725488
0.9904051148622919
1.00832099389213
0.9953098692882882
100000.00519652024
99999.99355850529
99999.98990491996
100000.00388063485
1.0110581502925897
0.9870687743136376
0.9889692381413695
0.9825076925965162
0.9934301386457276
-0.008154422348770611
-0.0038453705089002755
-0.005663531844095001
-0.003337789543677954
1.0186105798454375
0.9951131495647727
1.0060328884941012
0.9895890439346606
0.9938801872175695
1.007017790626624
0.9969832776416174
0.9862676360119794
-0.007614296219729763
1.0095987342622432
1.0174186092875948
0.989706027705325
0.9956952583105857
100000.0033459832
0.9954526693895143
1.010215124548426
0.9892825492584627
0.9871856646510481
99999.99916066186
0.9890627217517766
1.0108768356307691
0.9928216064139587
0.9921951698081418
100000.0018683214
1.001279448305853
1.0164017409842518
0.9911054679967783
1.0042831933393939
-0.0013255367228096366
0.9957223795194526
0.9907901319646599
0.9975118900458287
0.9961807603144878
99999.99238182743
0.991445291694276
1.0109340833869165
1.0012961720954263
0.9980040934847215
99999.99479927306
1.0139664903754162
1.000286231127008
0.9973192452434563
1.0104381800045357
99999.9999580606
0.9935990627554482
1.005088909018636
0.9831305953065144
1.0039590602386763
-0.015386769150394641
1.0016001125043625
1.011172302482801
0.9968283421185735
1.0012246640890745
100000.00325712092
0.995727117440529
1.0002907183848269
1.0030585705623178
0.9933805470162247
100000.00723218413
0.9854923879361068
1.0076022301518466
0.9850460323759576
1.004558094983048
100000.00176774336
1.003231890799727
0.9797606678133435
1.0144858261993004
0.9988474477503733
-0.00501462575875581
1.0051790501195637
0.9944787957746314
1.0162697827003047
1.0123465773237363
99999.98690155408
0.983778139405884
0.9842801425080304
1.0016850063425295
1.0032897610566909
100000.01519848766
0.9921674130929361
0.985235887103734
0.9977002747570575
1.0112650539025627
99999.99079398939
1.0079952922749436
0.9932821966317132
1.000702067197419
0.9804876057633789
-0.02740279564332087
0.9836239936567462
1.002732098778622
0.9872564684221053
1.004342745159437
100000.01120224743
0.9955147166534645
0.9907171015571562
0.99403698487713
1.021310556002305
100000.00329245714
0.9977252430668812
1.017390020021537
0.9877944381007585
1.0105250977982507
99999.99613915558
0.9953159656602539
1.0080180903168976
1.0023389193037473
0.995853896537309
0.011873432014492692
0.9985596463035412
0.9982111959217543
1.009645716349197
0.9995968773391005
100000.00169219417
1.0033946702082073
0.9838325843513
1.0233595026798086
1.0133767204839808
100000.00399301237
0.9929528601632011
1.011846385732083
1.0099943070617905
0.9953221456806209
99999.98968378533
-0.003392009816878125
100000.00701848752
100000.00724464632
100000.00668991912
0.9981194585870181
1.005849997903434
1.0194287213991045
0.990248639288102
1.0015617923144795
-0.015121706112383296
0.008020116960131421
0.020262680496105117
0.004083760297069056
0.993226833550528
0.9989348574845663
0.9979595802148635
1.0097453593015602
1.001113902471317
99999.99294698592
99999.98744949425
99999.9835391539
99999.99378279642
1.0046248249997471
1.0069144403592514
1.0067828267017085
1.0145245858543606
1.016460794383692
99999.9972226413
100000.01106303213
100000.00743842141
99999.98941841403
0.9974566054005689
0.9966267299865303
1.0123476206006063
1.0054917993506125
1.0042322227135279
100000.00004350492
99999.98964608685
100000.00970917604
99999.9930241612
0.9941168610944713
0.9839322133649453
1.0127814336697327
1.0061363743332497
0.9964400722010242
2.1566020345642188E-4
0.014093912757008078
0.0010170815833012916
0.016028579200996103
0.9937801535289394
0.99512978572297
0.9877825094402267
1.0231984337541966
1.0036517514196766
99999.99631414251
100000.00092325115
99999.98272066141
99999.99889884405
0.9924543086846505
0.9953522981911399
1.0034149776663266
0.9957644473802881
1.0088997542322882
99999.97324524165
99999.99291143226
99999.99038101156
100000.00550224826
0.9911081625695224
1.0169144267311734
1.0066789347320904
1.0019740713449687
1.0122801325863118
100000.00097324442
100000.0191335994
100000.00640993963
99999.98803423639
1.0009192301622882
0.9969716543971251
1.0095080534982872
0.9935759557035945
1.0062430833687646
0.00699499521680321
0.01842554884747703
0.0010031786314929675
-0.0122775975545417
1.0150396410286313
1.0147118533759092
1.0045744809537898
1.0155584644520261
1.0042312382116712
100000.00708367628
100000.01617352868
100000.00467564537
99999.98544312688
1.0125420905055331
0.9967789811467266
1.002179869350688
0.9844674565867695
0.9941265259280987
100000.00477161448
100000.0231061371
99999.99989747255
100000.00949921545
0.989174011305774
1.015825643857272
1.0143443385741664
0.9982837676095724
0.9997699049538511
100000.01577072672
99999.99960260271
99999.9891477344
100000.00003924931
1.0171317247670328
0.9980326358242992
1.0090451427012757
0.9759455711690168
1.0013782426888058
-0.01078811158550395
-0.014206211496988936
-0.0038890464736822234
-0.019707066669707018
0.9892526163312292
0.9939576015229797
1.0033619881445461
1.0017713127301178
0.9903525310754134
99999.99276416078
100000.00298880175
99999.99936939841
99999.98413517067
1.0032996419720037
0.9943680238805264
0.9890740203093993
0.9957590915640278
1.0014351550728091
100000.00566004433
99999.98680202756
99999.99459295112
99999.97870933202
1.0288436052918892
1.0006868869223418
0.994393289017302
0.9908670698122278
1.0062914417373225
99999.99232444985
99999.99533367554
100000.00243753896
99999.9984213288
1.0083913567101725
0.9941117727105406
1.006203319405653
0.9992357324070529
0.9974283028559451
0.0016330551251056442
0.005504893234208398
-0.012264908168312334
0.004359346818905723
0.9974577932271939
0.9832808089553267
1.0154580443987777
1.001576792237253
0.9868908599234281
99999.99848572676
100000.00549819453
99999.99200537705
100000.01306445769
1.012463872924139
0.9883252553099825
1.0084020048638267
0.9996621044777507
1.0057040747547867
99999.98916113112
99999.997814238
99999.99900461639
99999.99982116418
1.0048398327871468
0.9973358048870102
0.9792376935650219
1.0062149747899312
0.9924250604283925
100000.00740016779
100000.00578881257
99999.99950486101
99999.99372695535
1.0079798515531955
0.9984088930090079
0.9954049170963388
0.9981042306769506
1.004074407529098
0.002434593971103622
0.002913326322310233
-0.010045173578834603
-0.01341591842178107
1.0064906926928896
1.0041342910819546
1.0097411123774171
1.014677307532731
1.008976716613965
99999.98789442776
99999.98016247913
99999.99317780991
99999.9979428626
0.9952621962493872
1.003584235318288
1.003832204892191
0.9795522763485695
1.0277313275568605
100000.00635241586
99999.99255728573
100000.00352265993
99999.99586029098
1.004492570378479
1.0191576111632368
0.9781228370418411
1.012352146438375
1.0116216523525534
100000.00187652955
99999.99310325256
100000.00828014914
100000.00476048845
1.0114329391067918
1.0087773370251085
1.0078126197770474
1.0254745178017226
0.9939926312878388
1.013279308325845
0.985744316875697
0.9888197674643188
0.9960574182308524
99999.97789982786
100000.01206057171
100000.00666389836
99999.99652061034
0.9970518524488806
0.9960558435143441
0.9996973886222709
0.9918297502163979
1.0045495878588786
-0.0038217319217933995
-0.019272550346322238
0.0022497394213014605
0.004579538817609117
1.01302560624122
0.9999911730309464
0.9852824275489546
1.0172742482828887
1.009960144919888
100000.01091506006
100000.00311245544
100000.00205284444
99999.99514500672
1.0150012510141408
0.9983563386010844
0.9966887461949511
0.9878879538281136
1.0023032642633036
100000.00392648713
100000.01122075407
99999.9864399657
100000.00317888279
0.9917323059703003
1.001518654193546
1.0088382711669188
0.9915914970896181
0.9843481530176268
100000.00593741258
100000.01105069835
100000.00150499084
99999.99896307966
1.0080255382167362
0.985129472060091
0.9992925727264762
1.0055652635614107
1.0094994293547443
-0.017523608853525982
0.01202660112684835
0.01301210952200391
0.009597093784111447
0.9960658950727013
0.9934078789045399
0.9962878004726599
1.0027985229958094
0.999613961245696
99999.9952693619
100000.00190293646
100000.00804787652
100000.00650624622
1.0055080798955798
1.001623918079083
0.9975313683944648
1.0068647739052725
0.9986246324628497
99999.98723299647
99999.99835706757
100000.00110819326
99999.98084349245
0.9826561061149645
0.9981806736931499
0.9945090523320282
0.9957220728731199
0.9838629830601187
100000.00922716755
99999.9962623043
100000.00583833341
99999.99802642039
1.0039591575118811
1.0029954664919112
0.9884979048002006
0.9954480338144132
1.0106341483410597
0.003972942450984253
-7.668781822799971E-4
0.011865383681713868
-0.003351572461881014
1.0221370373215852
0.9936484570020525
0.9954534844523837
0.994391807234695
1.0086991402233505
99999.997593568
99999.99848032101
100000.00458060214
99999.99306081049
1.0024314574355877
0.9843901390400519
1.0066105792353726
1.0009005072965036
0.999455738264164
100000.01825051197
99999.99355557795
100000.00656455026
99999.9885433514
1.0075630643897733
0.9874405753839564
1.0001717980365377
0.990824182637056
0.9913835581726178
99999.98351573362
99999.9953048763
100000.00500948033
99999.98289602238
0.9950228991136847
0.9995466063247305
0.9896387627050265
1.0126743537153828
1.0035999042757764
-0.0030321940464008955
0.012775124321427187
-0.021008604531570586
-0.01049797067065376
0.9926524515771352
1.004497441891486
0.999388354441857
0.9972148829155556
0.9955366133540665
99999.99951199179
99999.99663387613
99999.9973107395
100000.00029059393
0.9972129145303597
0.9899739119621447
0.9882632638180212
1.004343572579965
1.008466070299231
100000.01718669845
100000.00623417087
100000.00814425707
100000.00138155035
1.0050094912093828
0.9908216615441876
1.0056812888430877
1.0026125197505713
1.000808300057345
99999.99017678572
99999.98990378797
100000.01382838542
99999.99988311507
1.0127018190427994
1.003600735999824
0.996714006089807
1.0062888033331387
1.013884426479123
-0.01677106032159968
0.016467217989171206
0.002122081096384821
0.008613926086724195
0.995057209940882
1.0169458629417931
0.993334459698066
1.003941847273363
0.9993776913178737
99999.99671760491
99999.99552722862
100000.01072794147
99999.99078570413
1.00110554363606
0.9919644967134316
0.9938049048048114
0.9995293840252419
1.0071223310794313
99999.99598903893
100000.01028586832
99999.9995377917
99999.99617061019
0.9913129160651301
0.9832017453616152
0.9851921671367253
0.9995966668565309
0.998076475799556
99999.98036960646
100000.00142808333
100000.007106996
100000.00035067862
1.015665487498913
0.9976524723168338
0.9900497138188556
1.0084374069768758
1.0078993504568603
0.014377314817935756
0.009651137795674749
-0.021634595428703888
0.001015752445752406
1.0047732321613312
0.9854873328006241
1.0018211268375907
1.000480106766021
1.000220089673284
99999.99761556396
99999.99754081064
100000.00073950474
100000.00014482635
0.9970459568343647
1.012528259489223
0.9998522082498184
1.0153001204697556
1.0049799963496655
100000.01792085948
100000.0084800168
99999.98708983864
100000.0060634859
1.0113335870630047
0.9940078164146552
1.0049319524031146
1.0140410748175874
1.0079427882354153
1.0016361788180645
0.9840617685521386
1.0143644572610577
1.0027271521404157
100000.0009090586
100000.0141549409
99999.99534778073
100000.01363915933
1.013064023368346
0.9931571781912889
1.0107522412566858
1.0015484827632046
0.9863046741156029
100000.00551680321
100000.00468543255
100000.02635635673
100000.00463445966
0.9984263269403618
0.9951299023705623
0.9844307187361477
0.9859204605439122
1.0199715379596135
-0.016827665477111335
0.004780430181854495
0.026032181608797052
-0.01748193374726059
1.0159381668646514
1.005904760525369
0.9882516380815879
1.0056245547573441
0.9929157844129206
100000.00265642087
99999.99040663398
100000.01471750163
100000.01181363498
1.0021843011910754
0.993516281156001
1.0111629982075385
0.9981992755263432
0.990186198044146
99999.98470042685
100000.0020632592
99999.98379677498
100000.00090708904
0.994112678306292
0.9843243506521433
1.00528098499359
0.9920673899860959
1.0110785614716116
99999.99103554983
100000.01575961076
99999.99486131215
100000.00106042593
1.0129237016019836
0.9983848246104058
1.00851257431023
1.0018733170048144
1.0155078482925968
-0.002290528942430319
0.016936391557391947
0.010834332872434502
-0.0027834051378315774
0.9945794498603153
1.0076015780644734
1.0169217799234433
1.0011671056171563
1.0037310751898676
99999.99006110927
100000.02218426162
100000.00869483473
99999.99992757384
0.9923633365555121
1.019254113367726
1.0071903766563615
0.9891004521298582
1.0017179770640205
100000.00471956887
100000.02067858489
100000.00931281043
99999.99451043709
1.0034819453389068
0.9882986908581546
1.0001898437257049
1.010335093545034
0.9818973111301638
100000.00092255569
100000.00032919146
100000.00215133173
100000.00711903565
0.9916316612716638
0.987070243728212
1.0001002516154938
1.0152199263205313
0.9884566370871151
-0.0012158023771581805
-4.0232550136380907E-4
0.009110696354321622
0.011797847626550537
0.9955023107005951
0.994221330429095
0.990953805154975
0.9954852210280187
1.000660948211992
99999.99192750103
99999.98721079247
100000.00418973615
100000.00682823666
0.9815692479026662
1.0099645976399707
0.9895188782892587
0.9964243181682051
1.0099396275241448
99999.99472052416
99999.9894287104
100000.01832646028
100000.00116353006
0.9838052591089989
0.9846464109001787
1.006651310032973
0.987229829039766
0.9926201855959993
100000.00404233986
100000.01294073687
100000.01144745627
99999.99114877702
0.9980093938638538
1.0018805041946073
1.0131059954844222
0.9999110443160284
0.9922003201674376
0.01190172343044111
-0.01441984492274835
0.01284726052252406
-5.067748339264168E-4
1.005921141148278
0.9978940491603232
1.0080659383347295
1.0074403854572447
0.9823078452030553
100000.00507537353
100000.00126296555
100000.00260294268
99999.97703532215
0.9943660657071959
1.0023627404403614
1.0006495333523369
0.9907691228376145
1.004392853328541
100000.00048410874
100000.0127454488
100000.00856585872
100000.00220779286
1.0160638970063827
1.0056069545088238
1.0091798898340578
0.9974018388929964
0.9899931423050765
100000.00511165822
100000.01206419141
100000.01492286964
99999.985138675
1.0110960451350388
0.9980798477825618
1.001435771936878
0.9924217802452032
0.9955544293179391
0.01356661287916261
-0.015455190885647998
0.007274004183487318
0.006840304460168557
0.9983555387762841
0.995492789334074
0.9978999502953171
1.0098359001490138
0.9870696533956614
100000.00251319396
99999.99073195556
100000.00785330174
100000.00042670748
0.9863761083463864
1.000853897611337
0.9886820564767006
1.006588537126139
0.9967186051098502
100000.01193061478
100000.00525017177
100000.01191129918
99999.99694911476
1.0078901225220545
0.9761297910935983
1.007823936478162
0.9861512431197922
1.0163331209218576
100000.01012994575
99999.98617450443
99999.98930726937
100000.01208137684
0.9902599002019049
1.0003886324607205
0.9901179131630737
1.0037324033127446
1.0166033736691549
8.990853213761069E-4
0.01124897968599579
-0.00465317432410856
-0.00911125813951232
1.0238418605349606
0.9819190031121937
0.9947704367064251
0.9973243566842331
0.9993595127075046
100000.00303242578
99999.98449662115
100000.00410685172
100000.0102415947
0.9990389962938327
0.9916888537664638
1.0041533816217796
1.004257055773525
0.9843789368534054
0.9960861825978231
0.9868149272481714
0.9856426151640161
0.9830706819080279
100000.00678379698
100000.01052187968
100000.0155413838
99999.9852913312
1.0089934028908163
0.999453935902544
1.004798540299165
0.9814064311998769
1.0274047267038435
100000.00084844214
100000.00403833475
100000.00711401108
99999.99962027493
1.003850745640133
1.008242174306357
1.0148816337403002
1.0174935898119692
1.0068160536397994
-3.448447892041551E-5
0.005879290601102465
-0.0031766203633546205
0.017469091768924687
0.9924686041387748
0.9987970880571723
1.004783961657293
0.9863358556994284
1.0166847999583104
99999.9898497838
100000.00697893235
100000.0161276223
99999.99678891883
1.0091132664198939
1.013041629244803
0.9946078060342006
1.0034056017223016
1.0056110668481428
99999.99820899896
99999.98876366187
99999.99758505292
99999.9885611809
0.9990101622496225
0.9861479055070203
1.0080341447109948
1.0002864888471044
0.9854964263264291
99999.99588711199
99999.99332264664
99999.99242378215
99999.99930517412
0.9877582067189534
1.001593386526762
0.9958617773181265
1.0076914140241178
1.005545711056613
-8.78297411932108E-4
-0.004545919853866347
-0.008891643659513162
0.003694965745265635
0.9863877367401033
1.0201503610295197
0.9945681528497929
0.9993806696753416
0.9890206292641144
100000.00958734863
100000.00483962888
100000.00935781913
100000.00156092923
1.01801665847436
0.9797969169753455
0.9904839357917313
0.9892707070654512
0.9849669168645694
100000.01646085648
99999.98318645361
99999.99352102191
99999.98599717605
1.0081724450512668
1.0050121493027966
0.9946320373399776
0.9996973937138705
0.9977829629872178
99999.99077390353
99999.98921752781
100000.0100660774
100000.00285854145
0.9928877120498939
0.9888150452546574
0.9913852533187028
0.9908927489065638
0.999148461496684
-0.011323416511962961
-0.0029696787815042033
-0.003190048630012876
-1.7310263268314634E-4
1.0181232917564929
1.0043093347127632
1.0033431260313335
0.9986921737438
1.0006942565796173
99999.9925705889
100000.0239347956
99999.99860624509
99999.98863689367
0.9923939215983465
1.0059847800667039
0.9908563640588715
1.0087831369045572
1.001249748640698
99999.9990206858
99999.97083766622
100000.01520686522
99999.99782448834
1.006468814942653
0.9997714929538052
0.9994521854602624
1.0093561118907735
1.0085801440724431
100000.00144400088
100000.00053513088
99999.99640174674
99999.99796095949
0.999481530490769
1.0030173003508214
0.9997162383044721
1.011813765953337
1.010241250449646
-2.8680160942117807E-4
-0.013021904765078154
-0.00978686560277622
2.165520247039063E-4
1.0118133956498083
1.0006692092963794
0.9833701037015327
0.9992156127832784
1.0056822659281168
100000.00096582863
99999.99792095282
100000.00282097732
100000.01186831274
1.0019990335447362
1.0016506733993398
0.9950883011037055
0.9773188090672148
1.0006327423193548
99999.99572646763
99999.97664324674
100000.00518399371
99999.97706937365
0.9941158073690418
0.9745848849001062
0.9943645701944446
0.9925561812444036
0.995757186625511
99999.99622357418
100000.01987961004
99999.9932395277
99999.99689846703
0.9970694788851356
0.9980414727604714
0.9993977459740804
1.009743931988081
0.9827095169699347
-0.015525211343251478
0.009324218039280715
-0.005074761728129547
0.0067319119861317875
1.0064171221512177
0.9964527733031714
0.9933752438792764
1.0140020421929934
0.995580255831191
99999.99615732068
99999.99741639882
99999.98892490074
100000.00751444936
1.0014545627213636
1.007780319200307
0.9900142991386406
1.0046421159698642
1.0062463074816415
99999.99064181153
99999.9812585839
100000.01679964445
100000.01158769106
0.9757956447055982
1.0201088182861964
0.9799807789808517
1.0071483237518741
0.9889612636357282
99999.98958117528
99999.99768164445
99999.99381105935
99999.98604575172
1.0190244146181358
1.0031526963004183
1.0097046683778559
0.998759820587736
0.9986562358848354
-0.010449500036194874
-0.007563933604450376
0.0012276881664664509
0.005446831467395641
0.9974145135135722
1.0020181476573795
0.9935558944179275
1.0086095608690284
1.0141680729099418
100000.00553978031
99999.98850493837
99999.99354490901
99999.99935281624
0.9934090365807056
1.008022357115891
1.0001261243501793
1.0033642723255853
0.9955409173240573
0.9959413496038073
1.0038411366373856
0.9982010455307138
1.0111200871120867
99999.99768711785
99999.99373161791
99999.9983921587
99999.99903892656
0.996407266942989
1.0081624735345946
1.0057088003367094
0.9955249826886092
0.9980952205208259
100000.00728678271
99999.99782070126
99999.99480192544
100000.01437477309
0.9894750777893855
1.0015391302980423
0.9921902610626263
1.0072115230179286
0.9897978491989555
100000.00521242515
99999.98686438349
100000.01610145296
100000.00606201419
1.010998904140125
1.0056704751128578
0.9923425154037003
0.9854193070119072
0.9967064834663469
-0.004294170106747755
-0.002047936688174764
0.0015926079722159098
0.022234275503524668
1.0073908469693322
0.9951346944144397
1.0039768848463322
1.0110154256600314
0.9933341936353467
99999.9935380093
100000.00260745677
100000.0080526362
100000.01712781971
1.0124118351941669
1.0041241129744738
0.9900906921006201
0.98282173044427
1.0103861500029807
100000.0016917802
99999.98799812344
99999.9898324557
100000.00351346539
0.9924011407283723
1.0000735296546739
0.9966513457315601
1.0028853190316218
0.9918230330979891
100000.00939534215
99999.99683936864
100000.00425410319
99999.99855513602
1.0052019362058708
0.9958143627439334
0.983672720404393
1.004210754619465
0.9885656978374568
-0.009189990538184072
-0.010694185605495692
0.006992036558605938
-0.007262344954758549
1.0059661511936517
1.0043238878977827
0.9971776742405316
1.004281030439819
0.9991672379408391
99999.99010043194
100000.00720070553
99999.99124203055
100000.00005531644
0.9843449887871316
1.0047640694399311
1.0007918420324835
1.0076113990533313
1.0021312766470782
99999.99548787932
100000.00816799793
100000.02023008453
100000.00767787454
0.9870133593509369
0.992955418478034
0.9995775698027446
0.9980259114734813
0.9957765205063724
100000.00092451839
99999.99682200437
99999.99477478053
100000.00229536145
0.9956920251947783
1.0001661865659994
0.9897311630787127
1.0073451005591272
0.9996308330637156
0.008440792110326391
-0.0042886910202395555
-0.011245646490765815
0.010442247404507329
1.002680932683795
1.0150250665631113
0.9822188597306832
1.0049389771513229
0.9974164000658124
99999.99416101392
99999.99808464668
99999.9933120421
99999.99827145305
1.0009445967521653
0.9904233076691008
0.9892250423688943
0.9875245500707456
0.9993631743930834
100000.00992027698
99999.99217151932
99999.99865763365
100000.0005553138
0.9894071864934155
1.0120214398599983
1.004214519666336
0.9934787452036361
0.9933384054046197
100000.01875627029
100000.00066353807
100000.01729730789
100000.00845141427
1.0062104239854037
0.9966858909485675
0.9929403076061386
0.9882964652175125
0.9951454448687576
-0.011159113183623271
-0.013494388800032406
1.1453048603684763E-4
-0.007315860301193425
0.9935515203392994
0.9983237085610471
0.9968809338740731
0.9889308375154815
1.0059075364781525
99999.98412728474
99999.99997354363
100000.00861828867
99999.9868064098
1.0102139419621432
0.98867072589541
1.019367689232057
1.0038313336139784
1.0095546919257903
100000.00537581825
100000.0038845866
100000.01457206966
99999.99558283904
0.9919112323138527
0.9816182524304295
0.9916171562752906
0.9989067803133415
0.993151595359254
100000.00650675355
100000.00874372336
99999.98538181826
100000.00567060079
0.9987118294088791
0.979337399655936
0.9892147034966561
0.9874220927801503
0.9950371914541082
-0.007784566416620904
0.004061562540812317
0.021276109041275443
0.012282516364064978
0.9962298777622905
0.9930553927868222
1.0108913273553326
0.9790326473193985
0.9882449225861483
100000.01825302267
100000.00696731913
99999.99508931984
100000.00668799866
0.9942526412088001
1.00301634348325
1.0113859682292552
0.9945632751968931
0.9961422175226362
99999.98634272981
100000.00424988683
99999.98640484166
99999.99950047949
1.0029079536009677
0.9950848070247131
0.998333853583556
1.0045072942024158
1.012017560000958
100000.0006960051
99999.9965476086
100000.01198148062
100000.0138180705
1.0214589613730771
1.011820448872458
1.0032041146031225
1.005287338900409
0.979081970616646
-0.015113059096435255
-5.507719890230877E-4
-0.010095183935194027
-0.002696362065581498
1.0000679256651093
0.9943475522811885
0.9825057788316188
0.994502070959625
1.0027229184403024
0.9897006367318345
1.0143946099515744
0.991987456092139
-0.015811319077613795
1.0042676309357814
0.9824541743657751
0.980328722060465
1.0096866937199758
100000.00412041467
1.0027731989713489
1.022147042174747
0.9918467817143134
1.0085055279698882
99999.99673456332
0.990652146458795
1.0069210511120499
0.9997414992169783
1.0033157734488174
100000.02056157222
0.9956463097382177
1.006402243569818
1.0046381433292244
0.9977149667784254
-0.004891632525466618
1.0037910717948484
1.008802754107137
0.9902110095064849
1.0039867000349776
99999.99059229139
1.0033492940373885
1.0098178449573834
0.9883058729021585
0.9912217697729047
99999.99025994411
0.9895463988392096
1.0028779314060559
0.9885554481850272
1.0013618927938424
99999.9840414368
1.010432850062155
1.0079009490707627
1.000758831873682
1.002462945918308
0.00936849616894456
1.0104418354094082
1.0090168581664238
0.9963347696116025
1.0155923361314023
99999.9850123222
1.0032273785448687
0.9970280784169302
0.9981908725070923
1.0102309029560432
100000.01295918896
0.9981256750825463
1.0086778251938935
0.9971226062267105
0.990691550155248
99999.9922888518
0.9951101546772686
0.9969128934892024
0.9908243568799863
0.9997046130150293
-0.00566117610899712
0.9956068985470388
1.0048335531654022
0.9809132617545334
1.0058874381525034
99999.97653217927
1.0105224081429354
0.9850459696454326
0.986662337607236
1.0068011059464241
100000.02043371937
0.9981256232958717
1.0052451395545474
0.9976860030435967
1.0027123029817353
100000.00533612602
1.002272018171864
0.9890744185010796
0.9990411183453219
0.9941079034633238
-0.01603262277290419
1.0056027276285728
1.014380351233547
0.9959682155607349
0.9940151045879174
99999.99000631686
1.008944301677385
0.9972381942600484
0.9767516341659215
0.9873943896868408
99999.9856279379
1.0087540952380583
0.9910753115931223
0.9756971196398296
1.0172810260283116
100000.01599820856
0.9716028953651619
1.001765424266907
1.0015095928849078
1.002679933876189
0.012462417831661366
0.9889274109449946
1.0030673882781045
0.9853931792278368
0.986813903487596
100000.00263264863
1.0010884178739483
0.9889712848237658
0.9959323133664783
1.008447848147045
100000.01865054664
1.0048584243575245
1.0053400446156924
0.9925225239399018
1.0108519588540295
100000.00540457747
0.001789700674243524
100000.00382504454
100000.00067700427
99999.99976414733
0.9908639528040359
1.015373659314327
0.9989900637707365
1.0008510800182642
0.9828782321950852
-0.0014059753310739882
0.006872826815824372
0.004832771295748591
3.835518620597058E-5
0.9909019794594145
0.9950579236863631
0.9871703962291125
0.9976158957806697
0.995574210062513
100000.00507381093
99999.99568466938
99999.99639466913
99999.99511450877
0.9999123977722224
0.9975782325004169
1.0064817913405535
0.9910174894278196
0.9917836005568192
100000.00630818015
100000.00712219831
99999.99244950975
99999.99956264217
0.991453410456979
0.9967988859570706
0.9888488030717428
0.9957034395333526
1.000681831077377
99999.99840736283
100000.00698215411
99999.98795886734
99999.98925140387
0.9873106922131539
1.0068148660052059
0.9967128647232488
1.0060163299577458
1.0016727745832978
0.0013276136876818113
-0.011787732133303648
-0.01401928104763897
-0.002188760377724735
1.0173085567567763
0.9918768337153131
0.9930743973386554
0.9856684472213305
0.9982308382038808
99999.98952872062
99999.98930170752
100000.01231920415
100000.00764760197
1.0040065867228942
0.9739687789010915
1.0053686156666748
1.006269914406298
0.9971239188551856
100000.0052163591
99999.99281354556
100000.01575848371
100000.00503691964
1.0057014840524148
1.0028948163124891
1.0019389607514646
0.9904593881024714
1.0063113889842656
100000.0057024635
100000.00926695042
100000.01440623637
100000.00685218562
0.994699300834251
1.0038092513845538
0.9991369298536263
1.0023904308620952
0.9958474353615969
0.007400061336873189
-0.003134481222021203
-0.011742188071143479
-3.2132133295388686E-4
0.993639162471433
1.0220999700491855
1.009383336896838
0.9995657914068795
1.0352358111392748
100000.00158471304
100000.01218647827
100000.00551221934
99999.99596367439
0.9868156113411559
0.9981280085601194
0.9988889816069169
1.0186815243215839
1.016795816989012
99999.9939539133
100000.00528314376
99999.98600489725
99999.9804399834
1.0001133194569447
0.9891248770577395
1.0048808817153208
1.014195882916533
0.9916996058204511
99999.99153794651
100000.00729778408
99999.98152789827
100000.00090432972
1.0028448891409898
0.9935131963614583
1.0014457109647035
1.0078037336948475
0.9977245024676296
0.0018020426469921183
-0.0319804544028581
0.01102841512208366
-0.0032669359362473356
0.9947036646683536
0.9773467651724116
1.0206269949156042
0.9946179831456213
1.0072563185178318
100000.02297528056
99999.996869244
100000.00060571883
100000.01722887301
1.0190037607287201
1.0105067402904269
0.9891325157911879
0.9880161961432679
0.9977887792836789
100000.0110086538
100000.00305038011
99999.99369235664
100000.00754307846
1.0050464025614982
0.9888564919628229
0.9967431076820553
0.9993601187566856
1.0015750178931624
99999.97508947505
99999.99795038298
99999.97681407294
99999.98872979189
0.9956596274522749
0.9754847844177529
0.9793996173572809
1.0281900678033709
0.9962988238719955
-0.006257681431504954
0.0038475744238030346
-0.0101543774702347
0.019062304944063094
0.995952079954663
0.9815174115713612
0.9984987657422292
0.9895719977209975
0.997240341234809
99999.96463730285
99999.99908275377
100000.00860752338
99999.99488977398
0.9973933302776017
1.003139275970845
1.0078842317427186
1.007185390251926
0.999973216549772
99999.99509655402
100000.01026443872
100000.01313385223
100000.00515086782
1.0103955404810752
1.0110854988649323
0.9938284155542774
0.9921374845272385
1.0109995165539178
100000.00098325811
99999.98989007315
100000.00508892014
100000.00709017541
0.9919222279271868
1.008329981893359
1.0024404673639327
1.0106923413082995
0.9845208236934346
-0.010010746573357066
0.0025786945506914246
-0.0012025543109377525
0.008054932023289172
0.992619765662219
0.9908960112645963
1.0049099405110338
1.003509927879688
0.9948514788112296
99999.99938527745
99999.99449325078
99999.9935537023
100000.00758860128
0.9876244554822964
0.9954103904189235
0.9933212065103073
0.9861460237913784
1.0028871600143148
99999.97176136721
99999.99830174028
99999.98748794035
100000.00245397973
1.022229168704283
1.0009155467616093
1.0000077023023672
1.0111534686391652
1.0023024277975014
99999.99812395216
99999.9906382012
99999.99043002105
99999.99699339477
0.9926721515355049
0.9848863875405168
1.0124380147044565
1.0014679105920221
0.9936163159443591
0.996669346275374
0.9973933501697785
0.9943492076519487
0.9831142765841215
99999.99180236767
99999.9828224779
99999.9914812802
100000.0032230672
0.9975302285337145
1.0052656932585753
1.0103870753874946
0.9975362713276358
1.0034551798202143
-0.004870038381620073
-0.004327174078507273
-0.001055740585726531
-0.010776532013796792
1.0001145394429942
0.9879936699124379
0.9923456197572573
1.00083170435634
1.002390052878512
99999.99270486528
100000.00444207396
99999.99335119725
99999.99499508683
1.0043267685174169
1.0112631441609945
1.0020163175635417
1.006528534090751
0.987230968939916
99999.98542069981
99999.99581603764
99999.99730237077
100000.01090052759
1.00458723217313
1.0118760595604548
0.9957944976150684
0.9942504230907007
1.0015831093357113
99999.99439059616
100000.0015858775
100000.00652502202
100000.00905515307
1.0084932738552794
1.0190605117180842
0.993902796408814
1.0073812498297041
1.0059776338720203
0.003727384969398611
-0.006930470915058285
-0.0041630741893668695
-8.15264651693024E-4
0.991106094491948
1.0024564595435248
0.9961380603502585
0.9800923540426656
0.989162866227316
99999.98797227221
100000.0034061249
100000.01270408448
99999.98356683098
1.0036818426889906
0.9979769740577418
1.0059021966626573
0.9947113580917433
0.9891499003543003
100000.00190370459
100000.00070271088
100000.01523199784
99999.99648580178
1.0093976317591369
1.003038765514698
1.0060357186637618
1.002685182150603
0.9900060099466063
99999.98145962742
99999.99531573475
99999.99661196515
99999.99329704397
1.0036381751096022
1.0073060733939834
0.9955861212009744
1.0005285266633108
0.9883539107785102
5.885410495689801E-4
0.0114086579491038
6.735129512068878E-4
0.008633168074221933
0.9929286505251494
1.0095763819367842
0.9974672686315036
0.986440963287101
1.0109476362371372
100000.00524754652
100000.01650499726
100000.00746158807
99999.9994748347
1.0056030597019303
0.9867882011154802
0.9978940195069289
1.0003629129784222
1.0120616666305973
100000.01615254761
100000.00982758446
100000.00429332521
100000.00492535802
0.999172585073346
1.0002146460187284
0.9935125980721643
0.99083595581675
0.9927722709890339
100000.02214927302
100000.00481756368
100000.00536990145
99999.98556001553
1.00533211278249
0.9933612292054318
1.0117753822738045
0.9814001619954474
0.9985954912248841
0.0025002786585246657
0.004418530603343634
-3.285166477468835E-4
-0.009910985052913893
0.9897059901947138
0.9860751088875457
0.9921625270156298
1.0220654626156527
1.0077855051307663
99999.9977859909
100000.00549215381
99999.97501838008
100000.00670869296
1.0182196705483941
1.002789128857437
1.0040667368141396
0.9982624966257319
1.0143382528907614
100000.00118590677
100000.00811744641
100000.00519527336
100000.00719705608
1.0023170842221618
1.004449619948691
0.9942461935900917
1.011953253089249
0.999459008554477
100000.00466622831
99999.9896409664
99999.99217012634
99999.98116445413
0.9930007542022337
0.9901505847453858
0.989050229619628
1.0146843306339237
1.0063927006776598
-0.01671797660491377
0.005786512933971251
-0.006115996473353582
-0.0073958468385329525
0.9987688061984983
1.0023144630267145
0.9957794977389582
1.0010750556554244
0.9780002707076101
100000.00023448892
99999.99237000427
99999.99684755097
99999.99323593835
1.002422130317642
1.0100243425394777
0.992148650080057
0.9931465852494289
1.0024416440408837
100000.03045166876
99999.99642142703
99999.99765789765
100000.01044599152
1.0000384819406547
1.0108352073315674
1.0078578084379084
0.9986172050646354
1.0011456392416307
100000.00085967426
99999.98527788054
100000.02105683768
99999.99867767257
0.9918022641819296
1.0207295754344308
0.9966974436636525
1.0216556419049463
1.0036118509273524
0.0014211472570105153
-0.006978617789789797
0.010548921388190862
1.7095413402713107E-4
0.996105220878207
1.000376371353259
0.9909080036723409
1.0118548061471384
0.9956630916169694
99999.98732649388
100000.01024422956
99999.97498527035
99999.9935246083
0.9948255445102518
1.0072942914109118
0.9817069069336526
0.9951462580334879
1.0008692843004972
99999.98823936643
100000.01155257107
99999.9986058263
100000.0081027487
1.0033250080682665
0.9947130377799522
0.9993392113160154
0.9984764594963614
1.0063049134721573
1.0027977310134606
1.0027405138795356
0.9937754326477133
0.9925164491138397
100000.00029389575
100000.00408089819
99999.9941330633
99999.99904478615
0.9884046106910208
0.9969895998839137
0.9767673307955977
1.0075808105501196
1.0058259063637118
100000.00603287588
99999.99651216145
100000.00617051897
99999.99283696996
1.0232005832188942
0.9841594160600557
0.99113293044044
0.9814995402884887
1.0166451212858516
100000.00591502624
99999.9822660056
100000.00139066907
100000.0105391273
0.9720769010757828
1.0168885958691005
1.0020820426585102
1.0041936418213087
1.004562569116753
0.010691031618919383
-0.029290582295963225
-0.0016704319451315555
0.007774926764494888
0.9945037808752466
0.9953202760149141
0.9957165383571173
1.0067630914066952
1.0181616082948604
99999.99065353083
99999.99065097613
99999.98969129373
100000.00555846051
1.0074900426075197
1.0031897302430133
0.9930157931794744
1.0099724445120026
1.0027085726683012
99999.98874815981
100000.00769303099
100000.00438788244
99999.98756117116
0.9877661967327385
1.0211462499548238
1.0022547475093824
1.011440258586035
1.0001147139482658
99999.9983955917
99999.99566588132
100000.00895847322
99999.97686988073
1.0010280220826573
0.9843190406608451
0.9955131681986317
1.008028299632758
0.9910713516776848
-0.0029357970685107517
0.0018208121981231405
-0.003489147177719613
0.0012090101067681878
0.99146428788661
1.005079463256192
0.9957195400672042
0.9937762840113659
1.0028725309756934
99999.99349138222
99999.99918039174
100000.00682415014
99999.99855396184
1.0035115367662024
1.0094419886410337
1.0233246992448257
0.9916834821634255
1.010530661120384
99999.98980452812
99999.99246500102
100000.01028196611
99999.99405742582
1.0149830314028494
1.0094252640628578
1.0005631905929602
0.9980625625160303
0.9845944532538556
100000.0091103754
100000.0048344198
100000.00422262213
99999.9960589826
0.9879828547992677
1.0086144699423516
1.0150815766752581
1.0218793400290362
0.9964985388835996
0.003460635585536577
0.013587160163613556
-0.001379969627877365
-0.016257303491415808
0.9935160696455189
1.0016153802132914
0.9951716880684895
0.9877871889919025
0.9919094227187181
99999.98971146766
99999.99583261547
100000.00462254524
99999.99664729463
0.9967819634605624
1.0147132173158249
0.9815565925261802
1.0095085958917036
0.9946706784696512
99999.99867988763
100000.0032900412
99999.98869746468
100000.0114654469
1.0057688782777936
0.9999170526461971
1.004766226665327
0.9988240034825102
0.9870430455896397
100000.00228366302
99999.99889961431
99999.99407261147
99999.98880811673
1.001670428279498
0.9784933177966764
1.0006165354089958
1.007277257114082
1.0001727972992065
0.001204817640275375
-0.003949264118167662
0.0018795456964261124
0.009907951567063021
1.0047620941891293
0.9979281797574405
1.001427639031159
0.9900457396446198
1.004288394517602
100000.00103700055
99999.99232053167
99999.98509969363
99999.99683925108
1.0122003450803783
1.0173848443807045
0.9927271983388211
0.9959841098549379
1.007050266318429
99999.99480133175
99999.98237959866
100000.00134648394
99999.98901471778
0.9970243448829992
1.0011554073933868
1.0076096841221316
0.9935869882536315
0.9987201741937024
100000.00006089835
99999.97829553926
100000.00088371962
100000.00539239871
1.0236671335041814
0.98907439900006
1.0031650814003943
1.0039742786465984
1.0010811128398902
-0.007749886442242663
0.017555424739647302
6.383203649340792E-4
0.006936454107891645
0.9913480996161372
1.0170312524955558
1.0226899723495182
0.9983897122881793
1.0096200896790126
100000.0051188247
99999.9723044016
99999.99559240186
99999.99622219574
0.9903584483946558
1.014491761227959
1.0049725733143042
1.005399345991329
1.0027337192990247
100000.00152508767
99999.99037104782
99999.98880574734
100000.00029286859
0.9964330829736653
1.0145104770967086
0.9959628965318974
0.9978387459767862
0.998091678500329
99999.99638356024
100000.00431697346
100000.00183849099
100000.01052164978
0.9999833440448094
1.0036056212436453
1.0106195023365925
1.0017054135492633
0.9998573806622236
-0.007437933341709641
-0.012679434150155173
-0.0023622452338431525
-0.006706882493849279
1.004666154936328
1.009286305105412
1.0120244778299727
0.9896716167412105
1.0030158881110596
0.9991692121699463
0.9918355342379682
1.0196748153156696
0.9939131623428321
99999.99074582172
99999.98464068673
99999.9838862618
99999.9821144663
1.0087099687132821
0.9984867972394548
1.0022040421562621
1.0084126327015333
0.9876223221716884
99999.98971778128
100000.0032114653
100000.01954310741
99999.99913316093
0.98966437722245
0.977756099849058
0.9957763091443046
0.9898785318655223
1.005545314147204
-0.00655832481453695
0.0018117174816228774
-0.0014017109278413398
-0.01081464540989358
0.9968287708934703
1.0040890533462001
1.0112935865910018
0.9926789062487985
0.9787508669802543
99999.99937387451
99999.99847923902
99999.99158411198
100000.0025922558
0.9970061176937957
1.020161476740761
0.989964486763699
0.9907676499986924
1.0185728496334123
100000.00090126894
99999.99768305698
99999.99188919026
100000.01803995692
1.0008592015918776
0.9894019758322007
0.9959552415498237
1.0111866087278536
1.006725330295213
100000.00044107057
99999.98391239443
99999.99044451641
100000.00116486814
0.99790732292441
1.0018068883735363
0.9862682990493009
1.0237172719753636
0.981454985522868
-0.0013369540750513332
0.0021084852956218406
-0.011915611586285804
-0.017948610512350034
0.9945353984977623
0.9900545628533605
0.9931819723596192
0.9986802504420473
0.9919737991427926
99999.99734773242
100000.0121829268
99999.99500164608
100000.0006728412
0.9924349068626315
1.0005246490394377
1.0112923345738443
1.0053074860980264
0.9927863816847939
100000.00986644253
100000.00847818599
100000.01840194775
100000.01203641055
1.010065663557229
1.002165832934606
0.9934922847868208
0.9974508444985672
1.0102167193540026
100000.00516549443
100000.0029677888
100000.00719934236
99999.9886819026
0.9845892132180296
0.9891319467589913
1.0069024307416818
0.9894856268166979
1.0049641263732294
0.0060225236338455265
0.010440966545582702
0.009046634848560635
0.006298622066701777
1.0103482879076982
0.9974215977801436
0.9921484595139323
1.0025713966670384
0.9957693876404234
100000.00901597264
100000.0173084744
100000.00066980704
100000.02194966988
0.9940615235624414
0.9944268161756268
0.9890573721277944
1.012087398997648
0.9949305326949444
99999.9771244427
99999.99492385874
100000.00647067228
99999.97934982397
0.9944122492588932
1.007928294924449
0.9964743553325253
1.0275155085683996
1.0026176949077652
99999.98820432389
99999.9955446028
100000.0054774827
99999.99996307072
0.9945997598609325
1.0067367211326215
0.9901355890347237
0.980486118769656
1.0145752825887862
-0.003537082706603638
0.010091432130451808
-0.0029039740108291173
0.001230962467292722
1.0086127860922085
1.022405593907638
0.9951109432421557
0.9947624176566227
0.997442970409342
99999.98703550795
100000.00710464593
99999.99203253502
99999.99948929899
1.0123518177494215
0.9940325900490289
0.9865403092582214
0.9809540972241925
0.9987344392723511
100000.00110823319
99999.99452832213
100000.00012989913
100000.01308832827
0.9940046023831657
1.0197062188330692
0.9847756803330363
0.9925684470190436
0.9998184192613222
99999.99167076792
100000.02000847888
100000.01389249064
99999.9846948733
1.0050176973666165
1.0076627675434977
0.982126759324268
1.0093568127201598
1.0068253479332911
0.010769045959181099
-0.010580737294637179
-0.01126827422909203
-0.002457762655288233
0.9847904761954485
0.9909291917022258
1.0003067538352919
0.9927398537094103
1.00545524272612
100000.008376106
100000.00387361436
99999.98718780685
99999.98588264451
0.9943195344005762
1.012921391975323
1.0029448118756996
1.003963896614308
1.0096969156903757
99999.9969283805
100000.00790421915
99999.99506098845
100000.00346354514
0.991270002631993
1.010792457307775
0.9987881702464105
1.0044437427316344
0.9915396503549668
99999.98900086663
100000.00084186766
100000.00879833712
99999.99504574417
1.0019333789609832
1.0199021859342152
0.9962832415532008
0.9981192955400877
0.9994728116347154
0.009270354018322404
0.0019115201938221008
0.01386531072042873
-0.007837561467233904
0.9956677995698937
1.0106976618434902
1.0059017901516396
1.021521983699388
0.9914357687548706
100000.00007144932
99999.97424544721
100000.00624414811
99999.98644207428
0.9849243577259857
1.014968113029928
0.9994150354155454
1.0164626029673425
0.9990230142786078
1.008100355722259
0.9862052983474907
1.0090238148188242
0.9852530403533396
100000.0151588873
100000.01215415199
99999.99990900728
99999.99327452444
1.011737259001646
0.9901547389838878
1.024806939814189
1.005657494630427
1.0040699546451075
99999.99924036242
99999.99661365904
100000.01021919237
99999.96382855931
0.991264379015506
1.0117365169864068
0.9997263488174857
0.9715074232994914
0.9848904216254536
99999.99248929138
100000.00423426222
100000.00258304505
99999.97865971648
1.0006290505659068
0.9969975556331692
0.9995724962062492
0.9952103968620023
1.0004014196413966
0.010316803371089875
-7.871623298224677E-4
0.0027113336970320734
-0.012167951476825915
1.0038754713293934
0.9986582746870543
1.0039337384240223
0.997312797653442
0.9944851924431256
100000.00534715918
99999.97883605756
100000.00478245433
100000.01116806209
0.9978988581057573
1.0012224616404473
0.9913443116533587
0.9992475484590534
0.9904328046098276
100000.01110221157
99999.99226945499
99999.99951803916
99999.9863131735
1.0079464333163148
1.0237819133910249
0.9924792673857067
1.0022135139168293
0.9929096650157755
99999.99737192778
99999.99293940698
100000.0023516364
99999.98786970356
1.0055196725100197
1.0153273593802221
0.9955296306111897
1.0085253336934892
1.0120538987636978
-3.230686933317754E-4
0.018449078320381333
-0.00926577248575129
0.01046847845852615
0.9914880684825739
1.0006118029206579
0.9864711697426757
0.9975911857488786
0.9912883171962003
99999.99665878093
100000.000054856
100000.00159188024
100000.00628084315
0.9992147716619215
1.0099605173677482
1.0106872427447289
1.0042999035117728
0.9985549044873137
99999.98678555217
99999.98586959379
100000.01595486417
100000.01071397739
1.0223084206026125
1.0060896621414646
1.0016466702507536
0.9917730561970871
1.0187523844791087
100000.00936939521
100000.01225424933
100000.0081648715
100000.0205354549
0.9835177881660725
1.0034625360947245
1.0078017788201605
0.9944130361999572
1.0027978715084984
-0.0028563449410378724
-0.012268986471577209
-0.013544873516506057
0.003925725006203544
1.0051425912776655
1.0180540938376972
0.9733378525761804
0.9831651590470498
1.0090876923732222
99999.97304651602
99999.99370394033
99999.99408641549
99999.988754953
0.9939780788829968
0.9894602944400507
1.0056681911643919
1.0062616079584206
0.9970791290958764
100000.00213160305
100000.0129384042
100000.00418161898
100000.0028173313
0.9809225756478298
1.009207065727164
1.0222298477613334
1.0014459516260164
0.9932182796672522
99999.98416387926
99999.99989175494
99999.99577961076
100000.00526921386
0.9852327269180259
1.0026037798419147
0.995345119697655
0.997556889771501
0.9901663623874845
0.016606406970280953
-0.009912781207104033
-0.00997841191196181
-0.00591910469851613
1.0072535856777016
0.990576256220789
1.0067201681223619
0.996463801618118
0.9945972093340265
100000.00964169967
99999.9824394457
99999.98825018412
100000.00537948355
1.0082190082852986
1.0163106721233734
1.009159439009487
1.0032271519087195
1.0039148821025143
99999.99338920454
99999.99227249394
100000.01160564592
99999.99146946435
1.0070916396336809
1.0140753716512552
0.9931941722573936
0.9928095777741403
0.9997542478433693
99999.99682720336
99999.99435213492
100000.00410480726
99999.98970451526
0.9920023312129858
0.9910625487847767
0.9984685048866434
1.0071333726978329
1.0070360032343881
-3.795075543568572E-4
0.0076921022255455156
-1.1296086145126346E-4
-0.019580810871507728
1.0103857000031482
1.0101527086955213
1.0045794165222075
1.0126332445823947
1.024834219387401
100000.00345637354
99999.99649179469
99999.99520732605
99999.9899671135
1.0115106639693558
0.9821600437436093
0.9944085980953874
1.008452948684984
0.9787185166392756
99999.98622101081
100000.00570903455
99999.99632757153
100000.00781396701
0.9905853605114191
1.0015600538788618
1.0002472770533055
1.0098441517921015
0.9991129472422389
99999.98714131999
99999.99162356464
99999.99556416064
100000.00465061977
0.9935061779641486
0.9973631869806935
0.9844518807338644
1.010527310096252
0.986712553631074
-0.019442508545567883
0.009391131435232932
-0.0075755988755101655
0.01730888431752375
0.9945311072495928
1.019587429890184
0.9999923710423076
1.0040917117597183
1.0029051646966043
0.9920999633436564
1.0180539563743918
1.0083434641518154
-0.012135204463681222
1.001851720650721
0.9907365533098292
0.9991793005009661
1.0088193090902322
100000.0131069469
0.9958139994493191
1.0057332249004818
1.004769315341387
0.9974084582637166
99999.99820178603
1.0126114063272493
1.006040852372826
1.0182461948733201
0.9980568634831484
99999.9981218264
1.0008802937002412
0.9716646396487748
1.019902706061082
0.9974106007791887
-7.233124136166115E-4
1.0120417417476877
1.0023543148679785
1.0050840070909945
1.0042615800979948
100000.00263271286
1.0184769717788222
1.000534013939597
0.9828720228155059
0.9870308684768738
100000.0097785901
0.9991227200956608
1.0058562898529786
0.9925373036697751
0.9747815412529512
100000.00406107055
1.0009435644741274
0.9976815077275949
1.00132248277842
0.996993497031266
-0.003397991819722116
0.9983484518523237
1.0045972917383175
0.9912404388768491
0.9979567147227408
100000.00744993772
1.013015231578835
1.0014351239840789
1.0010372056405201
0.99553472595929
99999.99797921485
1.0160268072882357
1.006166662774223
1.0062076831562212
0.9931058112207488
100000.01124231596
1.0019680778088793
0.999641828811959
1.011714245443418
1.0076198537022028
0.012402391353511432
1.016901430350927
0.9985487835130247
0.9974186144936733
0.996184243910874
99999.98748450723
0.9984876325221692
0.9983650137246907
1.0009365541666213
1.0004027855338482
100000.00679961666
1.01391631610338
1.0013559970527732
0.9957652583493363
1.0040557940050072
99999.98297271122
0.9988187755530359
1.014467379172015
1.027708115388188
0.9902517411434066
0.0201235973010763
1.0045956638293276
1.0005502446464996
0.9975067821268121
1.0057870005976421
100000.00259851382
0.9913056890549242
1.0160248903036322
0.9907934475273298
0.997853835772839
99999.99178226448
0.994097924168385
1.0100134461204335
1.0055158164923046
0.9996016198538422
99999.98876561165
0.9953322684625131
0.9973040578026161
1.0047028188335674
0.9911331037595092
-0.014414114886932576
1.0024653738993423
1.0037701430620662
1.0095544003876353
1.001274736174029
99999.99864108473
1.0002943312643502
0.9967055679361546
0.987829365190906
0.9948886072708302
100000.00306516212
1.0098179546154333
1.0025266504231902
0.9894809955452505
0.9846800288703051
99999.98450799315
0.009416645675280111
100000.00215002107
100000.00027364863
99999.99301409123
0.9925030175392276
1.002512834192336
0.9957883533552809
0.9909934942540367
0.9898380392355816
1.0013680710146429
1.0075468800435998
1.0034378284064263
0.9861413587952682
1.0104915674332242
1.019842056814554
0.9830157651713686
1.0001880723485104
1.0023078445587816
0.9999408424489474
1.0067676148531712
1.0198236021604044
0.999930770318547
0.9985951365158505
1.003231324562678
0.9866190766064444
0.9960336889748234
1.0010953356700805
0.9976963240633407
0.9919556633959626
0.9863824457246622
1.0162646612041077
1.0078304379624596
0.9973103592653776
1.0167844118714413
1.004758396329383
1.0013461873329135
0.9896417205923399
1.016748133941048
1.0030405880418025
1.0006202005210132
1.0073119174054206
0.998517231611677
1.0002869006661697
0.9939373227542817
0.998240340123985
0.9885581903877847
1.0066484251448977
1.0068644790123524
1.0124529137452882
1.0057859901636022
0.9878258178004254
0.9917370188142829
1.0024790851620091
0.9894972833682021
1.0098193397969508
1.0179884301659448
0.9890687984633656
1.0032976040909896
0.9991413967747015
1.0076591328172784
1.0067537975622622
1.004905158278492
1.0011226913669453
1.002821476282052
0.9937513847829937
0.9915725798285386
0.9800711701512662
1.0041857959087064
0.9908298090595961
0.9993825696775925
1.0015590245384287
1.0019563021579332
1.0088759656756543
1.0222129857156605
0.9998489540509244
0.9818859833438814
1.0212354585477204
1.003822995008851
0.9851163880675361
0.9918432483934706
0.9915399341379351
0.9995935791169411
0.9979399301826418
1.0090669531721015
1.0168902902203512
1.0020317017882876
0.9943693847997153
1.0069437691944365
1.0033355397095753
0.995748660802055
0.9929314556705824
1.0227320048519404
0.9855299144505605
1.0131695786106847
0.985518703191288
1.0158833540849677
1.0252549626046894
0.9853833949813057
0.9856434902674561
0.9806019013501617
0.9962958402966392
0.9830114778217734
1.0188508525290636
0.9966106622012945
0.982667571226884
0.9808834116386517
1.006095329776339
0.9901942549781652
0.9946491220711189
0.9923945708244265
0.9992078601322163
0.99393545427317
1.0055151981205714
0.9642417207899107
0.9922857167834641
1.0088060165820198
1.0134093738452874
1.001918792720334
0.9936588545263699
0.9887910018407481
1.0005231733879314
1.0094959486913713
0.9976488654669253
1.020876934910754
1.00212534350447
1.0143207401695635
0.9904191233989119
0.9980716220000103
