62	3906	0
1	1	1.0
1	2	1.0
1	3	1.0
1	4	1.0
1	5	1.0
1	6	1.0
1	7	1.0
1	8	1.0
1	9	1.0
1	10	1.0
1	11	1.0
1	12	1.0
1	13	1.0
1	14	1.0
1	15	1.0
1	16	1.0
1	17	1.0
1	18	1.0
1	19	1.0
1	20	1.0
1	21	1.0
1	22	1.0
1	23	1.0
1	24	1.0
1	25	1.0
1	26	1.0
1	27	1.0
1	28	1.0
1	29	1.0
1	30	1.0
1	31	1.0
1	32	1.0
1	33	1.0
1	34	1.0
1	35	1.0
1	36	1.0
1	37	1.0
1	38	1.0
1	39	1.0
1	40	1.0
1	41	1.0
1	42	1.0
1	43	1.0
1	44	1.0
1	45	1.0
1	46	1.0
1	47	1.0
1	48	1.0
1	49	1.0
1	50	1.0
1	51	1.0
1	52	1.0
1	53	1.0
1	54	1.0
1	55	1.0
1	56	1.0
1	57	1.0
1	58	1.0
1	59	1.0
1	60	1.0
1	61	1.0
1	62	1.0
2	63	1.0
2	64	1.0
2	65	1.0
2	66	1.0
2	67	1.0
2	68	1.0
2	69	1.0
2	70	1.0
2	71	1.0
2	72	1.0
2	73	1.0
2	74	1.0
2	75	1.0
2	76	1.0
2	77	1.0
2	78	1.0
2	79	1.0
2	80	1.0
2	81	1.0
2	82	1.0
2	83	1.0
2	84	1.0
2	85	1.0
2	86	1.0
2	87	1.0
2	88	1.0
2	89	1.0
2	90	1.0
2	91	1.0
2	92	1.0
2	93	1.0
2	94	1.0
2	95	1.0
2	96	1.0
2	97	1.0
2	98	1.0
2	99	1.0
2	100	1.0
2	101	1.0
2	102	1.0
2	103	1.0
2	104	1.0
2	105	1.0
2	106	1.0
2	107	1.0
2	108	1.0
2	109	1.0
2	110	1.0
2	111	1.0
2	112	1.0
2	113	1.0
2	114	1.0
2	115	1.0
2	116	1.0
2	117	1.0
2	118	1.0
2	119	1.0
2	120	1.0
2	121	1.0
2	122	1.0
2	123	1.0
2	124	1.0
3	125	1.0
3	126	1.0
3	127	1.0
3	128	1.0
3	129	1.0
3	130	1.0
3	131	1.0
3	132	1.0
3	133	1.0
3	134	1.0
3	135	1.0
3	136	1.0
3	137	1.0
3	138	1.0
3	139	1.0
3	140	1.0
3	141	1.0
3	142	1.0
3	143	1.0
3	144	1.0
3	145	1.0
3	146	1.0
3	147	1.0
3	148	1.0
3	149	1.0
3	150	1.0
3	151	1.0
3	152	1.0
3	153	1.0
3	154	1.0
3	155	1.0
3	156	1.0
3	157	1.0
3	158	1.0
3	159	1.0
3	160	1.0
3	161	1.0
3	162	1.0
3	163	1.0
3	164	1.0
3	165	1.0
3	166	1.0
3	167	1.0
3	168	1.0
3	169	1.0
3	170	1.0
3	171	1.0
3	172	1.0
3	173	1.0
3	174	1.0
3	175	1.0
3	176	1.0
3	177	1.0
3	178	1.0
3	179	1.0
3	180	1.0
3	181	1.0
3	182	1.0
3	183	1.0
3	184	1.0
3	185	1.0
3	186	1.0
4	187	1.0
4	188	1.0
4	189	1.0
4	190	1.0
4	191	1.0
4	192	1.0
4	193	1.0
4	194	1.0
4	195	1.0
4	196	1.0
4	197	1.0
4	198	1.0
4	199	1.0
4	200	1.0
4	201	1.0
4	202	1.0
4	203	1.0
4	204	1.0
4	205	1.0
4	206	1.0
4	207	1.0
4	208	1.0
4	209	1.0
4	210	1.0
4	211	1.0
4	212	1.0
4	213	1.0
4	214	1.0
4	215	1.0
4	216	1.0
4	217	1.0
4	218	1.0
4	219	1.0
4	220	1.0
4	221	1.0
4	222	1.0
4	223	1.0
4	224	1.0
4	225	1.0
4	226	1.0
4	227	1.0
4	228	1.0
4	229	1.0
4	230	1.0
4	231	1.0
4	232	1.0
4	233	1.0
4	234	1.0
4	235	1.0
4	236	1.0
4	237	1.0
4	238	1.0
4	239	1.0
4	240	1.0
4	241	1.0
4	242	1.0
4	243	1.0
4	244	1.0
4	245	1.0
4	246	1.0
4	247	1.0
4	248	1.0
5	249	1.0
5	250	1.0
5	251	1.0
5	252	1.0
5	253	1.0
5	254	1.0
5	255	1.0
5	256	1.0
5	257	1.0
5	258	1.0
5	259	1.0
5	260	1.0
5	261	1.0
5	262	1.0
5	263	1.0
5	264	1.0
5	265	1.0
5	266	1.0
5	267	1.0
5	268	1.0
5	269	1.0
5	270	1.0
5	271	1.0
5	272	1.0
5	273	1.0
5	274	1.0
5	275	1.0
5	276	1.0
5	277	1.0
5	278	1.0
5	279	1.0
5	280	1.0
5	281	1.0
5	282	1.0
5	283	1.0
5	284	1.0
5	285	1.0
5	286	1.0
5	287	1.0
5	288	1.0
5	289	1.0
5	290	1.0
5	291	1.0
5	292	1.0
5	293	1.0
5	294	1.0
5	295	1.0
5	296	1.0
5	297	1.0
5	298	1.0
5	299	1.0
5	300	1.0
5	301	1.0
5	302	1.0
5	303	1.0
5	304	1.0
5	305	1.0
5	306	1.0
5	307	1.0
5	308	1.0
5	309	1.0
5	310	1.0
6	311	1.0
6	312	1.0
6	313	1.0
6	314	1.0
6	315	1.0
6	316	1.0
6	317	1.0
6	318	1.0
6	319	1.0
6	320	1.0
6	321	1.0
6	322	1.0
6	323	1.0
6	324	1.0
6	325	1.0
6	326	1.0
6	327	1.0
6	328	1.0
6	329	1.0
6	330	1.0
6	331	1.0
6	332	1.0
6	333	1.0
6	334	1.0
6	335	1.0
6	336	1.0
6	337	1.0
6	338	1.0
6	339	1.0
6	340	1.0
6	341	1.0
6	342	1.0
6	343	1.0
6	344	1.0
6	345	1.0
6	346	1.0
6	347	1.0
6	348	1.0
6	349	1.0
6	350	1.0
6	351	1.0
6	352	1.0
6	353	1.0
6	354	1.0
6	355	1.0
6	356	1.0
6	357	1.0
6	358	1.0
6	359	1.0
6	360	1.0
6	361	1.0
6	362	1.0
6	363	1.0
6	364	1.0
6	365	1.0
6	366	1.0
6	367	1.0
6	368	1.0
6	369	1.0
6	370	1.0
6	371	1.0
6	372	1.0
7	373	1.0
7	374	1.0
7	375	1.0
7	376	1.0
7	377	1.0
7	378	1.0
7	379	1.0
7	380	1.0
7	381	1.0
7	382	1.0
7	383	1.0
7	384	1.0
7	385	1.0
7	386	1.0
7	387	1.0
7	388	1.0
7	389	1.0
7	390	1.0
7	391	1.0
7	392	1.0
7	393	1.0
7	394	1.0
7	395	1.0
7	396	1.0
7	397	1.0
7	398	1.0
7	399	1.0
7	400	1.0
7	401	1.0
7	402	1.0
7	403	1.0
7	404	1.0
7	405	1.0
7	406	1.0
7	407	1.0
7	408	1.0
7	409	1.0
7	410	1.0
7	411	1.0
7	412	1.0
7	413	1.0
7	414	1.0
7	415	1.0
7	416	1.0
7	417	1.0
7	418	1.0
7	419	1.0
7	420	1.0
7	421	1.0
7	422	1.0
7	423	1.0
7	424	1.0
7	425	1.0
7	426	1.0
7	427	1.0
7	428	1.0
7	429	1.0
7	430	1.0
7	431	1.0
7	432	1.0
7	433	1.0
7	434	1.0
8	435	1.0
8	436	1.0
8	437	1.0
8	438	1.0
8	439	1.0
8	440	1.0
8	441	1.0
8	442	1.0
8	443	1.0
8	444	1.0
8	445	1.0
8	446	1.0
8	447	1.0
8	448	1.0
8	449	1.0
8	450	1.0
8	451	1.0
8	452	1.0
8	453	1.0
8	454	1.0
8	455	1.0
8	456	1.0
8	457	1.0
8	458	1.0
8	459	1.0
8	460	1.0
8	461	1.0
8	462	1.0
8	463	1.0
8	464	1.0
8	465	1.0
8	466	1.0
8	467	1.0
8	468	1.0
8	469	1.0
8	470	1.0
8	471	1.0
8	472	1.0
8	473	1.0
8	474	1.0
8	475	1.0
8	476	1.0
8	477	1.0
8	478	1.0
8	479	1.0
8	480	1.0
8	481	1.0
8	482	1.0
8	483	1.0
8	484	1.0
8	485	1.0
8	486	1.0
8	487	1.0
8	488	1.0
8	489	1.0
8	490	1.0
8	491	1.0
8	492	1.0
8	493	1.0
8	494	1.0
8	495	1.0
8	496	1.0
9	497	1.0
9	498	1.0
9	499	1.0
9	500	1.0
9	501	1.0
9	502	1.0
9	503	1.0
9	504	1.0
9	505	1.0
9	506	1.0
9	507	1.0
9	508	1.0
9	509	1.0
9	510	1.0
9	511	1.0
9	512	1.0
9	513	1.0
9	514	1.0
9	515	1.0
9	516	1.0
9	517	1.0
9	518	1.0
9	519	1.0
9	520	1.0
9	521	1.0
9	522	1.0
9	523	1.0
9	524	1.0
9	525	1.0
9	526	1.0
9	527	1.0
9	528	1.0
9	529	1.0
9	530	1.0
9	531	1.0
9	532	1.0
9	533	1.0
9	534	1.0
9	535	1.0
9	536	1.0
9	537	1.0
9	538	1.0
9	539	1.0
9	540	1.0
9	541	1.0
9	542	1.0
9	543	1.0
9	544	1.0
9	545	1.0
9	546	1.0
9	547	1.0
9	548	1.0
9	549	1.0
9	550	1.0
9	551	1.0
9	552	1.0
9	553	1.0
9	554	1.0
9	555	1.0
9	556	1.0
9	557	1.0
9	558	1.0
10	559	1.0
10	560	1.0
10	561	1.0
10	562	1.0
10	563	1.0
10	564	1.0
10	565	1.0
10	566	1.0
10	567	1.0
10	568	1.0
10	569	1.0
10	570	1.0
10	571	1.0
10	572	1.0
10	573	1.0
10	574	1.0
10	575	1.0
10	576	1.0
10	577	1.0
10	578	1.0
10	579	1.0
10	580	1.0
10	581	1.0
10	582	1.0
10	583	1.0
10	584	1.0
10	585	1.0
10	586	1.0
10	587	1.0
10	588	1.0
10	589	1.0
10	590	1.0
10	591	1.0
10	592	1.0
10	593	1.0
10	594	1.0
10	595	1.0
10	596	1.0
10	597	1.0
10	598	1.0
10	599	1.0
10	600	1.0
10	601	1.0
10	602	1.0
10	603	1.0
10	604	1.0
10	605	1.0
10	606	1.0
10	607	1.0
10	608	1.0
10	609	1.0
10	610	1.0
10	611	1.0
10	612	1.0
10	613	1.0
10	614	1.0
10	615	1.0
10	616	1.0
10	617	1.0
10	618	1.0
10	619	1.0
10	620	1.0
11	621	1.0
11	622	1.0
11	623	1.0
11	624	1.0
11	625	1.0
11	626	1.0
11	627	1.0
11	628	1.0
11	629	1.0
11	630	1.0
11	631	1.0
11	632	1.0
11	633	1.0
11	634	1.0
11	635	1.0
11	636	1.0
11	637	1.0
11	638	1.0
11	639	1.0
11	640	1.0
11	641	1.0
11	642	1.0
11	643	1.0
11	644	1.0
11	645	1.0
11	646	1.0
11	647	1.0
11	648	1.0
11	649	1.0
11	650	1.0
11	651	1.0
11	652	1.0
11	653	1.0
11	654	1.0
11	655	1.0
11	656	1.0
11	657	1.0
11	658	1.0
11	659	1.0
11	660	1.0
11	661	1.0
11	662	1.0
11	663	1.0
11	664	1.0
11	665	1.0
11	666	1.0
11	667	1.0
11	668	1.0
11	669	1.0
11	670	1.0
11	671	1.0
11	672	1.0
11	673	1.0
11	674	1.0
11	675	1.0
11	676	1.0
11	677	1.0
11	678	1.0
11	679	1.0
11	680	1.0
11	681	1.0
11	682	1.0
12	683	1.0
12	684	1.0
12	685	1.0
12	686	1.0
12	687	1.0
12	688	1.0
12	689	1.0
12	690	1.0
12	691	1.0
12	692	1.0
12	693	1.0
12	694	1.0
12	695	1.0
12	696	1.0
12	697	1.0
12	698	1.0
12	699	1.0
12	700	1.0
12	701	1.0
12	702	1.0
12	703	1.0
12	704	1.0
12	705	1.0
12	706	1.0
12	707	1.0
12	708	1.0
12	709	1.0
12	710	1.0
12	711	1.0
12	712	1.0
12	713	1.0
12	714	1.0
12	715	1.0
12	716	1.0
12	717	1.0
12	718	1.0
12	719	1.0
12	720	1.0
12	721	1.0
12	722	1.0
12	723	1.0
12	724	1.0
12	725	1.0
12	726	1.0
12	727	1.0
12	728	1.0
12	729	1.0
12	730	1.0
12	731	1.0
12	732	1.0
12	733	1.0
12	734	1.0
12	735	1.0
12	736	1.0
12	737	1.0
12	738	1.0
12	739	1.0
12	740	1.0
12	741	1.0
12	742	1.0
12	743	1.0
12	744	1.0
13	745	1.0
13	746	1.0
13	747	1.0
13	748	1.0
13	749	1.0
13	750	1.0
13	751	1.0
13	752	1.0
13	753	1.0
13	754	1.0
13	755	1.0
13	756	1.0
13	757	1.0
13	758	1.0
13	759	1.0
13	760	1.0
13	761	1.0
13	762	1.0
13	763	1.0
13	764	1.0
13	765	1.0
13	766	1.0
13	767	1.0
13	768	1.0
13	769	1.0
13	770	1.0
13	771	1.0
13	772	1.0
13	773	1.0
13	774	1.0
13	775	1.0
13	776	1.0
13	777	1.0
13	778	1.0
13	779	1.0
13	780	1.0
13	781	1.0
13	782	1.0
13	783	1.0
13	784	1.0
13	785	1.0
13	786	1.0
13	787	1.0
13	788	1.0
13	789	1.0
13	790	1.0
13	791	1.0
13	792	1.0
13	793	1.0
13	794	1.0
13	795	1.0
13	796	1.0
13	797	1.0
13	798	1.0
13	799	1.0
13	800	1.0
13	801	1.0
13	802	1.0
13	803	1.0
13	804	1.0
13	805	1.0
13	806	1.0
14	807	1.0
14	808	1.0
14	809	1.0
14	810	1.0
14	811	1.0
14	812	1.0
14	813	1.0
14	814	1.0
14	815	1.0
14	816	1.0
14	817	1.0
14	818	1.0
14	819	1.0
14	820	1.0
14	821	1.0
14	822	1.0
14	823	1.0
14	824	1.0
14	825	1.0
14	826	1.0
14	827	1.0
14	828	1.0
14	829	1.0
14	830	1.0
14	831	1.0
14	832	1.0
14	833	1.0
14	834	1.0
14	835	1.0
14	836	1.0
14	837	1.0
14	838	1.0
14	839	1.0
14	840	1.0
14	841	1.0
14	842	1.0
14	843	1.0
14	844	1.0
14	845	1.0
14	846	1.0
14	847	1.0
14	848	1.0
14	849	1.0
14	850	1.0
14	851	1.0
14	852	1.0
14	853	1.0
14	854	1.0
14	855	1.0
14	856	1.0
14	857	1.0
14	858	1.0
14	859	1.0
14	860	1.0
14	861	1.0
14	862	1.0
14	863	1.0
14	864	1.0
14	865	1.0
14	866	1.0
14	867	1.0
14	868	1.0
15	869	1.0
15	870	1.0
15	871	1.0
15	872	1.0
15	873	1.0
15	874	1.0
15	875	1.0
15	876	1.0
15	877	1.0
15	878	1.0
15	879	1.0
15	880	1.0
15	881	1.0
15	882	1.0
15	883	1.0
15	884	1.0
15	885	1.0
15	886	1.0
15	887	1.0
15	888	1.0
15	889	1.0
15	890	1.0
15	891	1.0
15	892	1.0
15	893	1.0
15	894	1.0
15	895	1.0
15	896	1.0
15	897	1.0
15	898	1.0
15	899	1.0
15	900	1.0
15	901	1.0
15	902	1.0
15	903	1.0
15	904	1.0
15	905	1.0
15	906	1.0
15	907	1.0
15	908	1.0
15	909	1.0
15	910	1.0
15	911	1.0
15	912	1.0
15	913	1.0
15	914	1.0
15	915	1.0
15	916	1.0
15	917	1.0
15	918	1.0
15	919	1.0
15	920	1.0
15	921	1.0
15	922	1.0
15	923	1.0
15	924	1.0
15	925	1.0
15	926	1.0
15	927	1.0
15	928	1.0
15	929	1.0
15	930	1.0
16	931	1.0
16	932	1.0
16	933	1.0
16	934	1.0
16	935	1.0
16	936	1.0
16	937	1.0
16	938	1.0
16	939	1.0
16	940	1.0
16	941	1.0
16	942	1.0
16	943	1.0
16	944	1.0
16	945	1.0
16	946	1.0
16	947	1.0
16	948	1.0
16	949	1.0
16	950	1.0
16	951	1.0
16	952	1.0
16	953	1.0
16	954	1.0
16	955	1.0
16	956	1.0
16	957	1.0
16	958	1.0
16	959	1.0
16	960	1.0
16	961	1.0
16	962	1.0
16	963	1.0
16	964	1.0
16	965	1.0
16	966	1.0
16	967	1.0
16	968	1.0
16	969	1.0
16	970	1.0
16	971	1.0
16	972	1.0
16	973	1.0
16	974	1.0
16	975	1.0
16	976	1.0
16	977	1.0
16	978	1.0
16	979	1.0
16	980	1.0
16	981	1.0
16	982	1.0
16	983	1.0
16	984	1.0
16	985	1.0
16	986	1.0
16	987	1.0
16	988	1.0
16	989	1.0
16	990	1.0
16	991	1.0
16	992	1.0
17	993	1.0
17	994	1.0
17	995	1.0
17	996	1.0
17	997	1.0
17	998	1.0
17	999	1.0
17	1000	1.0
17	1001	1.0
17	1002	1.0
17	1003	1.0
17	1004	1.0
17	1005	1.0
17	1006	1.0
17	1007	1.0
17	1008	1.0
17	1009	1.0
17	1010	1.0
17	1011	1.0
17	1012	1.0
17	1013	1.0
17	1014	1.0
17	1015	1.0
17	1016	1.0
17	1017	1.0
17	1018	1.0
17	1019	1.0
17	1020	1.0
17	1021	1.0
17	1022	1.0
17	1023	1.0
17	1024	1.0
17	1025	1.0
17	1026	1.0
17	1027	1.0
17	1028	1.0
17	1029	1.0
17	1030	1.0
17	1031	1.0
17	1032	1.0
17	1033	1.0
17	1034	1.0
17	1035	1.0
17	1036	1.0
17	1037	1.0
17	1038	1.0
17	1039	1.0
17	1040	1.0
17	1041	1.0
17	1042	1.0
17	1043	1.0
17	1044	1.0
17	1045	1.0
17	1046	1.0
17	1047	1.0
17	1048	1.0
17	1049	1.0
17	1050	1.0
17	1051	1.0
17	1052	1.0
17	1053	1.0
17	1054	1.0
18	1055	1.0
18	1056	1.0
18	1057	1.0
18	1058	1.0
18	1059	1.0
18	1060	1.0
18	1061	1.0
18	1062	1.0
18	1063	1.0
18	1064	1.0
18	1065	1.0
18	1066	1.0
18	1067	1.0
18	1068	1.0
18	1069	1.0
18	1070	1.0
18	1071	1.0
18	1072	1.0
18	1073	1.0
18	1074	1.0
18	1075	1.0
18	1076	1.0
18	1077	1.0
18	1078	1.0
18	1079	1.0
18	1080	1.0
18	1081	1.0
18	1082	1.0
18	1083	1.0
18	1084	1.0
18	1085	1.0
18	1086	1.0
18	1087	1.0
18	1088	1.0
18	1089	1.0
18	1090	1.0
18	1091	1.0
18	1092	1.0
18	1093	1.0
18	1094	1.0
18	1095	1.0
18	1096	1.0
18	1097	1.0
18	1098	1.0
18	1099	1.0
18	1100	1.0
18	1101	1.0
18	1102	1.0
18	1103	1.0
18	1104	1.0
18	1105	1.0
18	1106	1.0
18	1107	1.0
18	1108	1.0
18	1109	1.0
18	1110	1.0
18	1111	1.0
18	1112	1.0
18	1113	1.0
18	1114	1.0
18	1115	1.0
18	1116	1.0
19	1117	1.0
19	1118	1.0
19	1119	1.0
19	1120	1.0
19	1121	1.0
19	1122	1.0
19	1123	1.0
19	1124	1.0
19	1125	1.0
19	1126	1.0
19	1127	1.0
19	1128	1.0
19	1129	1.0
19	1130	1.0
19	1131	1.0
19	1132	1.0
19	1133	1.0
19	1134	1.0
19	1135	1.0
19	1136	1.0
19	1137	1.0
19	1138	1.0
19	1139	1.0
19	1140	1.0
19	1141	1.0
19	1142	1.0
19	1143	1.0
19	1144	1.0
19	1145	1.0
19	1146	1.0
19	1147	1.0
19	1148	1.0
19	1149	1.0
19	1150	1.0
19	1151	1.0
19	1152	1.0
19	1153	1.0
19	1154	1.0
19	1155	1.0
19	1156	1.0
19	1157	1.0
19	1158	1.0
19	1159	1.0
19	1160	1.0
19	1161	1.0
19	1162	1.0
19	1163	1.0
19	1164	1.0
19	1165	1.0
19	1166	1.0
19	1167	1.0
19	1168	1.0
19	1169	1.0
19	1170	1.0
19	1171	1.0
19	1172	1.0
19	1173	1.0
19	1174	1.0
19	1175	1.0
19	1176	1.0
19	1177	1.0
19	1178	1.0
20	1179	1.0
20	1180	1.0
20	1181	1.0
20	1182	1.0
20	1183	1.0
20	1184	1.0
20	1185	1.0
20	1186	1.0
20	1187	1.0
20	1188	1.0
20	1189	1.0
20	1190	1.0
20	1191	1.0
20	1192	1.0
20	1193	1.0
20	1194	1.0
20	1195	1.0
20	1196	1.0
20	1197	1.0
20	1198	1.0
20	1199	1.0
20	1200	1.0
20	1201	1.0
20	1202	1.0
20	1203	1.0
20	1204	1.0
20	1205	1.0
20	1206	1.0
20	1207	1.0
20	1208	1.0
20	1209	1.0
20	1210	1.0
20	1211	1.0
20	1212	1.0
20	1213	1.0
20	1214	1.0
20	1215	1.0
20	1216	1.0
20	1217	1.0
20	1218	1.0
20	1219	1.0
20	1220	1.0
20	1221	1.0
20	1222	1.0
20	1223	1.0
20	1224	1.0
20	1225	1.0
20	1226	1.0
20	1227	1.0
20	1228	1.0
20	1229	1.0
20	1230	1.0
20	1231	1.0
20	1232	1.0
20	1233	1.0
20	1234	1.0
20	1235	1.0
20	1236	1.0
20	1237	1.0
20	1238	1.0
20	1239	1.0
20	1240	1.0
21	1241	1.0
21	1242	1.0
21	1243	1.0
21	1244	1.0
21	1245	1.0
21	1246	1.0
21	1247	1.0
21	1248	1.0
21	1249	1.0
21	1250	1.0
21	1251	1.0
21	1252	1.0
21	1253	1.0
21	1254	1.0
21	1255	1.0
21	1256	1.0
21	1257	1.0
21	1258	1.0
21	1259	1.0
21	1260	1.0
21	1261	1.0
21	1262	1.0
21	1263	1.0
21	1264	1.0
21	1265	1.0
21	1266	1.0
21	1267	1.0
21	1268	1.0
21	1269	1.0
21	1270	1.0
21	1271	1.0
21	1272	1.0
21	1273	1.0
21	1274	1.0
21	1275	1.0
21	1276	1.0
21	1277	1.0
21	1278	1.0
21	1279	1.0
21	1280	1.0
21	1281	1.0
21	1282	1.0
21	1283	1.0
21	1284	1.0
21	1285	1.0
21	1286	1.0
21	1287	1.0
21	1288	1.0
21	1289	1.0
21	1290	1.0
21	1291	1.0
21	1292	1.0
21	1293	1.0
21	1294	1.0
21	1295	1.0
21	1296	1.0
21	1297	1.0
21	1298	1.0
21	1299	1.0
21	1300	1.0
21	1301	1.0
21	1302	1.0
22	1303	1.0
22	1304	1.0
22	1305	1.0
22	1306	1.0
22	1307	1.0
22	1308	1.0
22	1309	1.0
22	1310	1.0
22	1311	1.0
22	1312	1.0
22	1313	1.0
22	1314	1.0
22	1315	1.0
22	1316	1.0
22	1317	1.0
22	1318	1.0
22	1319	1.0
22	1320	1.0
22	1321	1.0
22	1322	1.0
22	1323	1.0
22	1324	1.0
22	1325	1.0
22	1326	1.0
22	1327	1.0
22	1328	1.0
22	1329	1.0
22	1330	1.0
22	1331	1.0
22	1332	1.0
22	1333	1.0
22	1334	1.0
22	1335	1.0
22	1336	1.0
22	1337	1.0
22	1338	1.0
22	1339	1.0
22	1340	1.0
22	1341	1.0
22	1342	1.0
22	1343	1.0
22	1344	1.0
22	1345	1.0
22	1346	1.0
22	1347	1.0
22	1348	1.0
22	1349	1.0
22	1350	1.0
22	1351	1.0
22	1352	1.0
22	1353	1.0
22	1354	1.0
22	1355	1.0
22	1356	1.0
22	1357	1.0
22	1358	1.0
22	1359	1.0
22	1360	1.0
22	1361	1.0
22	1362	1.0
22	1363	1.0
22	1364	1.0
23	1365	1.0
23	1366	1.0
23	1367	1.0
23	1368	1.0
23	1369	1.0
23	1370	1.0
23	1371	1.0
23	1372	1.0
23	1373	1.0
23	1374	1.0
23	1375	1.0
23	1376	1.0
23	1377	1.0
23	1378	1.0
23	1379	1.0
23	1380	1.0
23	1381	1.0
23	1382	1.0
23	1383	1.0
23	1384	1.0
23	1385	1.0
23	1386	1.0
23	1387	1.0
23	1388	1.0
23	1389	1.0
23	1390	1.0
23	1391	1.0
23	1392	1.0
23	1393	1.0
23	1394	1.0
23	1395	1.0
23	1396	1.0
23	1397	1.0
23	1398	1.0
23	1399	1.0
23	1400	1.0
23	1401	1.0
23	1402	1.0
23	1403	1.0
23	1404	1.0
23	1405	1.0
23	1406	1.0
23	1407	1.0
23	1408	1.0
23	1409	1.0
23	1410	1.0
23	1411	1.0
23	1412	1.0
23	1413	1.0
23	1414	1.0
23	1415	1.0
23	1416	1.0
23	1417	1.0
23	1418	1.0
23	1419	1.0
23	1420	1.0
23	1421	1.0
23	1422	1.0
23	1423	1.0
23	1424	1.0
23	1425	1.0
23	1426	1.0
24	1427	1.0
24	1428	1.0
24	1429	1.0
24	1430	1.0
24	1431	1.0
24	1432	1.0
24	1433	1.0
24	1434	1.0
24	1435	1.0
24	1436	1.0
24	1437	1.0
24	1438	1.0
24	1439	1.0
24	1440	1.0
24	1441	1.0
24	1442	1.0
24	1443	1.0
24	1444	1.0
24	1445	1.0
24	1446	1.0
24	1447	1.0
24	1448	1.0
24	1449	1.0
24	1450	1.0
24	1451	1.0
24	1452	1.0
24	1453	1.0
24	1454	1.0
24	1455	1.0
24	1456	1.0
24	1457	1.0
24	1458	1.0
24	1459	1.0
24	1460	1.0
24	1461	1.0
24	1462	1.0
24	1463	1.0
24	1464	1.0
24	1465	1.0
24	1466	1.0
24	1467	1.0
24	1468	1.0
24	1469	1.0
24	1470	1.0
24	1471	1.0
24	1472	1.0
24	1473	1.0
24	1474	1.0
24	1475	1.0
24	1476	1.0
24	1477	1.0
24	1478	1.0
24	1479	1.0
24	1480	1.0
24	1481	1.0
24	1482	1.0
24	1483	1.0
24	1484	1.0
24	1485	1.0
24	1486	1.0
24	1487	1.0
24	1488	1.0
25	1489	1.0
25	1490	1.0
25	1491	1.0
25	1492	1.0
25	1493	1.0
25	1494	1.0
25	1495	1.0
25	1496	1.0
25	1497	1.0
25	1498	1.0
25	1499	1.0
25	1500	1.0
25	1501	1.0
25	1502	1.0
25	1503	1.0
25	1504	1.0
25	1505	1.0
25	1506	1.0
25	1507	1.0
25	1508	1.0
25	1509	1.0
25	1510	1.0
25	1511	1.0
25	1512	1.0
25	1513	1.0
25	1514	1.0
25	1515	1.0
25	1516	1.0
25	1517	1.0
25	1518	1.0
25	1519	1.0
25	1520	1.0
25	1521	1.0
25	1522	1.0
25	1523	1.0
25	1524	1.0
25	1525	1.0
25	1526	1.0
25	1527	1.0
25	1528	1.0
25	1529	1.0
25	1530	1.0
25	1531	1.0
25	1532	1.0
25	1533	1.0
25	1534	1.0
25	1535	1.0
25	1536	1.0
25	1537	1.0
25	1538	1.0
25	1539	1.0
25	1540	1.0
25	1541	1.0
25	1542	1.0
25	1543	1.0
25	1544	1.0
25	1545	1.0
25	1546	1.0
25	1547	1.0
25	1548	1.0
25	1549	1.0
25	1550	1.0
26	1551	1.0
26	1552	1.0
26	1553	1.0
26	1554	1.0
26	1555	1.0
26	1556	1.0
26	1557	1.0
26	1558	1.0
26	1559	1.0
26	1560	1.0
26	1561	1.0
26	1562	1.0
26	1563	1.0
26	1564	1.0
26	1565	1.0
26	1566	1.0
26	1567	1.0
26	1568	1.0
26	1569	1.0
26	1570	1.0
26	1571	1.0
26	1572	1.0
26	1573	1.0
26	1574	1.0
26	1575	1.0
26	1576	1.0
26	1577	1.0
26	1578	1.0
26	1579	1.0
26	1580	1.0
26	1581	1.0
26	1582	1.0
26	1583	1.0
26	1584	1.0
26	1585	1.0
26	1586	1.0
26	1587	1.0
26	1588	1.0
26	1589	1.0
26	1590	1.0
26	1591	1.0
26	1592	1.0
26	1593	1.0
26	1594	1.0
26	1595	1.0
26	1596	1.0
26	1597	1.0
26	1598	1.0
26	1599	1.0
26	1600	1.0
26	1601	1.0
26	1602	1.0
26	1603	1.0
26	1604	1.0
26	1605	1.0
26	1606	1.0
26	1607	1.0
26	1608	1.0
26	1609	1.0
26	1610	1.0
26	1611	1.0
26	1612	1.0
27	1613	1.0
27	1614	1.0
27	1615	1.0
27	1616	1.0
27	1617	1.0
27	1618	1.0
27	1619	1.0
27	1620	1.0
27	1621	1.0
27	1622	1.0
27	1623	1.0
27	1624	1.0
27	1625	1.0
27	1626	1.0
27	1627	1.0
27	1628	1.0
27	1629	1.0
27	1630	1.0
27	1631	1.0
27	1632	1.0
27	1633	1.0
27	1634	1.0
27	1635	1.0
27	1636	1.0
27	1637	1.0
27	1638	1.0
27	1639	1.0
27	1640	1.0
27	1641	1.0
27	1642	1.0
27	1643	1.0
27	1644	1.0
27	1645	1.0
27	1646	1.0
27	1647	1.0
27	1648	1.0
27	1649	1.0
27	1650	1.0
27	1651	1.0
27	1652	1.0
27	1653	1.0
27	1654	1.0
27	1655	1.0
27	1656	1.0
27	1657	1.0
27	1658	1.0
27	1659	1.0
27	1660	1.0
27	1661	1.0
27	1662	1.0
27	1663	1.0
27	1664	1.0
27	1665	1.0
27	1666	1.0
27	1667	1.0
27	1668	1.0
27	1669	1.0
27	1670	1.0
27	1671	1.0
27	1672	1.0
27	1673	1.0
27	1674	1.0
28	1675	1.0
28	1676	1.0
28	1677	1.0
28	1678	1.0
28	1679	1.0
28	1680	1.0
28	1681	1.0
28	1682	1.0
28	1683	1.0
28	1684	1.0
28	1685	1.0
28	1686	1.0
28	1687	1.0
28	1688	1.0
28	1689	1.0
28	1690	1.0
28	1691	1.0
28	1692	1.0
28	1693	1.0
28	1694	1.0
28	1695	1.0
28	1696	1.0
28	1697	1.0
28	1698	1.0
28	1699	1.0
28	1700	1.0
28	1701	1.0
28	1702	1.0
28	1703	1.0
28	1704	1.0
28	1705	1.0
28	1706	1.0
28	1707	1.0
28	1708	1.0
28	1709	1.0
28	1710	1.0
28	1711	1.0
28	1712	1.0
28	1713	1.0
28	1714	1.0
28	1715	1.0
28	1716	1.0
28	1717	1.0
28	1718	1.0
28	1719	1.0
28	1720	1.0
28	1721	1.0
28	1722	1.0
28	1723	1.0
28	1724	1.0
28	1725	1.0
28	1726	1.0
28	1727	1.0
28	1728	1.0
28	1729	1.0
28	1730	1.0
28	1731	1.0
28	1732	1.0
28	1733	1.0
28	1734	1.0
28	1735	1.0
28	1736	1.0
29	1737	1.0
29	1738	1.0
29	1739	1.0
29	1740	1.0
29	1741	1.0
29	1742	1.0
29	1743	1.0
29	1744	1.0
29	1745	1.0
29	1746	1.0
29	1747	1.0
29	1748	1.0
29	1749	1.0
29	1750	1.0
29	1751	1.0
29	1752	1.0
29	1753	1.0
29	1754	1.0
29	1755	1.0
29	1756	1.0
29	1757	1.0
29	1758	1.0
29	1759	1.0
29	1760	1.0
29	1761	1.0
29	1762	1.0
29	1763	1.0
29	1764	1.0
29	1765	1.0
29	1766	1.0
29	1767	1.0
29	1768	1.0
29	1769	1.0
29	1770	1.0
29	1771	1.0
29	1772	1.0
29	1773	1.0
29	1774	1.0
29	1775	1.0
29	1776	1.0
29	1777	1.0
29	1778	1.0
29	1779	1.0
29	1780	1.0
29	1781	1.0
29	1782	1.0
29	1783	1.0
29	1784	1.0
29	1785	1.0
29	1786	1.0
29	1787	1.0
29	1788	1.0
29	1789	1.0
29	1790	1.0
29	1791	1.0
29	1792	1.0
29	1793	1.0
29	1794	1.0
29	1795	1.0
29	1796	1.0
29	1797	1.0
29	1798	1.0
30	1799	1.0
30	1800	1.0
30	1801	1.0
30	1802	1.0
30	1803	1.0
30	1804	1.0
30	1805	1.0
30	1806	1.0
30	1807	1.0
30	1808	1.0
30	1809	1.0
30	1810	1.0
30	1811	1.0
30	1812	1.0
30	1813	1.0
30	1814	1.0
30	1815	1.0
30	1816	1.0
30	1817	1.0
30	1818	1.0
30	1819	1.0
30	1820	1.0
30	1821	1.0
30	1822	1.0
30	1823	1.0
30	1824	1.0
30	1825	1.0
30	1826	1.0
30	1827	1.0
30	1828	1.0
30	1829	1.0
30	1830	1.0
30	1831	1.0
30	1832	1.0
30	1833	1.0
30	1834	1.0
30	1835	1.0
30	1836	1.0
30	1837	1.0
30	1838	1.0
30	1839	1.0
30	1840	1.0
30	1841	1.0
30	1842	1.0
30	1843	1.0
30	1844	1.0
30	1845	1.0
30	1846	1.0
30	1847	1.0
30	1848	1.0
30	1849	1.0
30	1850	1.0
30	1851	1.0
30	1852	1.0
30	1853	1.0
30	1854	1.0
30	1855	1.0
30	1856	1.0
30	1857	1.0
30	1858	1.0
30	1859	1.0
30	1860	1.0
31	1861	1.0
31	1862	1.0
31	1863	1.0
31	1864	1.0
31	1865	1.0
31	1866	1.0
31	1867	1.0
31	1868	1.0
31	1869	1.0
31	1870	1.0
31	1871	1.0
31	1872	1.0
31	1873	1.0
31	1874	1.0
31	1875	1.0
31	1876	1.0
31	1877	1.0
31	1878	1.0
31	1879	1.0
31	1880	1.0
31	1881	1.0
31	1882	1.0
31	1883	1.0
31	1884	1.0
31	1885	1.0
31	1886	1.0
31	1887	1.0
31	1888	1.0
31	1889	1.0
31	1890	1.0
31	1891	1.0
31	1892	1.0
31	1893	1.0
31	1894	1.0
31	1895	1.0
31	1896	1.0
31	1897	1.0
31	1898	1.0
31	1899	1.0
31	1900	1.0
31	1901	1.0
31	1902	1.0
31	1903	1.0
31	1904	1.0
31	1905	1.0
31	1906	1.0
31	1907	1.0
31	1908	1.0
31	1909	1.0
31	1910	1.0
31	1911	1.0
31	1912	1.0
31	1913	1.0
31	1914	1.0
31	1915	1.0
31	1916	1.0
31	1917	1.0
31	1918	1.0
31	1919	1.0
31	1920	1.0
31	1921	1.0
31	1922	1.0
32	1923	1.0
32	1924	1.0
32	1925	1.0
32	1926	1.0
32	1927	1.0
32	1928	1.0
32	1929	1.0
32	1930	1.0
32	1931	1.0
32	1932	1.0
32	1933	1.0
32	1934	1.0
32	1935	1.0
32	1936	1.0
32	1937	1.0
32	1938	1.0
32	1939	1.0
32	1940	1.0
32	1941	1.0
32	1942	1.0
32	1943	1.0
32	1944	1.0
32	1945	1.0
32	1946	1.0
32	1947	1.0
32	1948	1.0
32	1949	1.0
32	1950	1.0
32	1951	1.0
32	1952	1.0
32	1953	1.0
32	1954	1.0
32	1955	1.0
32	1956	1.0
32	1957	1.0
32	1958	1.0
32	1959	1.0
32	1960	1.0
32	1961	1.0
32	1962	1.0
32	1963	1.0
32	1964	1.0
32	1965	1.0
32	1966	1.0
32	1967	1.0
32	1968	1.0
32	1969	1.0
32	1970	1.0
32	1971	1.0
32	1972	1.0
32	1973	1.0
32	1974	1.0
32	1975	1.0
32	1976	1.0
32	1977	1.0
32	1978	1.0
32	1979	1.0
32	1980	1.0
32	1981	1.0
32	1982	1.0
32	1983	1.0
32	1984	1.0
33	1985	1.0
33	1986	1.0
33	1987	1.0
33	1988	1.0
33	1989	1.0
33	1990	1.0
33	1991	1.0
33	1992	1.0
33	1993	1.0
33	1994	1.0
33	1995	1.0
33	1996	1.0
33	1997	1.0
33	1998	1.0
33	1999	1.0
33	2000	1.0
33	2001	1.0
33	2002	1.0
33	2003	1.0
33	2004	1.0
33	2005	1.0
33	2006	1.0
33	2007	1.0
33	2008	1.0
33	2009	1.0
33	2010	1.0
33	2011	1.0
33	2012	1.0
33	2013	1.0
33	2014	1.0
33	2015	1.0
33	2016	1.0
33	2017	1.0
33	2018	1.0
33	2019	1.0
33	2020	1.0
33	2021	1.0
33	2022	1.0
33	2023	1.0
33	2024	1.0
33	2025	1.0
33	2026	1.0
33	2027	1.0
33	2028	1.0
33	2029	1.0
33	2030	1.0
33	2031	1.0
33	2032	1.0
33	2033	1.0
33	2034	1.0
33	2035	1.0
33	2036	1.0
33	2037	1.0
33	2038	1.0
33	2039	1.0
33	2040	1.0
33	2041	1.0
33	2042	1.0
33	2043	1.0
33	2044	1.0
33	2045	1.0
33	2046	1.0
34	2047	1.0
34	2048	1.0
34	2049	1.0
34	2050	1.0
34	2051	1.0
34	2052	1.0
34	2053	1.0
34	2054	1.0
34	2055	1.0
34	2056	1.0
34	2057	1.0
34	2058	1.0
34	2059	1.0
34	2060	1.0
34	2061	1.0
34	2062	1.0
34	2063	1.0
34	2064	1.0
34	2065	1.0
34	2066	1.0
34	2067	1.0
34	2068	1.0
34	2069	1.0
34	2070	1.0
34	2071	1.0
34	2072	1.0
34	2073	1.0
34	2074	1.0
34	2075	1.0
34	2076	1.0
34	2077	1.0
34	2078	1.0
34	2079	1.0
34	2080	1.0
34	2081	1.0
34	2082	1.0
34	2083	1.0
34	2084	1.0
34	2085	1.0
34	2086	1.0
34	2087	1.0
34	2088	1.0
34	2089	1.0
34	2090	1.0
34	2091	1.0
34	2092	1.0
34	2093	1.0
34	2094	1.0
34	2095	1.0
34	2096	1.0
34	2097	1.0
34	2098	1.0
34	2099	1.0
34	2100	1.0
34	2101	1.0
34	2102	1.0
34	2103	1.0
34	2104	1.0
34	2105	1.0
34	2106	1.0
34	2107	1.0
34	2108	1.0
35	2109	1.0
35	2110	1.0
35	2111	1.0
35	2112	1.0
35	2113	1.0
35	2114	1.0
35	2115	1.0
35	2116	1.0
35	2117	1.0
35	2118	1.0
35	2119	1.0
35	2120	1.0
35	2121	1.0
35	2122	1.0
35	2123	1.0
35	2124	1.0
35	2125	1.0
35	2126	1.0
35	2127	1.0
35	2128	1.0
35	2129	1.0
35	2130	1.0
35	2131	1.0
35	2132	1.0
35	2133	1.0
35	2134	1.0
35	2135	1.0
35	2136	1.0
35	2137	1.0
35	2138	1.0
35	2139	1.0
35	2140	1.0
35	2141	1.0
35	2142	1.0
35	2143	1.0
35	2144	1.0
35	2145	1.0
35	2146	1.0
35	2147	1.0
35	2148	1.0
35	2149	1.0
35	2150	1.0
35	2151	1.0
35	2152	1.0
35	2153	1.0
35	2154	1.0
35	2155	1.0
35	2156	1.0
35	2157	1.0
35	2158	1.0
35	2159	1.0
35	2160	1.0
35	2161	1.0
35	2162	1.0
35	2163	1.0
35	2164	1.0
35	2165	1.0
35	2166	1.0
35	2167	1.0
35	2168	1.0
35	2169	1.0
35	2170	1.0
36	2171	1.0
36	2172	1.0
36	2173	1.0
36	2174	1.0
36	2175	1.0
36	2176	1.0
36	2177	1.0
36	2178	1.0
36	2179	1.0
36	2180	1.0
36	2181	1.0
36	2182	1.0
36	2183	1.0
36	2184	1.0
36	2185	1.0
36	2186	1.0
36	2187	1.0
36	2188	1.0
36	2189	1.0
36	2190	1.0
36	2191	1.0
36	2192	1.0
36	2193	1.0
36	2194	1.0
36	2195	1.0
36	2196	1.0
36	2197	1.0
36	2198	1.0
36	2199	1.0
36	2200	1.0
36	2201	1.0
36	2202	1.0
36	2203	1.0
36	2204	1.0
36	2205	1.0
36	2206	1.0
36	2207	1.0
36	2208	1.0
36	2209	1.0
36	2210	1.0
36	2211	1.0
36	2212	1.0
36	2213	1.0
36	2214	1.0
36	2215	1.0
36	2216	1.0
36	2217	1.0
36	2218	1.0
36	2219	1.0
36	2220	1.0
36	2221	1.0
36	2222	1.0
36	2223	1.0
36	2224	1.0
36	2225	1.0
36	2226	1.0
36	2227	1.0
36	2228	1.0
36	2229	1.0
36	2230	1.0
36	2231	1.0
36	2232	1.0
37	2233	1.0
37	2234	1.0
37	2235	1.0
37	2236	1.0
37	2237	1.0
37	2238	1.0
37	2239	1.0
37	2240	1.0
37	2241	1.0
37	2242	1.0
37	2243	1.0
37	2244	1.0
37	2245	1.0
37	2246	1.0
37	2247	1.0
37	2248	1.0
37	2249	1.0
37	2250	1.0
37	2251	1.0
37	2252	1.0
37	2253	1.0
37	2254	1.0
37	2255	1.0
37	2256	1.0
37	2257	1.0
37	2258	1.0
37	2259	1.0
37	2260	1.0
37	2261	1.0
37	2262	1.0
37	2263	1.0
37	2264	1.0
37	2265	1.0
37	2266	1.0
37	2267	1.0
37	2268	1.0
37	2269	1.0
37	2270	1.0
37	2271	1.0
37	2272	1.0
37	2273	1.0
37	2274	1.0
37	2275	1.0
37	2276	1.0
37	2277	1.0
37	2278	1.0
37	2279	1.0
37	2280	1.0
37	2281	1.0
37	2282	1.0
37	2283	1.0
37	2284	1.0
37	2285	1.0
37	2286	1.0
37	2287	1.0
37	2288	1.0
37	2289	1.0
37	2290	1.0
37	2291	1.0
37	2292	1.0
37	2293	1.0
37	2294	1.0
38	2295	1.0
38	2296	1.0
38	2297	1.0
38	2298	1.0
38	2299	1.0
38	2300	1.0
38	2301	1.0
38	2302	1.0
38	2303	1.0
38	2304	1.0
38	2305	1.0
38	2306	1.0
38	2307	1.0
38	2308	1.0
38	2309	1.0
38	2310	1.0
38	2311	1.0
38	2312	1.0
38	2313	1.0
38	2314	1.0
38	2315	1.0
38	2316	1.0
38	2317	1.0
38	2318	1.0
38	2319	1.0
38	2320	1.0
38	2321	1.0
38	2322	1.0
38	2323	1.0
38	2324	1.0
38	2325	1.0
38	2326	1.0
38	2327	1.0
38	2328	1.0
38	2329	1.0
38	2330	1.0
38	2331	1.0
38	2332	1.0
38	2333	1.0
38	2334	1.0
38	2335	1.0
38	2336	1.0
38	2337	1.0
38	2338	1.0
38	2339	1.0
38	2340	1.0
38	2341	1.0
38	2342	1.0
38	2343	1.0
38	2344	1.0
38	2345	1.0
38	2346	1.0
38	2347	1.0
38	2348	1.0
38	2349	1.0
38	2350	1.0
38	2351	1.0
38	2352	1.0
38	2353	1.0
38	2354	1.0
38	2355	1.0
38	2356	1.0
39	2357	1.0
39	2358	1.0
39	2359	1.0
39	2360	1.0
39	2361	1.0
39	2362	1.0
39	2363	1.0
39	2364	1.0
39	2365	1.0
39	2366	1.0
39	2367	1.0
39	2368	1.0
39	2369	1.0
39	2370	1.0
39	2371	1.0
39	2372	1.0
39	2373	1.0
39	2374	1.0
39	2375	1.0
39	2376	1.0
39	2377	1.0
39	2378	1.0
39	2379	1.0
39	2380	1.0
39	2381	1.0
39	2382	1.0
39	2383	1.0
39	2384	1.0
39	2385	1.0
39	2386	1.0
39	2387	1.0
39	2388	1.0
39	2389	1.0
39	2390	1.0
39	2391	1.0
39	2392	1.0
39	2393	1.0
39	2394	1.0
39	2395	1.0
39	2396	1.0
39	2397	1.0
39	2398	1.0
39	2399	1.0
39	2400	1.0
39	2401	1.0
39	2402	1.0
39	2403	1.0
39	2404	1.0
39	2405	1.0
39	2406	1.0
39	2407	1.0
39	2408	1.0
39	2409	1.0
39	2410	1.0
39	2411	1.0
39	2412	1.0
39	2413	1.0
39	2414	1.0
39	2415	1.0
39	2416	1.0
39	2417	1.0
39	2418	1.0
40	2419	1.0
40	2420	1.0
40	2421	1.0
40	2422	1.0
40	2423	1.0
40	2424	1.0
40	2425	1.0
40	2426	1.0
40	2427	1.0
40	2428	1.0
40	2429	1.0
40	2430	1.0
40	2431	1.0
40	2432	1.0
40	2433	1.0
40	2434	1.0
40	2435	1.0
40	2436	1.0
40	2437	1.0
40	2438	1.0
40	2439	1.0
40	2440	1.0
40	2441	1.0
40	2442	1.0
40	2443	1.0
40	2444	1.0
40	2445	1.0
40	2446	1.0
40	2447	1.0
40	2448	1.0
40	2449	1.0
40	2450	1.0
40	2451	1.0
40	2452	1.0
40	2453	1.0
40	2454	1.0
40	2455	1.0
40	2456	1.0
40	2457	1.0
40	2458	1.0
40	2459	1.0
40	2460	1.0
40	2461	1.0
40	2462	1.0
40	2463	1.0
40	2464	1.0
40	2465	1.0
40	2466	1.0
40	2467	1.0
40	2468	1.0
40	2469	1.0
40	2470	1.0
40	2471	1.0
40	2472	1.0
40	2473	1.0
40	2474	1.0
40	2475	1.0
40	2476	1.0
40	2477	1.0
40	2478	1.0
40	2479	1.0
40	2480	1.0
41	2481	1.0
41	2482	1.0
41	2483	1.0
41	2484	1.0
41	2485	1.0
41	2486	1.0
41	2487	1.0
41	2488	1.0
41	2489	1.0
41	2490	1.0
41	2491	1.0
41	2492	1.0
41	2493	1.0
41	2494	1.0
41	2495	1.0
41	2496	1.0
41	2497	1.0
41	2498	1.0
41	2499	1.0
41	2500	1.0
41	2501	1.0
41	2502	1.0
41	2503	1.0
41	2504	1.0
41	2505	1.0
41	2506	1.0
41	2507	1.0
41	2508	1.0
41	2509	1.0
41	2510	1.0
41	2511	1.0
41	2512	1.0
41	2513	1.0
41	2514	1.0
41	2515	1.0
41	2516	1.0
41	2517	1.0
41	2518	1.0
41	2519	1.0
41	2520	1.0
41	2521	1.0
41	2522	1.0
41	2523	1.0
41	2524	1.0
41	2525	1.0
41	2526	1.0
41	2527	1.0
41	2528	1.0
41	2529	1.0
41	2530	1.0
41	2531	1.0
41	2532	1.0
41	2533	1.0
41	2534	1.0
41	2535	1.0
41	2536	1.0
41	2537	1.0
41	2538	1.0
41	2539	1.0
41	2540	1.0
41	2541	1.0
41	2542	1.0
42	2543	1.0
42	2544	1.0
42	2545	1.0
42	2546	1.0
42	2547	1.0
42	2548	1.0
42	2549	1.0
42	2550	1.0
42	2551	1.0
42	2552	1.0
42	2553	1.0
42	2554	1.0
42	2555	1.0
42	2556	1.0
42	2557	1.0
42	2558	1.0
42	2559	1.0
42	2560	1.0
42	2561	1.0
42	2562	1.0
42	2563	1.0
42	2564	1.0
42	2565	1.0
42	2566	1.0
42	2567	1.0
42	2568	1.0
42	2569	1.0
42	2570	1.0
42	2571	1.0
42	2572	1.0
42	2573	1.0
42	2574	1.0
42	2575	1.0
42	2576	1.0
42	2577	1.0
42	2578	1.0
42	2579	1.0
42	2580	1.0
42	2581	1.0
42	2582	1.0
42	2583	1.0
42	2584	1.0
42	2585	1.0
42	2586	1.0
42	2587	1.0
42	2588	1.0
42	2589	1.0
42	2590	1.0
42	2591	1.0
42	2592	1.0
42	2593	1.0
42	2594	1.0
42	2595	1.0
42	2596	1.0
42	2597	1.0
42	2598	1.0
42	2599	1.0
42	2600	1.0
42	2601	1.0
42	2602	1.0
42	2603	1.0
42	2604	1.0
43	2605	1.0
43	2606	1.0
43	2607	1.0
43	2608	1.0
43	2609	1.0
43	2610	1.0
43	2611	1.0
43	2612	1.0
43	2613	1.0
43	2614	1.0
43	2615	1.0
43	2616	1.0
43	2617	1.0
43	2618	1.0
43	2619	1.0
43	2620	1.0
43	2621	1.0
43	2622	1.0
43	2623	1.0
43	2624	1.0
43	2625	1.0
43	2626	1.0
43	2627	1.0
43	2628	1.0
43	2629	1.0
43	2630	1.0
43	2631	1.0
43	2632	1.0
43	2633	1.0
43	2634	1.0
43	2635	1.0
43	2636	1.0
43	2637	1.0
43	2638	1.0
43	2639	1.0
43	2640	1.0
43	2641	1.0
43	2642	1.0
43	2643	1.0
43	2644	1.0
43	2645	1.0
43	2646	1.0
43	2647	1.0
43	2648	1.0
43	2649	1.0
43	2650	1.0
43	2651	1.0
43	2652	1.0
43	2653	1.0
43	2654	1.0
43	2655	1.0
43	2656	1.0
43	2657	1.0
43	2658	1.0
43	2659	1.0
43	2660	1.0
43	2661	1.0
43	2662	1.0
43	2663	1.0
43	2664	1.0
43	2665	1.0
43	2666	1.0
44	2667	1.0
44	2668	1.0
44	2669	1.0
44	2670	1.0
44	2671	1.0
44	2672	1.0
44	2673	1.0
44	2674	1.0
44	2675	1.0
44	2676	1.0
44	2677	1.0
44	2678	1.0
44	2679	1.0
44	2680	1.0
44	2681	1.0
44	2682	1.0
44	2683	1.0
44	2684	1.0
44	2685	1.0
44	2686	1.0
44	2687	1.0
44	2688	1.0
44	2689	1.0
44	2690	1.0
44	2691	1.0
44	2692	1.0
44	2693	1.0
44	2694	1.0
44	2695	1.0
44	2696	1.0
44	2697	1.0
44	2698	1.0
44	2699	1.0
44	2700	1.0
44	2701	1.0
44	2702	1.0
44	2703	1.0
44	2704	1.0
44	2705	1.0
44	2706	1.0
44	2707	1.0
44	2708	1.0
44	2709	1.0
44	2710	1.0
44	2711	1.0
44	2712	1.0
44	2713	1.0
44	2714	1.0
44	2715	1.0
44	2716	1.0
44	2717	1.0
44	2718	1.0
44	2719	1.0
44	2720	1.0
44	2721	1.0
44	2722	1.0
44	2723	1.0
44	2724	1.0
44	2725	1.0
44	2726	1.0
44	2727	1.0
44	2728	1.0
45	2729	1.0
45	2730	1.0
45	2731	1.0
45	2732	1.0
45	2733	1.0
45	2734	1.0
45	2735	1.0
45	2736	1.0
45	2737	1.0
45	2738	1.0
45	2739	1.0
45	2740	1.0
45	2741	1.0
45	2742	1.0
45	2743	1.0
45	2744	1.0
45	2745	1.0
45	2746	1.0
45	2747	1.0
45	2748	1.0
45	2749	1.0
45	2750	1.0
45	2751	1.0
45	2752	1.0
45	2753	1.0
45	2754	1.0
45	2755	1.0
45	2756	1.0
45	2757	1.0
45	2758	1.0
45	2759	1.0
45	2760	1.0
45	2761	1.0
45	2762	1.0
45	2763	1.0
45	2764	1.0
45	2765	1.0
45	2766	1.0
45	2767	1.0
45	2768	1.0
45	2769	1.0
45	2770	1.0
45	2771	1.0
45	2772	1.0
45	2773	1.0
45	2774	1.0
45	2775	1.0
45	2776	1.0
45	2777	1.0
45	2778	1.0
45	2779	1.0
45	2780	1.0
45	2781	1.0
45	2782	1.0
45	2783	1.0
45	2784	1.0
45	2785	1.0
45	2786	1.0
45	2787	1.0
45	2788	1.0
45	2789	1.0
45	2790	1.0
46	2791	1.0
46	2792	1.0
46	2793	1.0
46	2794	1.0
46	2795	1.0
46	2796	1.0
46	2797	1.0
46	2798	1.0
46	2799	1.0
46	2800	1.0
46	2801	1.0
46	2802	1.0
46	2803	1.0
46	2804	1.0
46	2805	1.0
46	2806	1.0
46	2807	1.0
46	2808	1.0
46	2809	1.0
46	2810	1.0
46	2811	1.0
46	2812	1.0
46	2813	1.0
46	2814	1.0
46	2815	1.0
46	2816	1.0
46	2817	1.0
46	2818	1.0
46	2819	1.0
46	2820	1.0
46	2821	1.0
46	2822	1.0
46	2823	1.0
46	2824	1.0
46	2825	1.0
46	2826	1.0
46	2827	1.0
46	2828	1.0
46	2829	1.0
46	2830	1.0
46	2831	1.0
46	2832	1.0
46	2833	1.0
46	2834	1.0
46	2835	1.0
46	2836	1.0
46	2837	1.0
46	2838	1.0
46	2839	1.0
46	2840	1.0
46	2841	1.0
46	2842	1.0
46	2843	1.0
46	2844	1.0
46	2845	1.0
46	2846	1.0
46	2847	1.0
46	2848	1.0
46	2849	1.0
46	2850	1.0
46	2851	1.0
46	2852	1.0
47	2853	1.0
47	2854	1.0
47	2855	1.0
47	2856	1.0
47	2857	1.0
47	2858	1.0
47	2859	1.0
47	2860	1.0
47	2861	1.0
47	2862	1.0
47	2863	1.0
47	2864	1.0
47	2865	1.0
47	2866	1.0
47	2867	1.0
47	2868	1.0
47	2869	1.0
47	2870	1.0
47	2871	1.0
47	2872	1.0
47	2873	1.0
47	2874	1.0
47	2875	1.0
47	2876	1.0
47	2877	1.0
47	2878	1.0
47	2879	1.0
47	2880	1.0
47	2881	1.0
47	2882	1.0
47	2883	1.0
47	2884	1.0
47	2885	1.0
47	2886	1.0
47	2887	1.0
47	2888	1.0
47	2889	1.0
47	2890	1.0
47	2891	1.0
47	2892	1.0
47	2893	1.0
47	2894	1.0
47	2895	1.0
47	2896	1.0
47	2897	1.0
47	2898	1.0
47	2899	1.0
47	2900	1.0
47	2901	1.0
47	2902	1.0
47	2903	1.0
47	2904	1.0
47	2905	1.0
47	2906	1.0
47	2907	1.0
47	2908	1.0
47	2909	1.0
47	2910	1.0
47	2911	1.0
47	2912	1.0
47	2913	1.0
47	2914	1.0
48	2915	1.0
48	2916	1.0
48	2917	1.0
48	2918	1.0
48	2919	1.0
48	2920	1.0
48	2921	1.0
48	2922	1.0
48	2923	1.0
48	2924	1.0
48	2925	1.0
48	2926	1.0
48	2927	1.0
48	2928	1.0
48	2929	1.0
48	2930	1.0
48	2931	1.0
48	2932	1.0
48	2933	1.0
48	2934	1.0
48	2935	1.0
48	2936	1.0
48	2937	1.0
48	2938	1.0
48	2939	1.0
48	2940	1.0
48	2941	1.0
48	2942	1.0
48	2943	1.0
48	2944	1.0
48	2945	1.0
48	2946	1.0
48	2947	1.0
48	2948	1.0
48	2949	1.0
48	2950	1.0
48	2951	1.0
48	2952	1.0
48	2953	1.0
48	2954	1.0
48	2955	1.0
48	2956	1.0
48	2957	1.0
48	2958	1.0
48	2959	1.0
48	2960	1.0
48	2961	1.0
48	2962	1.0
48	2963	1.0
48	2964	1.0
48	2965	1.0
48	2966	1.0
48	2967	1.0
48	2968	1.0
48	2969	1.0
48	2970	1.0
48	2971	1.0
48	2972	1.0
48	2973	1.0
48	2974	1.0
48	2975	1.0
48	2976	1.0
49	2977	1.0
49	2978	1.0
49	2979	1.0
49	2980	1.0
49	2981	1.0
49	2982	1.0
49	2983	1.0
49	2984	1.0
49	2985	1.0
49	2986	1.0
49	2987	1.0
49	2988	1.0
49	2989	1.0
49	2990	1.0
49	2991	1.0
49	2992	1.0
49	2993	1.0
49	2994	1.0
49	2995	1.0
49	2996	1.0
49	2997	1.0
49	2998	1.0
49	2999	1.0
49	3000	1.0
49	3001	1.0
49	3002	1.0
49	3003	1.0
49	3004	1.0
49	3005	1.0
49	3006	1.0
49	3007	1.0
49	3008	1.0
49	3009	1.0
49	3010	1.0
49	3011	1.0
49	3012	1.0
49	3013	1.0
49	3014	1.0
49	3015	1.0
49	3016	1.0
49	3017	1.0
49	3018	1.0
49	3019	1.0
49	3020	1.0
49	3021	1.0
49	3022	1.0
49	3023	1.0
49	3024	1.0
49	3025	1.0
49	3026	1.0
49	3027	1.0
49	3028	1.0
49	3029	1.0
49	3030	1.0
49	3031	1.0
49	3032	1.0
49	3033	1.0
49	3034	1.0
49	3035	1.0
49	3036	1.0
49	3037	1.0
49	3038	1.0
50	3039	1.0
50	3040	1.0
50	3041	1.0
50	3042	1.0
50	3043	1.0
50	3044	1.0
50	3045	1.0
50	3046	1.0
50	3047	1.0
50	3048	1.0
50	3049	1.0
50	3050	1.0
50	3051	1.0
50	3052	1.0
50	3053	1.0
50	3054	1.0
50	3055	1.0
50	3056	1.0
50	3057	1.0
50	3058	1.0
50	3059	1.0
50	3060	1.0
50	3061	1.0
50	3062	1.0
50	3063	1.0
50	3064	1.0
50	3065	1.0
50	3066	1.0
50	3067	1.0
50	3068	1.0
50	3069	1.0
50	3070	1.0
50	3071	1.0
50	3072	1.0
50	3073	1.0
50	3074	1.0
50	3075	1.0
50	3076	1.0
50	3077	1.0
50	3078	1.0
50	3079	1.0
50	3080	1.0
50	3081	1.0
50	3082	1.0
50	3083	1.0
50	3084	1.0
50	3085	1.0
50	3086	1.0
50	3087	1.0
50	3088	1.0
50	3089	1.0
50	3090	1.0
50	3091	1.0
50	3092	1.0
50	3093	1.0
50	3094	1.0
50	3095	1.0
50	3096	1.0
50	3097	1.0
50	3098	1.0
50	3099	1.0
50	3100	1.0
51	3101	1.0
51	3102	1.0
51	3103	1.0
51	3104	1.0
51	3105	1.0
51	3106	1.0
51	3107	1.0
51	3108	1.0
51	3109	1.0
51	3110	1.0
51	3111	1.0
51	3112	1.0
51	3113	1.0
51	3114	1.0
51	3115	1.0
51	3116	1.0
51	3117	1.0
51	3118	1.0
51	3119	1.0
51	3120	1.0
51	3121	1.0
51	3122	1.0
51	3123	1.0
51	3124	1.0
51	3125	1.0
51	3126	1.0
51	3127	1.0
51	3128	1.0
51	3129	1.0
51	3130	1.0
51	3131	1.0
51	3132	1.0
51	3133	1.0
51	3134	1.0
51	3135	1.0
51	3136	1.0
51	3137	1.0
51	3138	1.0
51	3139	1.0
51	3140	1.0
51	3141	1.0
51	3142	1.0
51	3143	1.0
51	3144	1.0
51	3145	1.0
51	3146	1.0
51	3147	1.0
51	3148	1.0
51	3149	1.0
51	3150	1.0
51	3151	1.0
51	3152	1.0
51	3153	1.0
51	3154	1.0
51	3155	1.0
51	3156	1.0
51	3157	1.0
51	3158	1.0
51	3159	1.0
51	3160	1.0
51	3161	1.0
51	3162	1.0
52	3163	1.0
52	3164	1.0
52	3165	1.0
52	3166	1.0
52	3167	1.0
52	3168	1.0
52	3169	1.0
52	3170	1.0
52	3171	1.0
52	3172	1.0
52	3173	1.0
52	3174	1.0
52	3175	1.0
52	3176	1.0
52	3177	1.0
52	3178	1.0
52	3179	1.0
52	3180	1.0
52	3181	1.0
52	3182	1.0
52	3183	1.0
52	3184	1.0
52	3185	1.0
52	3186	1.0
52	3187	1.0
52	3188	1.0
52	3189	1.0
52	3190	1.0
52	3191	1.0
52	3192	1.0
52	3193	1.0
52	3194	1.0
52	3195	1.0
52	3196	1.0
52	3197	1.0
52	3198	1.0
52	3199	1.0
52	3200	1.0
52	3201	1.0
52	3202	1.0
52	3203	1.0
52	3204	1.0
52	3205	1.0
52	3206	1.0
52	3207	1.0
52	3208	1.0
52	3209	1.0
52	3210	1.0
52	3211	1.0
52	3212	1.0
52	3213	1.0
52	3214	1.0
52	3215	1.0
52	3216	1.0
52	3217	1.0
52	3218	1.0
52	3219	1.0
52	3220	1.0
52	3221	1.0
52	3222	1.0
52	3223	1.0
52	3224	1.0
53	3225	1.0
53	3226	1.0
53	3227	1.0
53	3228	1.0
53	3229	1.0
53	3230	1.0
53	3231	1.0
53	3232	1.0
53	3233	1.0
53	3234	1.0
53	3235	1.0
53	3236	1.0
53	3237	1.0
53	3238	1.0
53	3239	1.0
53	3240	1.0
53	3241	1.0
53	3242	1.0
53	3243	1.0
53	3244	1.0
53	3245	1.0
53	3246	1.0
53	3247	1.0
53	3248	1.0
53	3249	1.0
53	3250	1.0
53	3251	1.0
53	3252	1.0
53	3253	1.0
53	3254	1.0
53	3255	1.0
53	3256	1.0
53	3257	1.0
53	3258	1.0
53	3259	1.0
53	3260	1.0
53	3261	1.0
53	3262	1.0
53	3263	1.0
53	3264	1.0
53	3265	1.0
53	3266	1.0
53	3267	1.0
53	3268	1.0
53	3269	1.0
53	3270	1.0
53	3271	1.0
53	3272	1.0
53	3273	1.0
53	3274	1.0
53	3275	1.0
53	3276	1.0
53	3277	1.0
53	3278	1.0
53	3279	1.0
53	3280	1.0
53	3281	1.0
53	3282	1.0
53	3283	1.0
53	3284	1.0
53	3285	1.0
53	3286	1.0
54	3287	1.0
54	3288	1.0
54	3289	1.0
54	3290	1.0
54	3291	1.0
54	3292	1.0
54	3293	1.0
54	3294	1.0
54	3295	1.0
54	3296	1.0
54	3297	1.0
54	3298	1.0
54	3299	1.0
54	3300	1.0
54	3301	1.0
54	3302	1.0
54	3303	1.0
54	3304	1.0
54	3305	1.0
54	3306	1.0
54	3307	1.0
54	3308	1.0
54	3309	1.0
54	3310	1.0
54	3311	1.0
54	3312	1.0
54	3313	1.0
54	3314	1.0
54	3315	1.0
54	3316	1.0
54	3317	1.0
54	3318	1.0
54	3319	1.0
54	3320	1.0
54	3321	1.0
54	3322	1.0
54	3323	1.0
54	3324	1.0
54	3325	1.0
54	3326	1.0
54	3327	1.0
54	3328	1.0
54	3329	1.0
54	3330	1.0
54	3331	1.0
54	3332	1.0
54	3333	1.0
54	3334	1.0
54	3335	1.0
54	3336	1.0
54	3337	1.0
54	3338	1.0
54	3339	1.0
54	3340	1.0
54	3341	1.0
54	3342	1.0
54	3343	1.0
54	3344	1.0
54	3345	1.0
54	3346	1.0
54	3347	1.0
54	3348	1.0
55	3349	1.0
55	3350	1.0
55	3351	1.0
55	3352	1.0
55	3353	1.0
55	3354	1.0
55	3355	1.0
55	3356	1.0
55	3357	1.0
55	3358	1.0
55	3359	1.0
55	3360	1.0
55	3361	1.0
55	3362	1.0
55	3363	1.0
55	3364	1.0
55	3365	1.0
55	3366	1.0
55	3367	1.0
55	3368	1.0
55	3369	1.0
55	3370	1.0
55	3371	1.0
55	3372	1.0
55	3373	1.0
55	3374	1.0
55	3375	1.0
55	3376	1.0
55	3377	1.0
55	3378	1.0
55	3379	1.0
55	3380	1.0
55	3381	1.0
55	3382	1.0
55	3383	1.0
55	3384	1.0
55	3385	1.0
55	3386	1.0
55	3387	1.0
55	3388	1.0
55	3389	1.0
55	3390	1.0
55	3391	1.0
55	3392	1.0
55	3393	1.0
55	3394	1.0
55	3395	1.0
55	3396	1.0
55	3397	1.0
55	3398	1.0
55	3399	1.0
55	3400	1.0
55	3401	1.0
55	3402	1.0
55	3403	1.0
55	3404	1.0
55	3405	1.0
55	3406	1.0
55	3407	1.0
55	3408	1.0
55	3409	1.0
55	3410	1.0
56	3411	1.0
56	3412	1.0
56	3413	1.0
56	3414	1.0
56	3415	1.0
56	3416	1.0
56	3417	1.0
56	3418	1.0
56	3419	1.0
56	3420	1.0
56	3421	1.0
56	3422	1.0
56	3423	1.0
56	3424	1.0
56	3425	1.0
56	3426	1.0
56	3427	1.0
56	3428	1.0
56	3429	1.0
56	3430	1.0
56	3431	1.0
56	3432	1.0
56	3433	1.0
56	3434	1.0
56	3435	1.0
56	3436	1.0
56	3437	1.0
56	3438	1.0
56	3439	1.0
56	3440	1.0
56	3441	1.0
56	3442	1.0
56	3443	1.0
56	3444	1.0
56	3445	1.0
56	3446	1.0
56	3447	1.0
56	3448	1.0
56	3449	1.0
56	3450	1.0
56	3451	1.0
56	3452	1.0
56	3453	1.0
56	3454	1.0
56	3455	1.0
56	3456	1.0
56	3457	1.0
56	3458	1.0
56	3459	1.0
56	3460	1.0
56	3461	1.0
56	3462	1.0
56	3463	1.0
56	3464	1.0
56	3465	1.0
56	3466	1.0
56	3467	1.0
56	3468	1.0
56	3469	1.0
56	3470	1.0
56	3471	1.0
56	3472	1.0
57	3473	1.0
57	3474	1.0
57	3475	1.0
57	3476	1.0
57	3477	1.0
57	3478	1.0
57	3479	1.0
57	3480	1.0
57	3481	1.0
57	3482	1.0
57	3483	1.0
57	3484	1.0
57	3485	1.0
57	3486	1.0
57	3487	1.0
57	3488	1.0
57	3489	1.0
57	3490	1.0
57	3491	1.0
57	3492	1.0
57	3493	1.0
57	3494	1.0
57	3495	1.0
57	3496	1.0
57	3497	1.0
57	3498	1.0
57	3499	1.0
57	3500	1.0
57	3501	1.0
57	3502	1.0
57	3503	1.0
57	3504	1.0
57	3505	1.0
57	3506	1.0
57	3507	1.0
57	3508	1.0
57	3509	1.0
57	3510	1.0
57	3511	1.0
57	3512	1.0
57	3513	1.0
57	3514	1.0
57	3515	1.0
57	3516	1.0
57	3517	1.0
57	3518	1.0
57	3519	1.0
57	3520	1.0
57	3521	1.0
57	3522	1.0
57	3523	1.0
57	3524	1.0
57	3525	1.0
57	3526	1.0
57	3527	1.0
57	3528	1.0
57	3529	1.0
57	3530	1.0
57	3531	1.0
57	3532	1.0
57	3533	1.0
57	3534	1.0
58	3535	1.0
58	3536	1.0
58	3537	1.0
58	3538	1.0
58	3539	1.0
58	3540	1.0
58	3541	1.0
58	3542	1.0
58	3543	1.0
58	3544	1.0
58	3545	1.0
58	3546	1.0
58	3547	1.0
58	3548	1.0
58	3549	1.0
58	3550	1.0
58	3551	1.0
58	3552	1.0
58	3553	1.0
58	3554	1.0
58	3555	1.0
58	3556	1.0
58	3557	1.0
58	3558	1.0
58	3559	1.0
58	3560	1.0
58	3561	1.0
58	3562	1.0
58	3563	1.0
58	3564	1.0
58	3565	1.0
58	3566	1.0
58	3567	1.0
58	3568	1.0
58	3569	1.0
58	3570	1.0
58	3571	1.0
58	3572	1.0
58	3573	1.0
58	3574	1.0
58	3575	1.0
58	3576	1.0
58	3577	1.0
58	3578	1.0
58	3579	1.0
58	3580	1.0
58	3581	1.0
58	3582	1.0
58	3583	1.0
58	3584	1.0
58	3585	1.0
58	3586	1.0
58	3587	1.0
58	3588	1.0
58	3589	1.0
58	3590	1.0
58	3591	1.0
58	3592	1.0
58	3593	1.0
58	3594	1.0
58	3595	1.0
58	3596	1.0
59	3597	1.0
59	3598	1.0
59	3599	1.0
59	3600	1.0
59	3601	1.0
59	3602	1.0
59	3603	1.0
59	3604	1.0
59	3605	1.0
59	3606	1.0
59	3607	1.0
59	3608	1.0
59	3609	1.0
59	3610	1.0
59	3611	1.0
59	3612	1.0
59	3613	1.0
59	3614	1.0
59	3615	1.0
59	3616	1.0
59	3617	1.0
59	3618	1.0
59	3619	1.0
59	3620	1.0
59	3621	1.0
59	3622	1.0
59	3623	1.0
59	3624	1.0
59	3625	1.0
59	3626	1.0
59	3627	1.0
59	3628	1.0
59	3629	1.0
59	3630	1.0
59	3631	1.0
59	3632	1.0
59	3633	1.0
59	3634	1.0
59	3635	1.0
59	3636	1.0
59	3637	1.0
59	3638	1.0
59	3639	1.0
59	3640	1.0
59	3641	1.0
59	3642	1.0
59	3643	1.0
59	3644	1.0
59	3645	1.0
59	3646	1.0
59	3647	1.0
59	3648	1.0
59	3649	1.0
59	3650	1.0
59	3651	1.0
59	3652	1.0
59	3653	1.0
59	3654	1.0
59	3655	1.0
59	3656	1.0
59	3657	1.0
59	3658	1.0
60	3659	1.0
60	3660	1.0
60	3661	1.0
60	3662	1.0
60	3663	1.0
60	3664	1.0
60	3665	1.0
60	3666	1.0
60	3667	1.0
60	3668	1.0
60	3669	1.0
60	3670	1.0
60	3671	1.0
60	3672	1.0
60	3673	1.0
60	3674	1.0
60	3675	1.0
60	3676	1.0
60	3677	1.0
60	3678	1.0
60	3679	1.0
60	3680	1.0
60	3681	1.0
60	3682	1.0
60	3683	1.0
60	3684	1.0
60	3685	1.0
60	3686	1.0
60	3687	1.0
60	3688	1.0
60	3689	1.0
60	3690	1.0
60	3691	1.0
60	3692	1.0
60	3693	1.0
60	3694	1.0
60	3695	1.0
60	3696	1.0
60	3697	1.0
60	3698	1.0
60	3699	1.0
60	3700	1.0
60	3701	1.0
60	3702	1.0
60	3703	1.0
60	3704	1.0
60	3705	1.0
60	3706	1.0
60	3707	1.0
60	3708	1.0
60	3709	1.0
60	3710	1.0
60	3711	1.0
60	3712	1.0
60	3713	1.0
60	3714	1.0
60	3715	1.0
60	3716	1.0
60	3717	1.0
60	3718	1.0
60	3719	1.0
60	3720	1.0
61	3721	1.0
61	3722	1.0
61	3723	1.0
61	3724	1.0
61	3725	1.0
61	3726	1.0
61	3727	1.0
61	3728	1.0
61	3729	1.0
61	3730	1.0
61	3731	1.0
61	3732	1.0
61	3733	1.0
61	3734	1.0
61	3735	1.0
61	3736	1.0
61	3737	1.0
61	3738	1.0
61	3739	1.0
61	3740	1.0
61	3741	1.0
61	3742	1.0
61	3743	1.0
61	3744	1.0
61	3745	1.0
61	3746	1.0
61	3747	1.0
61	3748	1.0
61	3749	1.0
61	3750	1.0
61	3751	1.0
61	3752	1.0
61	3753	1.0
61	3754	1.0
61	3755	1.0
61	3756	1.0
61	3757	1.0
61	3758	1.0
61	3759	1.0
61	3760	1.0
61	3761	1.0
61	3762	1.0
61	3763	1.0
61	3764	1.0
61	3765	1.0
61	3766	1.0
61	3767	1.0
61	3768	1.0
61	3769	1.0
61	3770	1.0
61	3771	1.0
61	3772	1.0
61	3773	1.0
61	3774	1.0
61	3775	1.0
61	3776	1.0
61	3777	1.0
61	3778	1.0
61	3779	1.0
61	3780	1.0
61	3781	1.0
61	3782	1.0
62	3783	1.0
62	3784	1.0
62	3785	1.0
62	3786	1.0
62	3787	1.0
62	3788	1.0
62	3789	1.0
62	3790	1.0
62	3791	1.0
62	3792	1.0
62	3793	1.0
62	3794	1.0
62	3795	1.0
62	3796	1.0
62	3797	1.0
62	3798	1.0
62	3799	1.0
62	3800	1.0
62	3801	1.0
62	3802	1.0
62	3803	1.0
62	3804	1.0
62	3805	1.0
62	3806	1.0
62	3807	1.0
62	3808	1.0
62	3809	1.0
62	3810	1.0
62	3811	1.0
62	3812	1.0
62	3813	1.0
62	3814	1.0
62	3815	1.0
62	3816	1.0
62	3817	1.0
62	3818	1.0
62	3819	1.0
62	3820	1.0
62	3821	1.0
62	3822	1.0
62	3823	1.0
62	3824	1.0
62	3825	1.0
62	3826	1.0
62	3827	1.0
62	3828	1.0
62	3829	1.0
62	3830	1.0
62	3831	1.0
62	3832	1.0
62	3833	1.0
62	3834	1.0
62	3835	1.0
62	3836	1.0
62	3837	1.0
62	3838	1.0
62	3839	1.0
62	3840	1.0
62	3841	1.0
62	3842	1.0
62	3843	1.0
62	3844	1.0
