0.0
0.08385950321370853
0.15882433111223856
0.28339668356457964
0.19767076937296515
0.14392352202385125
0.0907732260801609
0.2030017897777566
0.13719315788697337
0.0582440798236181
0.17259512172277636
0.20872010418836634
0.12118889434886346
0.11788649742553214
0.19473470954657773
0.1441163282744967
0.22372089009646037
0.15422376687462927
0.21383889200634196
0.16739431946529723
0.16109019387520143
0.14609700014717106
0.2569486104429444
0.16974790509311147
0.1872867181135651
0.21904796534802598
0.13378812500367884
0.14196278357284348
0.19730414079869812
0.21082192184756307
0.08385950321370853
0.0
0.14334788599592252
0.2296508726069912
0.1636947832698098
0.12034856308656122
0.11588738994062293
0.18304886082607152
0.14714516050910406
0.0982249212967361
0.11403270107627027
0.20254522278284545
0.14516336009389555
0.14784522430403357
0.17707538291343608
0.18594383004034437
0.20864847265748793
0.12791715477898188
0.2151931029813688
0.16208681493570046
0.12835506205833883
0.13363401249776385
0.24388784317860127
0.15010193395406335
0.18948827945812372
0.19508674891022199
0.09122069340752675
0.11086790666148613
0.17891463210722175
0.24097549377011349
0.15882433111223856
0.14334788599592252
0.0
0.16023552502130262
0.09164451440620981
0.07374430137305527
0.1497311582896159
0.10315057357728316
0.16204018037588705
0.14093927618570354
0.13240083350285223
0.1508712741158916
0.11766742800261253
0.1347905546361094
0.1010729537519311
0.1670436903153558
0.20772868684898219
0.04014909656829154
0.15092366497090506
0.08001720545920109
0.1684291300443602
0.14534950460511553
0.15457021582345679
0.04511535505512504
0.1365058053509081
0.11272584061323296
0.16239779264432752
0.10578086981586038
0.11587033372076953
0.16102059348806913
0.28339668356457964
0.2296508726069912
0.16023552502130262
0.0
0.16515804618683433
0.16191695786823104
0.27015749063009986
0.16007951476925458
0.2522027660877305
0.2722360551989808
0.2003032490039852
0.19561949313846513
0.2459752712630936
0.23709792228206575
0.1378234889153968
0.26920743678371883
0.23302854743410728
0.15380821058497657
0.20921604061854943
0.21683820870121687
0.26904108450486236
0.22330350775849897
0.21319798439889742
0.1411142024625888
0.22852248363990904
0.14064414055737445
0.20829361638214577
0.1574511759336922
0.17526819678578312
0.2752964674208562
0.19767076937296515
0.1636947832698098
0.09164451440620981
0.16515804618683433
0.0
0.09103636180807094
0.1640506423471118
0.17335117704827535
0.1870188502517861
0.1767993470279232
0.10146880674621142
0.15302281215476501
0.17868270104153897
0.2056172957147817
0.1419354547031502
0.21835849145355554
0.23635831652684128
0.08394065818481528
0.15354158229938888
0.13290523131069745
0.1693527045421773
0.17763096316479426
0.13928161521449986
0.10666158548652836
0.1307751878138586
0.12642530355672474
0.17293590127269698
0.15632683510117512
0.11046431092014514
0.17728468931918517
0.14392352202385125
0.12034856308656122
0.07374430137305527
0.16191695786823104
0.09103636180807094
0.0
0.11513142608883989
0.13843262238422166
0.11855763143193272
0.1281344491120558
0.1320688487295547
0.09637717954631428
0.12608617114993223
0.12487130192406098
0.07575671337802346
0.14260530478920652
0.16972047694946094
0.05484503390690904
0.11657254358445641
0.14170932321128346
0.18648327806401305
0.11775373195955408
0.1528923817268539
0.07417448829112337
0.10172012505153537
0.09129244017748678
0.1033743459217518
0.0855740089308664
0.07716413653901986
0.16043676966253714
0.0907732260801609
0.11588738994062293
0.1497311582896159
0.27015749063009986
0.1640506423471118
0.11513142608883989
0.0
0.19563125792654532
0.07452711945325673
0.053282544895115524
0.16078256294604834
0.1592266801483109
0.10207543611222046
0.13883831289474818
0.1681703725648189
0.15147714833357703
0.1780256254425258
0.13060399759769992
0.18840071803339817
0.16939644692628592
0.17156403362374645
0.10257193051294539
0.18887475444553198
0.17049843569516993
0.11108766448283085
0.17088529829921004
0.12022296895560348
0.16039565276138254
0.13513095545826093
0.1904859947174595
0.2030017897777566
0.18304886082607152
0.10315057357728316
0.16007951476925458
0.17335117704827535
0.13843262238422166
0.19563125792654532
0.0
0.1743324494942709
0.17694757425201543
0.18493408215881274
0.1955443357323602
0.11894863358241026
0.14951192399124058
0.11716132971941944
0.2103486525450068
0.17090864157704255
0.09869371800587161
0.2236947100493718
0.12228206878574839
0.20593819464932311
0.13277925666989554
0.1732453861882114
0.1189950256616742
0.18059122551669698
0.1213144052094083
0.1883934409511714
0.134597198159815
0.14915225452959138
0.24271196710292742
0.13719315788697337
0.14714516050910406
0.16204018037588705
0.2522027660877305
0.1870188502517861
0.11855763143193272
0.07452711945325673
0.1743324494942709
0.0
0.09997529446068167
0.19408967968570612
0.13556434791014374
0.09850913359430183
0.1287425873612147
0.139122085412741
0.15166504375769155
0.10711262320778306
0.13526877824908454
0.19194347666305303
0.19602457787545421
0.21689324683528072
0.060195977323260604
0.17362424765671414
0.17767995481623694
0.10130409287758317
0.13899017915417622
0.10991768174866137
0.15604394938846558
0.11277412561315873
0.21495557460205586
0.0582440798236181
0.0982249212967361
0.14093927618570354
0.2722360551989808
0.1767993470279232
0.1281344491120558
0.053282544895115524
0.17694757425201543
0.09997529446068167
0.0
0.15709248935897607
0.19105232319917628
0.07873413415095133
0.12255477291994792
0.1773053063999778
0.15493715413038442
0.191528836076849
0.12850956744343986
0.21176729266225228
0.14360041349435598
0.14669347095985566
0.10546182683749841
0.210462393560845
0.16435676648528957
0.14681199552914606
0.18721167994494897
0.13332293017332017
0.15110558340362548
0.16194663165472914
0.2050326061057119
0.17259512172277636
0.11403270107627027
0.13240083350285223
0.2003032490039852
0.10146880674621142
0.1320688487295547
0.16078256294604834
0.18493408215881274
0.19408967968570612
0.15709248935897607
0.0
0.21874914039043103
0.18117700815914806
0.22127724755035255
0.1932709253032903
0.2543861021287769
0.24384615861174128
0.11438726899441215
0.2302272195125937
0.1355459080487124
0.08807426610395343
0.16823833756653833
0.19892235893398208
0.15326705208067387
0.1841127510487799
0.1822310000639573
0.15819357130269232
0.1648714618111637
0.16603613765250774
0.2512597906997855
0.20872010418836634
0.20254522278284545
0.1508712741158916
0.19561949313846513
0.15302281215476501
0.09637717954631428
0.1592266801483109
0.1955443357323602
0.13556434791014374
0.19105232319917628
0.21874914039043103
0.0
0.17904070575975872
0.15924833365053617
0.0867964306369363
0.14184226582690362
0.16709050737998257
0.13766826969695123
0.0829634096701823
0.2220370578974431
0.27701217406018913
0.1612256374541593
0.15790036169449553
0.14144229479067602
0.09660783047948286
0.09827798591303394
0.1480677609138887
0.14957890754348524
0.08374126501486588
0.1537765144858034
0.12118889434886346
0.14516336009389555
0.11766742800261253
0.2459752712630936
0.17868270104153897
0.12608617114993223
0.10207543611222046
0.11894863358241026
0.09850913359430183
0.07873413415095133
0.18117700815914806
0.17904070575975872
0.0
0.10473340072374233
0.1436706651042237
0.15465807175499274
0.15978919177654818
0.10785896395525037
0.20957809358208218
0.12123330240387746
0.1782059056029008
0.08528160787973275
0.1739719250760306
0.14613298224562443
0.13301922562453145
0.14962573828392625
0.15967559318349187
0.14803553336699266
0.13982827511294882
0.20166625409200223
0.11788649742553214
0.14784522430403357
0.1347905546361094
0.23709792228206575
0.2056172957147817
0.12487130192406098
0.13883831289474818
0.14951192399124058
0.1287425873612147
0.12255477291994792
0.22127724755035255
0.15924833365053617
0.10473340072374233
0.0
0.12393142628974295
0.07731265088465465
0.17760994982241984
0.13770160862843978
0.16972683361466442
0.1747810094498541
0.23487364930896354
0.13683055810115113
0.2336247887428472
0.129526294785113
0.17226644938846908
0.1689891202984677
0.1436606288913563
0.10030230618490286
0.16871564835373895
0.18282794586512202
0.19473470954657773
0.17707538291343608
0.1010729537519311
0.1378234889153968
0.1419354547031502
0.07575671337802346
0.1681703725648189
0.11716132971941944
0.139122085412741
0.1773053063999778
0.1932709253032903
0.0867964306369363
0.1436706651042237
0.12393142628974295
0.0
0.14676624074109304
0.14677399253124684
0.09087529601816988
0.122701448485297
0.17412704200537032
0.24567017989845655
0.13343989640400844
0.1551487959849834
0.08786416464458077
0.12507032087885595
0.062059425088861406
0.1395354030007797
0.0969561291896495
0.08658962705314362
0.17936355668917248
0.1441163282744967
0.18594383004034437
0.1670436903153558
0.26920743678371883
0.21835849145355554
0.14260530478920652
0.15147714833357703
0.2103486525450068
0.15166504375769155
0.15493715413038442
0.2543861021287769
0.14184226582690362
0.15465807175499274
0.07731265088465465
0.14676624074109304
0.0
0.2153199444259867
0.17373734330498003
0.13199440283937228
0.21644860644243588
0.27639808670877675
0.18385674644600342
0.24929221659420597
0.155081216851276
0.17261266481481735
0.19233650477889655
0.16961553580309938
0.1407187745232401
0.18208550618283706
0.13934905301013892
0.22372089009646037
0.20864847265748793
0.20772868684898219
0.23302854743410728
0.23635831652684128
0.16972047694946094
0.1780256254425258
0.17090864157704255
0.10711262320778306
0.191528836076849
0.24384615861174128
0.16709050737998257
0.15978919177654818
0.17760994982241984
0.14677399253124684
0.2153199444259867
0.0
0.176929843259984
0.24085662947436698
0.2485978728989902
0.2777470424112604
0.09383842868995623
0.19275466178954664
0.2156921232759845
0.16197807122756616
0.13825322185602948
0.1483243250387559
0.18443033469999587
0.14228208239862813
0.28761335576091124
0.15422376687462927
0.12791715477898188
0.04014909656829154
0.15380821058497657
0.08394065818481528
0.05484503390690904
0.13060399759769992
0.09869371800587161
0.13526877824908454
0.12850956744343986
0.11438726899441215
0.13766826969695123
0.10785896395525037
0.13770160862843978
0.09087529601816988
0.17373734330498003
0.176929843259984
0.0
0.1571700815836144
0.09624710319147271
0.1591740734942409
0.11351778639910357
0.13590640070452897
0.06831252537053507
0.11548184313886747
0.0899064887881292
0.13561590104224508
0.10242466030819926
0.08828900646775055
0.1802324612465801
0.21383889200634196
0.2151931029813688
0.15092366497090506
0.20921604061854943
0.15354158229938888
0.11657254358445641
0.18840071803339817
0.2236947100493718
0.19194347666305303
0.21176729266225228
0.2302272195125937
0.0829634096701823
0.20957809358208218
0.16972683361466442
0.122701448485297
0.13199440283937228
0.24085662947436698
0.1571700815836144
0.0
0.22228130630520868
0.2860550304840836
0.21670412555072063
0.20288449031520378
0.12910146477674064
0.146564271646435
0.1515999624990389
0.18522111021290202
0.15553070435045938
0.1412229699989081
0.10276231054720404
0.16739431946529723
0.16208681493570046
0.08001720545920109
0.21683820870121687
0.13290523131069745
0.14170932321128346
0.16939644692628592
0.12228206878574839
0.19602457787545421
0.14360041349435598
0.1355459080487124
0.2220370578974431
0.12123330240387746
0.1747810094498541
0.17412704200537032
0.21644860644243588
0.2485978728989902
0.09624710319147271
0.22228130630520868
0.0
0.12955723431750152
0.17026621159775798
0.1809393748566353
0.11865126149666508
0.17882878760423332
0.17345040654077465
0.2109386218067948
0.1651793701147332
0.17164062756836593
0.2027726721028995
0.16109019387520143
0.12835506205833883
0.1684291300443602
0.26904108450486236
0.1693527045421773
0.18648327806401305
0.17156403362374645
0.20593819464932311
0.21689324683528072
0.14669347095985566
0.08807426610395343
0.27701217406018913
0.1782059056029008
0.23487364930896354
0.24567017989845655
0.27639808670877675
0.2777470424112604
0.1591740734942409
0.2860550304840836
0.12955723431750152
0.0
0.1885610920143721
0.24298811854720384
0.19814500813230188
0.225963414062985
0.2389795323203642
0.2024286064091486
0.20578308174871907
0.22181017686878685
0.2817495763266557
0.14609700014717106
0.13363401249776385
0.14534950460511553
0.22330350775849897
0.17763096316479426
0.11775373195955408
0.10257193051294539
0.13277925666989554
0.060195977323260604
0.10546182683749841
0.16823833756653833
0.1612256374541593
0.08528160787973275
0.13683055810115113
0.13343989640400844
0.18385674644600342
0.09383842868995623
0.11351778639910357
0.21670412555072063
0.17026621159775798
0.1885610920143721
0.0
0.16576962612961552
0.1658318170685363
0.12367341348912668
0.12626898905282524
0.1104886721395117
0.1435305342044072
0.11409734757385909
0.24283841429642572
0.2569486104429444
0.24388784317860127
0.15457021582345679
0.21319798439889742
0.13928161521449986
0.1528923817268539
0.18887475444553198
0.1732453861882114
0.17362424765671414
0.210462393560845
0.19892235893398208
0.15790036169449553
0.1739719250760306
0.2336247887428472
0.1551487959849834
0.24929221659420597
0.19275466178954664
0.13590640070452897
0.20288449031520378
0.1809393748566353
0.24298811854720384
0.16576962612961552
0.0
0.18171988253094376
0.0959542685392891
0.10068226223416915
0.22470482820883048
0.22535213406313687
0.08959331408661309
0.21333249947924013
0.16974790509311147
0.15010193395406335
0.04511535505512504
0.1411142024625888
0.10666158548652836
0.07417448829112337
0.17049843569516993
0.1189950256616742
0.17767995481623694
0.16435676648528957
0.15326705208067387
0.14144229479067602
0.14613298224562443
0.129526294785113
0.08786416464458077
0.155081216851276
0.2156921232759845
0.06831252537053507
0.12910146477674064
0.11865126149666508
0.19814500813230188
0.1658318170685363
0.18171988253094376
0.0
0.1564631286206114
0.11922038408179197
0.1587595992263145
0.0823103184919728
0.1293290164640654
0.1582058807993559
0.1872867181135651
0.18948827945812372
0.1365058053509081
0.22852248363990904
0.1307751878138586
0.10172012505153537
0.11108766448283085
0.18059122551669698
0.10130409287758317
0.14681199552914606
0.1841127510487799
0.09660783047948286
0.13301922562453145
0.17226644938846908
0.12507032087885595
0.17261266481481735
0.16197807122756616
0.11548184313886747
0.146564271646435
0.17882878760423332
0.225963414062985
0.12367341348912668
0.0959542685392891
0.1564631286206114
0.0
0.09964984189781734
0.16109022625767835
0.17961242355416285
0.056018370456150345
0.1613097402708528
0.21904796534802598
0.19508674891022199
0.11272584061323296
0.14064414055737445
0.12642530355672474
0.09129244017748678
0.17088529829921004
0.1213144052094083
0.13899017915417622
0.18721167994494897
0.1822310000639573
0.09827798591303394
0.14962573828392625
0.1689891202984677
0.062059425088861406
0.19233650477889655
0.13825322185602948
0.0899064887881292
0.1515999624990389
0.17345040654077465
0.2389795323203642
0.12626898905282524
0.10068226223416915
0.11922038408179197
0.09964984189781734
0.0
0.1577971582738739
0.14273494097052764
0.04928262123987013
0.19915812687437584
0.13378812500367884
0.09122069340752675
0.16239779264432752
0.20829361638214577
0.17293590127269698
0.1033743459217518
0.12022296895560348
0.1883934409511714
0.10991768174866137
0.13332293017332017
0.15819357130269232
0.1480677609138887
0.15967559318349187
0.1436606288913563
0.1395354030007797
0.16961553580309938
0.1483243250387559
0.13561590104224508
0.18522111021290202
0.2109386218067948
0.2024286064091486
0.1104886721395117
0.22470482820883048
0.1587595992263145
0.16109022625767835
0.1577971582738739
0.0
0.10349230387932233
0.14229373347783983
0.24110027379183957
0.14196278357284348
0.11086790666148613
0.10578086981586038
0.1574511759336922
0.15632683510117512
0.0855740089308664
0.16039565276138254
0.134597198159815
0.15604394938846558
0.15110558340362548
0.1648714618111637
0.14957890754348524
0.14803553336699266
0.10030230618490286
0.0969561291896495
0.1407187745232401
0.18443033469999587
0.10242466030819926
0.15553070435045938
0.1651793701147332
0.20578308174871907
0.1435305342044072
0.22535213406313687
0.0823103184919728
0.17961242355416285
0.14273494097052764
0.10349230387932233
0.0
0.15054482024238663
0.20529544093269586
0.19730414079869812
0.17891463210722175
0.11587033372076953
0.17526819678578312
0.11046431092014514
0.07716413653901986
0.13513095545826093
0.14915225452959138
0.11277412561315873
0.16194663165472914
0.16603613765250774
0.08374126501486588
0.13982827511294882
0.16871564835373895
0.08658962705314362
0.18208550618283706
0.14228208239862813
0.08828900646775055
0.1412229699989081
0.17164062756836593
0.22181017686878685
0.11409734757385909
0.08959331408661309
0.1293290164640654
0.056018370456150345
0.04928262123987013
0.14229373347783983
0.15054482024238663
0.0
0.18164644571202734
0.21082192184756307
0.24097549377011349
0.16102059348806913
0.2752964674208562
0.17728468931918517
0.16043676966253714
0.1904859947174595
0.24271196710292742
0.21495557460205586
0.2050326061057119
0.2512597906997855
0.1537765144858034
0.20166625409200223
0.18282794586512202
0.17936355668917248
0.13934905301013892
0.28761335576091124
0.1802324612465801
0.10276231054720404
0.2027726721028995
0.2817495763266557
0.24283841429642572
0.21333249947924013
0.1582058807993559
0.1613097402708528
0.19915812687437584
0.24110027379183957
0.20529544093269586
0.18164644571202734
0.0
0.4
0.4
0.4
0.4
0.4
0.4
0.4
0.4
0.4
0.4
0.4
0.4
0.4
0.4
0.4
0.4
0.4
0.4
0.4
0.4
0.4
0.4
0.4
0.4
0.4
0.4
0.4
0.4
0.4
0.4
