0.0
22.11803954845483
31.031468310890965
25.223573857146903
31.554942181986245
34.05027884243406
24.07323891848052
30.0904466793204
30.477851031963034
33.45322000564605
38.1362126196947
24.663662044507234
27.567549512614484
25.94946070699931
27.784652698044415
32.14956440609591
28.568745620566943
30.610133957547284
26.612615002042407
35.99233550567993
20.984190482272435
23.095741252450914
37.47286451929807
32.66769432149358
28.138873905886406
27.07007103253381
26.589279249121876
25.074571775682358
27.014184613612592
26.568074857331855
27.889928843001776
37.583767458642875
33.32699529239082
27.842586585232425
23.59353246969973
36.44566629685073
31.546896265090016
36.95051254458965
35.055156398701236
26.694506147486177
29.85753058426623
30.065670414781586
32.99738667343377
35.56592385770782
28.486938390825017
34.17292763798935
36.70580900295695
35.954893982862544
30.242480197051208
30.597867252929507
30.58152697998312
30.509550886884618
27.663668127744785
32.83550515246953
32.70953937558065
35.10372456088839
36.3429775150524
25.397256797909304
30.233794277213153
31.616526715564056
30.88207387493262
29.997778412199878
22.11803954845483
0.0
33.8663227020045
25.44045404392122
32.28462607031111
35.43898957384192
26.433909480182553
33.05560832478358
34.34999220485122
30.23315404445222
38.954086581109
19.504523480376694
28.650615886293753
26.005623452557497
30.80380561238961
31.772263140852388
33.27510922235775
31.328825302410305
32.319547150395906
36.63368252594354
22.85279550431196
20.179546470572042
39.45756890760221
32.22874174278051
29.706530801210572
24.423886008125717
21.790389191020743
25.404578985398675
24.546188362534547
25.030664395812362
26.888073333880815
35.442426638037965
33.588442707601125
27.68549133143732
23.82454974806513
36.357973846664216
30.786386674678266
36.86927727700977
31.975574568755913
26.974780430054313
27.19474416735259
29.3889596042017
27.35127033795283
35.03645477743988
22.381652473602184
35.21509483797786
35.745855070317
27.416067287903964
25.090580879505843
28.955089907808144
32.67623376481248
33.94550573002229
28.564731059112667
31.762593978374625
31.794791485190846
31.920333968714722
35.720318351567066
26.010030251338307
30.612729608178746
22.04808027358771
30.334364679895625
27.366893574653787
31.031468310890965
33.8663227020045
0.0
25.387511887661805
37.694354713335905
38.09976267158946
31.340002029959404
33.9239533018537
40.8871125832082
37.46682489062194
46.33472136142616
32.33375244216525
35.602010417464214
33.56860129650896
33.66192408884923
38.439328089984286
38.66741061612121
41.73317278342776
38.44050227491832
41.75823766419854
34.908074548914215
31.27477777222465
44.531515152350444
38.80198295509522
37.9802932845618
36.53067889254875
36.48630427548676
36.898362363654655
34.49225220429499
36.58538916989327
30.76544319028308
45.44123733362211
43.98616652376864
36.07505341534769
36.84394929983053
46.77312878285436
33.80679966947153
48.34341124376125
40.79651372235
38.94345884016625
37.51178172111142
40.119271142432154
41.28596679861991
46.79236997559238
36.314133311399274
45.599455935826434
45.40784800370347
40.06108693363843
37.05952720701811
36.221423190808025
39.07770358475658
43.29597041557056
37.621617465424244
37.95413702725186
36.78784911640151
42.273602248125336
33.29387185296814
35.39055942195432
40.475482624886986
38.2545162008664
38.762514459527814
38.05162593208305
25.223573857146903
25.44045404392122
25.387511887661805
0.0
35.555510623436795
36.593590099445194
26.868597589740915
31.82498228965922
33.34615696966982
36.699953986770694
47.886289076472195
24.75060917464983
31.807647733762806
27.094614065577538
28.727241585243295
30.232851811303256
35.09553196692087
35.274140157557575
31.21852110655845
41.34827240348934
28.208442842693444
27.948812553600963
41.93189812538853
35.35006089222462
31.348157334986954
31.46384707664903
30.581879437982092
29.321707289138793
31.52957079816512
32.489760673563396
27.9977555219139
45.181275767994705
40.266595227343494
31.64762587746528
28.858872738280485
41.32086173840508
33.272578319246094
42.4723296443779
35.02218486971127
32.468510315314575
27.297803108187914
34.442207308305335
36.002083404245184
42.819830172634845
30.68291735075362
41.35665844277875
41.13505976372526
35.505988078978476
34.17188225654
33.02275990561711
36.01777470674794
36.92743167061235
29.71434527858608
31.290116243360174
37.34880588985572
38.07908419772902
33.71286810980148
28.61057303824583
34.27240273135345
32.69181542871905
34.55843456790186
33.358722147441405
31.554942181986245
32.28462607031111
37.694354713335905
35.555510623436795
0.0
21.911178325098355
29.824402765159622
28.764059960789794
34.84778012265425
22.2773489740314
32.190628067141816
30.84048638648628
23.457839339946144
27.411013007786824
23.795403610729146
30.80560755117503
30.798798948362705
33.388872122846735
26.89714186038198
24.939949200103268
31.92338933513446
31.249432156778525
24.803881558274394
26.001799322847436
24.403379375739092
29.804920527005706
28.40542779122127
27.369771290844152
32.87164666828544
29.43689703221307
28.4304855378242
30.714999691272308
27.31702802542725
23.898730472086356
30.353230881342665
26.47345466700719
31.795983632091822
26.453968258173155
27.90778369719846
31.24866705816735
33.203649050700164
30.31012366120796
32.6207482710373
32.94332631156044
29.771408875983607
30.290827791468995
27.182382824021996
29.946096775629016
33.53475442747998
29.792553683738078
31.15466100396602
29.094031760153364
28.345932352974057
29.795486210844984
30.746316767515147
28.872161146124295
33.498547317530026
33.68748181540005
28.098416856021885
35.028071888092576
31.14610100670766
28.901272073836772
34.05027884243406
35.43898957384192
38.09976267158946
36.593590099445194
21.911178325098355
0.0
33.027672778665725
24.17019494807805
36.34229205237049
21.954666403195752
35.22009862788538
31.81819652618545
27.903868912816257
27.35217212327627
26.376532276228186
33.66811362072676
32.50379421839839
31.630390197665005
29.297296362380894
19.373195664802275
36.43558608586488
32.95077289181437
28.16198643705099
26.222871703486863
28.095716296418278
37.38263576893445
35.417256448409816
35.07916193694528
38.96837242027997
34.886579989977605
32.37987888406401
33.29061105553489
30.361845605590236
30.151475511340696
35.14838231181466
32.313303590701146
36.39002467718045
32.556152839494416
30.08324404566592
36.96590071949299
38.62776044045759
28.298895046820153
33.382986640588946
36.57726888502877
32.834589298538006
33.197568533497254
32.219307800084955
32.99802471986104
35.70823282330848
30.415829187461714
34.93401535353893
31.56392601474274
32.85930777680871
29.657809375486522
34.9313254160118
28.69269682106227
35.32142617433618
39.243523040473164
33.836546497671165
38.578687173772956
36.25305300193205
29.477236577082902
24.07323891848052
26.433909480182553
31.340002029959404
26.868597589740915
29.824402765159622
33.027672778665725
0.0
27.22280822735866
31.7185518162422
30.862974180469433
33.94157143718242
24.849544969552113
27.133356273102056
28.195701074426196
28.128667460979138
32.030741198373526
29.99074447176868
30.895039394977662
27.370726050992953
33.19119766136593
23.855948373076906
28.302210138357097
36.44625894459194
31.251663468644097
27.77204568663723
25.704332842339365
25.12116981680195
26.612364806884745
26.815474724335328
22.997719931787174
28.480018646618696
33.41291317777412
28.53108870691045
27.43391802680636
25.183677646349008
33.75992932062558
29.197538386312313
34.99565824972925
38.25071476600603
28.98664225652995
32.363102606663794
31.92595439378188
33.44187366369681
32.34229413268295
30.29177029130403
32.74662873040906
35.26584674880676
35.42837839189841
31.591153202783026
33.40297487207564
31.59728360676043
32.08478432107895
29.654782228768195
36.28744826004405
32.12169210324969
35.377101025277966
37.64885858662241
28.272091572794622
31.522710100476043
32.71598091925691
28.919679661932197
31.30213729663236
30.0904466793204
33.05560832478358
33.9239533018537
31.82498228965922
28.764059960789794
24.17019494807805
27.22280822735866
0.0
36.21991304985564
26.6572104797685
36.6144542105678
29.756518717437974
27.91832536063283
25.36120488177493
25.589720584071202
33.66736837338543
31.416628911069
28.816206177738177
29.465370106456415
24.863157799955555
32.74492183673816
29.799625479909906
32.829772028584195
28.740023298484278
29.25469437373524
35.853097386361675
34.364310917741385
34.500473497238126
37.13624908278091
32.500118788182036
31.002085621856722
33.97349760134495
31.920063815264406
30.98164039253917
31.54381890754334
34.909259331347954
36.68924733290718
35.84317065823372
34.46956619216893
35.32529255471449
37.647852218356036
28.931982784147312
32.33164441469944
35.27031177921791
31.94689542217036
32.99563273521217
34.4492393268151
35.07844817205416
34.78720151059167
30.569438387110385
34.49298134519861
32.159839329696325
32.38687269893141
31.216807709692077
34.22564690192303
31.898931019246557
36.755424026947445
37.02500795611553
33.703172523949746
36.62339685354758
34.42328405681118
29.305856052182804
30.477851031963034
34.34999220485122
40.8871125832082
33.34615696966982
34.84778012265425
36.34229205237049
31.7185518162422
36.21991304985564
0.0
39.8573388080529
43.92574666308056
30.39783669781059
35.30473936241839
34.797015482404746
32.787699036771656
32.58631248978774
32.2251841401803
35.10723546996521
22.724604516342993
39.9568306981773
33.56702587329623
40.45290496689221
37.21899204257083
38.981990070474616
30.395470362566222
35.045240822794845
36.488640603114575
31.160662398963662
37.955490132894134
34.29400995584086
34.33298084796225
41.2412348704063
36.91210599116784
31.78015766599963
29.829414825940805
33.86234751772023
37.35172965578425
34.97201374057058
40.027785304792374
33.924765970431515
32.43178615059647
36.57381635548437
38.720495145703694
38.033759305177234
39.920601138002
36.7010722073107
36.889383531770264
42.8072119698617
43.363693258066974
37.84631977935669
40.36561187740946
32.04968615967433
32.71104064523483
37.67711224385471
39.410300411111294
38.46211931978465
38.36983902847331
33.12128618191114
35.118818747795366
43.00368305186676
35.6571100328821
35.97246759231327
33.45322000564605
30.23315404445222
37.46682489062194
36.699953986770694
22.2773489740314
21.954666403195752
30.862974180469433
26.6572104797685
39.8573388080529
0.0
30.388258778010897
29.7793209605044
26.730014456318028
26.564320222140182
27.926077779052246
34.18183489478779
34.55157365254001
32.24716115338759
34.07902430843216
20.642517926052523
31.807631776014723
25.406258861825837
29.522536718489565
23.75314957588705
28.70340815406022
32.01998462648118
28.21298282904573
32.311955338898905
31.83007213005614
29.4895606414418
30.06979442308643
30.09823451675968
28.210087550758864
28.785270173489277
32.8670207233395
33.243868466862125
31.317426386588004
32.518070816451164
28.399183435829666
35.40122730519396
38.057009291651056
29.939453656980895
31.011214223056424
34.717856683872505
26.415956637726868
33.77954058389101
30.8683951823193
26.269632324687684
29.458517425037765
29.612469012171882
32.63583522011773
34.164634732130004
33.11141714116481
31.519650743041794
31.901755000323053
28.343296887931206
36.06310429736858
37.8324357660004
33.34054369258494
30.925244452677084
34.5637268069738
28.237767005055062
38.1362126196947
38.954086581109
46.33472136142616
47.886289076472195
32.190628067141816
35.22009862788538
33.94157143718242
36.6144542105678
43.92574666308056
30.388258778010897
0.0
36.990849310907215
34.64216586759289
38.78527435392047
39.50349359155168
45.59365817781244
34.37232243497515
35.905952753056376
38.38609154458486
28.351427426942852
36.5836859228887
37.47441908869145
35.95346196250821
35.36864908558641
36.697589006149826
34.44759217414691
34.69128410626534
38.44758378073098
36.83582403538697
31.708141932265292
40.53867830380646
23.33780294635863
24.57831030802687
35.78631720683585
36.31916150219163
34.553543508012936
38.68147900320024
35.05133684843262
44.83258936867846
35.9119938166087
47.40208820353783
36.33077590941463
35.05036732821264
27.680370136730765
36.82210327651593
29.337394325044986
34.699180964476874
39.37535030635816
34.0299365975377
38.230620400937575
37.17689488190869
36.42676462929455
41.52926923427327
46.42255658520556
32.89693217356203
36.60793139323729
47.33075077256736
41.33071727706932
38.27913302286652
38.83047061471959
35.85938603324088
34.940817180426535
24.663662044507234
19.504523480376694
32.33375244216525
24.75060917464983
30.84048638648628
31.81819652618545
24.849544969552113
29.756518717437974
30.39783669781059
29.7793209605044
36.990849310907215
0.0
30.13462002908699
26.527276282047367
30.111422245531507
32.051191295781074
29.08288570107944
29.051845526017868
28.31402884529377
34.515403928270956
27.278053866828778
26.221105449338715
36.89613499922351
31.475880361421236
28.708003008496668
27.1940114642663
25.612310528675067
28.084372942167654
29.658225115073147
26.62040966653145
26.795977553288104
33.899240707344994
31.923287916546045
27.922277955850692
24.461766539627558
34.49563314159269
33.2381411557233
36.50635636298511
33.17246902057066
27.320069889331233
28.10195104496416
27.748039738793413
27.84837043549583
34.13330928873148
25.355191012722315
33.10405798621821
35.77491785349858
30.829389386568362
27.558867205206997
27.893564226808625
34.99893941780799
32.253656909572236
28.51834131454581
32.352405430807515
30.66300395457871
30.734478561141067
33.43981516108045
26.831216851865932
31.141830048503955
28.01990147386364
28.54065812355095
24.593134382176654
27.567549512614484
28.650615886293753
35.602010417464214
31.807647733762806
23.457839339946144
27.903868912816257
27.133356273102056
27.91832536063283
35.30473936241839
26.730014456318028
34.64216586759289
30.13462002908699
0.0
20.003208692532244
23.016690247181838
29.542982423424313
27.549825631436317
29.77693118110318
27.081959519192473
28.285125301626017
27.718323246123028
27.171548214657072
29.319166660772577
26.612400380082484
23.869473999772577
27.35366032306243
25.762784950331408
26.055115068415063
30.03246099870131
27.276024318440776
27.17903787998117
30.967400608105375
27.459241032619936
23.197683984314693
26.605356714583582
28.60543566731674
33.296101794617535
28.917325582693238
30.285451845463125
27.685252855406606
31.759820526048863
28.043506065515086
31.521414637971088
31.93785335928896
27.90243571641879
29.995895311291704
30.109774675252336
31.696535733951897
31.241500542838363
26.734251194671895
28.967299868899445
27.223898760339125
26.437381479162838
28.458101929662455
30.68487207574093
28.80896627328163
35.895652770396595
30.48339021542941
26.542372549379447
32.791676709420415
29.945431099734574
28.319339449967003
25.94946070699931
26.005623452557497
33.56860129650896
27.094614065577538
27.411013007786824
27.35217212327627
28.195701074426196
25.36120488177493
34.797015482404746
26.564320222140182
38.78527435392047
26.527276282047367
20.003208692532244
0.0
21.927987596264078
25.216443058882884
28.349892145826107
26.87865466811355
28.17882665775173
28.7315798684936
27.239499717364406
24.316186598482602
30.81708162696389
25.43593536479631
23.736208602723227
30.616426147705607
28.124036282243196
27.677196479315604
32.26620761460215
29.51561856634712
27.60675184522767
35.44192352349795
30.717088764441463
27.095832578069786
26.62632858472367
32.53763159572902
35.11709663584736
32.15771644689276
28.400793226783794
29.386370118995437
31.065144863096574
28.010390984918924
30.28614317349729
34.78642860385936
26.634848600749493
32.8704742973465
32.40799420183379
32.34793648138205
31.11745193049338
24.803850533594318
30.34320024437476
29.10569743287752
26.40819137548868
26.778958175554948
33.53050603118496
29.332213629424803
34.91754198469452
30.996404534561716
27.660581550464915
31.517408879973594
31.62169405354098
27.01977099754823
27.784652698044415
30.80380561238961
33.66192408884923
28.727241585243295
23.795403610729146
26.376532276228186
28.128667460979138
25.589720584071202
32.787699036771656
27.926077779052246
39.50349359155168
30.111422245531507
23.016690247181838
21.927987596264078
0.0
25.59930086314557
30.425869922344347
32.94149826110382
25.969214078703025
30.497079186721482
28.270912566843762
29.013799191464535
28.286027168043834
28.289773713285697
22.58762710944901
30.96061486576624
29.75140788466784
27.148144800180187
34.184622447119786
31.059742708841977
25.55007096824015
35.639858142442435
30.641175373800003
25.419052616838293
27.435464567518533
29.15304900896134
34.79554757408686
29.0998134238571
27.105328437687575
30.41007044750384
28.845454759217823
29.731479804877363
32.51346515046135
34.961224810570634
29.619061370814045
31.55913454033481
29.41574185086602
32.532463123433374
34.42761147583238
27.27229301452005
28.793406837815862
26.39681091020333
23.911685876929166
25.260638905835716
32.23325930718
30.022708034938653
31.608374632417934
31.260649034730044
26.648042226915212
34.86341394338074
30.391522805501488
27.854968413994253
32.14956440609591
31.772263140852388
38.439328089984286
30.232851811303256
30.80560755117503
33.66811362072676
32.030741198373526
33.66736837338543
32.58631248978774
34.18183489478779
45.59365817781244
32.051191295781074
29.542982423424313
25.216443058882884
25.59930086314557
0.0
34.921588393670746
35.78759186331341
29.920452216495274
37.247464895634415
32.34384404200763
34.29826003118271
32.68046403432727
31.556118944379033
26.367479020135157
33.84886660487551
32.11036074427403
28.544973762181087
35.45900820853844
33.76593421492309
31.984548355055626
42.61333224617437
36.19844843003862
30.477218993240232
31.63675102791041
34.50591932436176
36.712774120527484
32.2544685322997
30.473965343468592
33.28673810868624
31.3520747915166
36.603406170071935
37.24143341331069
40.24314866696373
33.20267803484294
38.84685737999199
33.58850450333943
36.62372384378001
39.66561942279188
33.140158674152865
35.273823134539356
32.89301195796423
29.340554038582894
31.068723467559167
40.039103353538444
35.98747795374583
35.98218207352292
33.59431360849154
30.073800176880916
37.722955229277986
36.0331825309806
34.03776881957313
28.568745620566943
33.27510922235775
38.66741061612121
35.09553196692087
30.798798948362705
32.50379421839839
29.99074447176868
31.416628911069
32.2251841401803
34.55157365254001
34.37232243497515
29.08288570107944
27.549825631436317
28.349892145826107
30.425869922344347
34.921588393670746
0.0
23.31059666861468
25.65906580240262
31.963840591385885
31.741466117357273
34.385756156227
29.286613089721552
30.060187167017073
28.35999642647855
32.94848420884825
32.64689142176813
31.64309927213858
36.579490580865915
30.257217002260752
31.427933781354124
30.201115768293384
29.43198648584999
29.632342332823036
28.04219025758943
30.567011281829426
40.55419080951628
33.07329419524468
38.026133809526925
28.757367976755496
35.58471365548593
30.886137228883833
33.26003528228278
30.299133662503753
34.19184981978574
28.92094486972527
34.94882602263914
40.5464163674141
35.738665868695314
30.004596310322153
34.45720115295186
27.531941402211093
30.98568847153953
37.10991550925587
32.91035375375151
33.912886633934534
39.15294335406558
32.923517859878345
30.42226900215848
39.00740501772371
30.541586529620847
29.144363803330794
30.610133957547284
31.328825302410305
41.73317278342776
35.274140157557575
33.388872122846735
31.630390197665005
30.895039394977662
28.816206177738177
35.10723546996521
32.24716115338759
35.905952753056376
29.051845526017868
29.77693118110318
26.87865466811355
32.94149826110382
35.78759186331341
23.31059666861468
0.0
27.869282574797236
29.072969811920586
32.124157550910404
32.39791426465922
33.29341679187706
25.91535870392117
29.64360897662734
36.12843642845127
34.328119543407794
34.72576093240056
38.94621384879593
33.036689491577995
36.07649267568388
32.322390045096746
30.54647900237146
32.70447723601158
30.06663599403518
33.68873535556075
41.23077959935661
35.466686178263366
37.74433645324019
32.923991777881
37.67252297289123
26.76863818358751
31.06342997374955
30.890992233498995
32.715014665344086
30.822046078798373
35.787543439455646
37.92922391279196
34.52886229079021
32.19828719017643
35.57510486842805
30.310455538023373
33.1635557065021
36.39649116218776
36.708869181771426
33.10350074655411
42.719239103047286
35.63402365831752
33.34469235565747
36.8892834516118
33.89467135291129
29.680929940904168
26.612615002042407
32.319547150395906
38.44050227491832
31.21852110655845
26.89714186038198
29.297296362380894
27.370726050992953
29.465370106456415
22.724604516342993
34.07902430843216
38.38609154458486
28.31402884529377
27.081959519192473
28.17882665775173
25.969214078703025
29.920452216495274
25.65906580240262
27.869282574797236
0.0
32.355789144926824
30.096400030691598
36.231643496650356
30.732944638089418
31.659759045771388
23.676733757292933
31.641797752054654
32.70095224893119
26.990409336980367
36.01787306498947
31.290094800353
31.13501871022971
35.57111235544498
30.734607603937118
26.164622241911935
26.027671632094425
28.267842889115457
36.332383067567896
29.46064672274539
34.55569490721133
28.81621767426697
29.566396768829883
29.325731699871326
34.17152597413682
32.757787667649026
34.92374647126166
29.901837419175422
31.66453425410443
38.50419725893019
38.127938868248286
31.904931683792906
34.22355570450774
25.003247333170624
26.707398982811146
32.29353734381972
34.56447024913429
32.75895567633771
36.45129196490831
29.435909902347753
28.294364381011466
39.328534361422044
30.93802476054807
30.824373759087955
35.99233550567993
36.63368252594354
41.75823766419854
41.34827240348934
24.939949200103268
19.373195664802275
33.19119766136593
24.863157799955555
39.9568306981773
20.642517926052523
28.351427426942852
34.515403928270956
28.285125301626017
28.7315798684936
30.497079186721482
37.247464895634415
31.963840591385885
29.072969811920586
32.355789144926824
0.0
37.08920283523397
33.30540663082579
29.526000012089494
25.64298974287861
31.2013764325772
38.06130019058189
35.772631911912434
37.93460839904086
39.323072193314275
34.339196605480765
36.17966170037257
28.080643644060913
27.272098627642972
32.980470564424714
36.38229993658945
33.290203844359674
38.030409976205796
33.21196406811024
34.84887747000711
38.129252735159646
44.12769507287649
29.64709546749988
32.62165486882101
32.778279957261354
34.131836415889964
31.511808923013927
32.93862065589298
34.652605275072915
34.75041628344928
32.77011796151763
35.37026599885263
33.2742480868167
36.80575437124553
35.70239337677697
35.09387765650514
29.846044214268577
41.12320524201652
42.240712944870666
35.95373205897624
38.71740312636378
37.48208455516157
30.833275178301854
20.984190482272435
22.85279550431196
34.908074548914215
28.208442842693444
31.92338933513446
36.43558608586488
23.855948373076906
32.74492183673816
33.56702587329623
31.807631776014723
36.5836859228887
27.278053866828778
27.718323246123028
27.239499717364406
28.270912566843762
32.34384404200763
31.741466117357273
32.124157550910404
30.096400030691598
37.08920283523397
0.0
22.56083678647782
36.81690282768989
31.938844348037197
27.265764176509176
23.5682924789438
23.158145563731463
24.065265888301557
24.413082279505865
23.042809024159748
27.663420522722728
36.231646397410024
30.942601262883162
26.89492828680027
22.70954444064147
34.12393652701654
30.62980755099499
33.972619225873906
35.62698044832844
28.46109559565335
30.37900851149572
32.43483666087591
32.44256235276235
33.27027080625653
27.211511486080557
33.03709117889735
33.09980946467179
33.30652796966288
30.071358929820974
32.84424536419072
29.786030270861104
32.090142965952154
28.68957226778513
34.549795016068835
32.50534954785802
35.53486111421243
39.26096067626049
27.08347079504218
29.99407996861884
29.19146084685827
29.5455387665129
31.512909669006014
23.095741252450914
20.179546470572042
31.27477777222465
27.948812553600963
31.249432156778525
32.95077289181437
28.302210138357097
29.799625479909906
40.45290496689221
25.406258861825837
37.47441908869145
26.221105449338715
27.171548214657072
24.316186598482602
29.013799191464535
34.29826003118271
34.385756156227
32.39791426465922
36.231643496650356
33.30540663082579
22.56083678647782
0.0
38.12134394923085
29.63491363470041
31.07102308972506
27.67161970007883
24.2009402650974
29.707388129269322
25.45617948612289
26.942746819748557
27.22262826660559
36.05991733863963
34.65144897914169
30.236644169048038
28.0602909262426
39.14430074818995
30.761542128515664
39.359094952869384
31.604177810735653
31.611602827367964
33.765738618913275
30.533927896861066
30.888595618436078
37.77325353607538
22.461830115332326
37.22619814092954
36.63746564993178
28.436588980045457
24.836476976564782
29.58581501595051
30.775952431913016
36.10943617560189
31.51414836749997
30.776084401948822
32.19030280180901
33.22356277389012
36.71614474999265
31.649295410900283
33.313426867177405
24.784040175258927
32.921655947481455
28.72559590159636
37.47286451929807
39.45756890760221
44.531515152350444
41.93189812538853
24.803881558274394
28.16198643705099
36.44625894459194
32.829772028584195
37.21899204257083
29.522536718489565
35.95346196250821
36.89613499922351
29.319166660772577
30.81708162696389
28.286027168043834
32.68046403432727
29.286613089721552
33.29341679187706
30.732944638089418
29.526000012089494
36.81690282768989
38.12134394923085
0.0
27.305065792405568
27.072466154849646
35.51204654517557
34.72089511271772
32.60304579227478
40.14887776178106
33.904961987770264
33.47413302878255
34.06052471333651
30.066700538522557
30.020224315106972
33.855299715192146
26.163479162841
40.81874071941461
26.27199251781918
31.006158419434854
34.12391149518846
37.286946474884715
34.36042602252223
36.34939307938902
33.90191072795977
35.18388569791491
30.45245829977299
27.918098605404136
36.80426413753211
40.133438316045314
32.74074919385064
34.13122211855531
28.63683718087461
31.78166685910603
33.258217379555184
34.54378857098685
32.417799208812376
37.64036214870636
38.76766485117433
29.5133617628222
41.35167740292501
32.34171043328417
31.811680654342886
32.66769432149358
32.22874174278051
38.80198295509522
35.35006089222462
26.001799322847436
26.222871703486863
31.251663468644097
28.740023298484278
38.981990070474616
23.75314957588705
35.36864908558641
31.475880361421236
26.612400380082484
25.43593536479631
28.289773713285697
31.556118944379033
30.060187167017073
25.91535870392117
31.659759045771388
25.64298974287861
31.938844348037197
29.63491363470041
27.305065792405568
0.0
28.821764227725616
33.59033676504548
31.01913739932003
32.69029600662118
35.36955951663763
32.09106996992808
32.84512002735152
34.057042300828684
30.652913637592082
30.014754869167515
32.62529750880666
33.300443748466634
35.99668391504785
32.769567380952424
31.237837150512007
34.76957337629149
37.41357415329413
30.786602851924314
34.28305209837296
35.385892387497826
29.99108966176491
34.22788295130648
33.23007073847173
32.650245497166885
33.443237987277946
31.562777900568943
33.416408842633665
32.82140017901859
32.191639706225246
33.015693895355994
35.859464691101365
31.63767535631142
38.77299206815162
37.00846017616557
32.719737120920435
35.242814547417986
35.09700982662752
30.849028746923256
28.138873905886406
29.706530801210572
37.9802932845618
31.348157334986954
24.403379375739092
28.095716296418278
27.77204568663723
29.25469437373524
30.395470362566222
28.70340815406022
36.697589006149826
28.708003008496668
23.869473999772577
23.736208602723227
22.58762710944901
26.367479020135157
28.35999642647855
29.64360897662734
23.676733757292933
31.2013764325772
27.265764176509176
31.07102308972506
27.072466154849646
28.821764227725616
0.0
26.949895748959122
25.937783757567495
22.149573175708856
31.27174988227448
26.858704162582633
26.802864094749346
32.356486475470945
25.062146500394064
20.928472039489876
24.269096968152276
24.62996023288926
32.062907007552454
23.572291968188274
27.76099540840125
26.776262647900342
27.515496049874045
27.5433277390887
30.50734721353352
30.52669468052293
27.43373775381127
27.31335186720135
24.386823070734536
31.225186598816794
34.16702000709596
27.870258830050425
29.134579227838085
23.934455029118297
23.397384327896855
27.207110539327694
31.902725698658188
28.377468492435238
33.5669649310191
27.75583882164354
24.017525790902535
34.01925297628111
28.421019782323704
27.507218112403418
27.07007103253381
24.423886008125717
36.53067889254875
31.46384707664903
29.804920527005706
37.38263576893445
25.704332842339365
35.853097386361675
35.045240822794845
32.01998462648118
34.44759217414691
27.1940114642663
27.35366032306243
30.616426147705607
30.96061486576624
33.84886660487551
32.94848420884825
36.12843642845127
31.641797752054654
38.06130019058189
23.5682924789438
27.67161970007883
35.51204654517557
33.59033676504548
26.949895748959122
0.0
15.730491454415606
20.54571366717188
18.96854501219355
19.523953950074212
25.800607439738457
31.698167471944892
28.37394115844099
23.570599768098866
21.31961338550108
30.55922248864982
27.373843385227474
30.180140065151644
34.38259754124381
24.875565972648857
28.02986725161718
33.10093761670445
31.933008217782888
31.971699588633484
24.818869815043062
30.68780785394305
31.192701081308183
29.076874701784185
29.085827377260614
32.2606072830467
30.87894781948287
32.258769225082546
27.94861436553567
34.94917742917075
28.36363876984648
33.44819365485185
36.54672746578312
24.194558662999302
28.558596708579742
26.832994381349987
26.318380929796096
30.803781980516717
26.589279249121876
21.790389191020743
36.48630427548676
30.581879437982092
28.40542779122127
35.417256448409816
25.12116981680195
34.364310917741385
36.488640603114575
28.21298282904573
34.69128410626534
25.612310528675067
25.762784950331408
28.124036282243196
29.75140788466784
32.11036074427403
32.64689142176813
34.328119543407794
32.70095224893119
35.772631911912434
23.158145563731463
24.2009402650974
34.72089511271772
31.01913739932003
25.937783757567495
15.730491454415606
0.0
20.38314591867145
18.487388526635023
16.82111175894724
23.89589227638896
30.150602407162605
26.576074123791187
22.91736063882378
21.210667489479857
29.304219940058253
27.800802753846128
29.38336886601178
30.352704856580427
25.175663065804986
27.76590698138644
31.890170417159904
29.893405348781144
31.180959293234142
21.020757508617894
31.044801534531466
30.779456620823254
25.43416501190663
26.10557298206138
30.42129658617926
28.94097194983515
31.15939672021636
26.869013584125693
33.39727701709799
29.846559421325843
31.484670720160974
36.21122019029321
26.49532065025582
27.934764330531426
24.54863411719344
26.968281355485953
28.697774976708327
25.074571775682358
25.404578985398675
36.898362363654655
29.321707289138793
27.369771290844152
35.07916193694528
26.612364806884745
34.500473497238126
31.160662398963662
32.311955338898905
38.44758378073098
28.084372942167654
26.055115068415063
27.677196479315604
27.148144800180187
28.544973762181087
31.64309927213858
34.72576093240056
26.990409336980367
37.93460839904086
24.065265888301557
29.707388129269322
32.60304579227478
32.69029600662118
22.149573175708856
20.54571366717188
20.38314591867145
0.0
23.566423429669296
23.456797334259466
24.798138621727684
35.470177216077005
28.799849469979648
19.089317070975714
20.974315318001413
28.08946118647541
28.943864148958394
27.008046715475544
30.22052927792917
24.639005828895016
23.89761838650668
32.08687855542352
32.67464231044715
33.580127125702376
26.31978850775312
32.01220630965411
29.986604716624374
30.55429141779909
32.20686038362592
30.42808533678296
29.814087421723773
28.30831583876242
24.455361051712806
30.771639143618582
31.88955901104113
32.70167195262128
34.76587907670866
23.13704339709674
25.11517281716892
30.483295152849408
27.979036849482274
30.53803272809479
27.014184613612592
24.546188362534547
34.49225220429499
31.52957079816512
32.87164666828544
38.96837242027997
26.815474724335328
37.13624908278091
37.955490132894134
31.83007213005614
36.83582403538697
29.658225115073147
30.03246099870131
32.26620761460215
34.184622447119786
35.45900820853844
36.579490580865915
38.94621384879593
36.01787306498947
39.323072193314275
24.413082279505865
25.45617948612289
40.14887776178106
35.36955951663763
31.27174988227448
18.96854501219355
18.487388526635023
23.566423429669296
0.0
20.72708310164844
25.684203653120267
34.554959138868966
32.35352196470329
27.644248376609518
25.465325433813668
37.37738378497714
22.4126809516579
36.242757537101284
36.38379140891479
30.045856445396
32.67380234968464
37.42807600767153
33.8699074688341
36.616535546760915
25.45078832111397
37.28060412865921
36.393096589941635
29.789504967759505
29.31594952843562
34.721927140344405
32.92163393960346
38.28315002657942
32.74472476238288
37.48927109471896
33.42405758563068
36.86656248674181
38.786860044630345
29.019831766482433
33.722211474867386
27.367737812503016
31.878919209837818
34.13698928940643
26.568074857331855
25.030664395812362
36.58538916989327
32.489760673563396
29.43689703221307
34.886579989977605
22.997719931787174
32.500118788182036
34.29400995584086
29.4895606414418
31.708141932265292
26.62040966653145
27.276024318440776
29.51561856634712
31.059742708841977
33.76593421492309
30.257217002260752
33.036689491577995
31.290094800353
34.339196605480765
23.042809024159748
26.942746819748557
33.904961987770264
32.09106996992808
26.858704162582633
19.523953950074212
16.82111175894724
23.456797334259466
20.72708310164844
0.0
25.427295219486847
28.901525124931062
25.101306900809934
24.903309785427062
22.07656464440396
29.07409455670173
28.40394510282731
30.19278068772322
35.02843361265034
26.887595379829744
31.994600492024233
32.88827751817124
30.942951237871483
28.381690105117112
25.316460912781327
29.832195731046937
30.86738285396222
30.828170989448097
28.65293527008268
31.313684276132353
30.778569475536848
31.47883556906788
30.14443676111858
37.03458298934227
29.76891720022755
33.355627442387274
38.65419314331834
28.818514246301135
29.268334776763627
28.535853844076442
26.721707524571126
29.93908067682898
27.889928843001776
26.888073333880815
30.76544319028308
27.9977555219139
28.4304855378242
32.37987888406401
28.480018646618696
31.002085621856722
34.33298084796225
30.06979442308643
40.53867830380646
26.795977553288104
27.17903787998117
27.60675184522767
25.55007096824015
31.984548355055626
31.427933781354124
36.07649267568388
31.13501871022971
36.17966170037257
27.663420522722728
27.22262826660559
33.47413302878255
32.84512002735152
26.802864094749346
25.800607439738457
23.89589227638896
24.798138621727684
25.684203653120267
25.427295219486847
0.0
34.01115682798509
32.55425076547579
23.046425934127292
23.456637436997646
31.984172307919636
31.067228551636653
32.76896352995505
29.492629046935818
28.562973650866564
26.57359762450939
32.84184445899537
31.38660253388679
36.253981932957046
25.33389707192748
34.24033673868331
33.58482976574946
29.73577762959416
31.25133784945867
27.83312281160354
31.563553535476853
32.16072632672206
26.18818948969233
27.78017831154369
29.005235923238935
30.915025115038105
29.82775457256989
28.184385058431847
28.793823728391292
30.315916832728135
28.56591511832657
27.234777276467934
37.583767458642875
35.442426638037965
45.44123733362211
45.181275767994705
30.714999691272308
33.29061105553489
33.41291317777412
33.97349760134495
41.2412348704063
30.09823451675968
23.33780294635863
33.899240707344994
30.967400608105375
35.44192352349795
35.639858142442435
42.61333224617437
30.201115768293384
32.322390045096746
35.57111235544498
28.080643644060913
36.231646397410024
36.05991733863963
34.06052471333651
34.057042300828684
32.356486475470945
31.698167471944892
30.150602407162605
35.470177216077005
34.554959138868966
28.901525124931062
34.01115682798509
0.0
20.77004299640943
30.788763340350226
30.156673994680126
27.432677589604925
38.97740913342932
29.540503350489992
39.739650783518975
32.69165137272518
41.90120095613484
32.406302714181166
28.240427132139587
23.442328099691657
32.05682077761508
24.8579963575609
31.390329852014286
34.15736278871336
32.71460702188572
32.92055146868036
35.09573476117793
31.90596759194709
36.22803676912435
41.129936383222436
30.893961718040636
30.410576625701683
42.92758034899384
38.96170523270958
33.91817552528972
36.11440958678769
31.558238013028802
29.160955161037627
33.32699529239082
33.588442707601125
43.98616652376864
40.266595227343494
27.31702802542725
30.361845605590236
28.53108870691045
31.920063815264406
36.91210599116784
28.210087550758864
24.57831030802687
31.923287916546045
27.459241032619936
30.717088764441463
30.641175373800003
36.19844843003862
29.43198648584999
30.54647900237146
30.734607603937118
27.272098627642972
30.942601262883162
34.65144897914169
30.066700538522557
30.652913637592082
25.062146500394064
28.37394115844099
26.576074123791187
28.799849469979648
32.35352196470329
25.101306900809934
32.55425076547579
20.77004299640943
0.0
26.067337095670915
26.56491259503068
22.533402572966118
35.33418164655633
23.620064421021254
36.48447125497976
28.60834717746426
37.3894181629024
29.882143187569454
28.891717411691893
22.43792296754345
29.948542422617695
22.560347725404952
26.426689208124657
33.358121147523654
31.63268371667072
31.962896775681045
30.8754820208538
26.19470539970918
31.16074094014818
37.10543006714721
31.252599619104174
29.300747464465854
41.62921646912838
34.56828388503184
29.47309762856961
35.09844723367648
29.04753303108671
28.244986385150863
27.842586585232425
27.68549133143732
36.07505341534769
31.64762587746528
23.898730472086356
30.151475511340696
27.43391802680636
30.98164039253917
31.78015766599963
28.785270173489277
35.78631720683585
27.922277955850692
23.197683984314693
27.095832578069786
25.419052616838293
30.477218993240232
29.632342332823036
32.70447723601158
26.164622241911935
32.980470564424714
26.89492828680027
30.236644169048038
30.020224315106972
30.014754869167515
20.928472039489876
23.570599768098866
22.91736063882378
19.089317070975714
27.644248376609518
24.903309785427062
23.046425934127292
30.788763340350226
26.067337095670915
0.0
22.737571160763316
23.563879893970633
30.07485743359205
25.882327601958185
28.38787032079787
25.047006763235373
24.907645621679134
27.613744042460294
29.79769426090324
30.632994446365537
26.207588475829912
28.39227694608732
26.14980303014131
28.307259650478407
31.02233498792733
28.382825862272234
29.64500102604523
25.630206056023564
23.871527815038025
27.636781040333343
27.309722338122103
27.416891729842202
31.87211019176902
25.589736345804813
25.284869011638598
30.99883387735532
25.592288928950104
26.706854328421006
23.59353246969973
23.82454974806513
36.84394929983053
28.858872738280485
30.353230881342665
35.14838231181466
25.183677646349008
31.54381890754334
29.829414825940805
32.8670207233395
36.31916150219163
24.461766539627558
26.605356714583582
26.62632858472367
27.435464567518533
31.63675102791041
28.04219025758943
30.06663599403518
26.027671632094425
36.38229993658945
22.70954444064147
28.0602909262426
33.855299715192146
32.62529750880666
24.269096968152276
21.31961338550108
21.210667489479857
20.974315318001413
25.465325433813668
22.07656464440396
23.456637436997646
30.156673994680126
26.56491259503068
22.737571160763316
0.0
26.554363781719474
33.64879928152326
28.180388080596547
33.54548239634162
23.17004322745246
25.32083588563685
29.52519634386699
27.867640760879045
28.790653605177177
25.3232106003066
27.046090934400468
31.131563429273744
31.893138427513133
30.436871017897882
28.49791994455484
30.102638300166344
26.869030683925345
24.105727338539584
31.4955125189883
29.659569343528723
30.529191160202622
36.112677710608864
24.693310895050864
25.558275776108736
28.724548299500253
25.209733307276128
26.283581451116188
36.44566629685073
36.357973846664216
46.77312878285436
41.32086173840508
26.47345466700719
32.313303590701146
33.75992932062558
34.909259331347954
33.86234751772023
33.243868466862125
34.553543508012936
34.49563314159269
28.60543566731674
32.53763159572902
29.15304900896134
34.50591932436176
30.567011281829426
33.68873535556075
28.267842889115457
33.290203844359674
34.12393652701654
39.14430074818995
26.163479162841
33.300443748466634
24.62996023288926
30.55922248864982
29.304219940058253
28.08946118647541
37.37738378497714
29.07409455670173
31.984172307919636
27.432677589604925
22.533402572966118
23.563879893970633
26.554363781719474
0.0
39.839367486457554
16.418277513509892
32.61913137521723
28.526666345694892
31.919858965487638
31.366124453612354
31.19056271859686
25.40171230926911
33.20531946949838
22.578226980370562
23.3016145583641
33.868061379049074
37.60891632159349
32.14561085588398
33.28327873110307
22.378968806028222
27.727262329436265
33.39296930423129
32.05854292586637
28.736711541066523
38.112421263928184
34.40230912917395
25.970892900224925
38.37705172216089
27.61539584249134
28.94797469090071
31.546896265090016
30.786386674678266
33.80679966947153
33.272578319246094
31.795983632091822
36.39002467718045
29.197538386312313
36.68924733290718
37.35172965578425
31.317426386588004
38.68147900320024
33.2381411557233
33.296101794617535
35.11709663584736
34.79554757408686
36.712774120527484
40.55419080951628
41.23077959935661
36.332383067567896
38.030409976205796
30.62980755099499
30.761542128515664
40.81874071941461
35.99668391504785
32.062907007552454
27.373843385227474
27.800802753846128
28.943864148958394
22.4126809516579
28.40394510282731
31.067228551636653
38.97740913342932
35.33418164655633
30.07485743359205
33.64879928152326
39.839367486457554
0.0
39.280490543218086
37.815739884677996
36.22284928985267
35.892276328745126
38.28218693262087
38.04543343253151
40.391604799131734
32.19918329702464
40.6663527431721
36.66299034500091
32.228712811765526
34.587482344602044
38.47783195651596
36.461596019745976
40.87544590436132
35.648275452243034
38.10065619291319
35.7291814306577
38.452330294602085
36.20665545442419
32.562075244741386
37.98317571564372
34.07630486337737
37.165792177581004
37.664673212214105
36.95051254458965
36.86927727700977
48.34341124376125
42.4723296443779
26.453968258173155
32.556152839494416
34.99565824972925
35.84317065823372
34.97201374057058
32.518070816451164
35.05133684843262
36.50635636298511
28.917325582693238
32.15771644689276
29.0998134238571
32.2544685322997
33.07329419524468
35.466686178263366
29.46064672274539
33.21196406811024
33.972619225873906
39.359094952869384
26.27199251781918
32.769567380952424
23.572291968188274
30.180140065151644
29.38336886601178
27.008046715475544
36.242757537101284
30.19278068772322
32.76896352995505
29.540503350489992
23.620064421021254
25.882327601958185
28.180388080596547
16.418277513509892
39.280490543218086
0.0
31.78666524189412
30.186990694588687
34.137444584961585
34.35145683101177
33.6196206910941
28.181219896564237
33.6538051469985
25.75666367734176
23.173343083116585
34.330964956193604
39.23363630963422
33.309187717601844
33.56118826920156
25.1390017620991
28.825239226217928
34.147760703104
35.45862392195146
31.062632345329803
40.191597131556975
35.275090792665445
27.03890603382536
39.09691873824065
31.741764434452467
31.807719217728096
35.055156398701236
31.975574568755913
40.79651372235
35.02218486971127
27.90778369719846
30.08324404566592
38.25071476600603
34.46956619216893
40.027785304792374
28.399183435829666
44.83258936867846
33.17246902057066
30.285451845463125
28.400793226783794
27.105328437687575
30.473965343468592
38.026133809526925
37.74433645324019
34.55569490721133
34.84887747000711
35.62698044832844
31.604177810735653
31.006158419434854
31.237837150512007
27.76099540840125
34.38259754124381
30.352704856580427
30.22052927792917
36.38379140891479
35.02843361265034
29.492629046935818
39.739650783518975
36.48447125497976
28.38787032079787
33.54548239634162
32.61913137521723
37.815739884677996
31.78666524189412
0.0
32.42118647354013
28.44631988674528
29.29555059835387
31.93051729577603
39.39987894581508
25.934247292885505
36.73924357310234
30.78212390863366
24.840545912476433
31.275236967001614
26.355543155792976
31.10718613655974
30.39514198564122
26.480268927593478
22.972502650572636
33.581290257777965
26.696887775816293
30.73492851844488
33.496494547455065
28.316552226126127
30.605896980351226
32.983391538359825
26.359135452044267
26.694506147486177
26.974780430054313
38.94345884016625
32.468510315314575
31.24866705816735
36.96590071949299
28.98664225652995
35.32529255471449
33.924765970431515
35.40122730519396
35.9119938166087
27.320069889331233
27.685252855406606
29.386370118995437
30.41007044750384
33.28673810868624
28.757367976755496
32.923991777881
28.81621767426697
38.129252735159646
28.46109559565335
31.611602827367964
34.12391149518846
34.76957337629149
26.776262647900342
24.875565972648857
25.175663065804986
24.639005828895016
30.045856445396
26.887595379829744
28.562973650866564
32.69165137272518
28.60834717746426
25.047006763235373
23.17004322745246
28.526666345694892
36.22284928985267
30.186990694588687
32.42118647354013
0.0
26.10449483528325
28.800435642124626
27.621784683451857
29.19697901178685
27.642091746937115
26.327244885894036
30.387173104819567
33.5540792571281
28.31652774548279
27.72872722885797
29.825076064093505
24.7387351546883
24.173976793984767
31.048304275867284
27.319965363470807
28.769087653827942
35.520751137416376
23.04371191724463
23.1732850615475
28.725575459535452
23.47393845012528
24.286879191605177
29.85753058426623
27.19474416735259
37.51178172111142
27.297803108187914
33.203649050700164
38.62776044045759
32.363102606663794
37.647852218356036
32.43178615059647
38.057009291651056
47.40208820353783
28.10195104496416
31.759820526048863
31.065144863096574
28.845454759217823
31.3520747915166
35.58471365548593
37.67252297289123
29.566396768829883
44.12769507287649
30.37900851149572
33.765738618913275
37.286946474884715
37.41357415329413
27.515496049874045
28.02986725161718
27.76590698138644
23.89761838650668
32.67380234968464
31.994600492024233
26.57359762450939
41.90120095613484
37.3894181629024
24.907645621679134
25.32083588563685
31.919858965487638
35.892276328745126
34.137444584961585
28.44631988674528
26.10449483528325
0.0
31.47398678746863
33.42117358878436
38.877373286244584
29.14033953135462
35.582255196126354
33.54736132254842
31.487955704169543
33.728347586605274
30.574938705785026
33.042460467824185
29.142581550364305
20.88191756171129
26.8503549493287
32.06024819721284
32.44044846264108
29.831085725444655
21.264972594954997
27.040659856661215
30.33923390179759
28.17402367078543
29.367241695242964
30.065670414781586
29.3889596042017
40.119271142432154
34.442207308305335
30.31012366120796
28.298895046820153
31.92595439378188
28.931982784147312
36.57381635548437
29.939453656980895
36.33077590941463
27.748039738793413
28.043506065515086
28.010390984918924
29.731479804877363
36.603406170071935
30.886137228883833
26.76863818358751
29.325731699871326
29.64709546749988
32.43483666087591
30.533927896861066
34.36042602252223
30.786602851924314
27.5433277390887
33.10093761670445
31.890170417159904
32.08687855542352
37.42807600767153
32.88827751817124
32.84184445899537
32.406302714181166
29.882143187569454
27.613744042460294
29.52519634386699
31.366124453612354
38.28218693262087
34.35145683101177
29.29555059835387
28.800435642124626
31.47398678746863
0.0
26.223365015258985
30.8218464282753
25.61597294862813
27.21436875557023
31.08479758744948
29.09070805766803
26.619709774067847
26.50487760801293
31.21378680270053
25.695017314204105
27.6005843528617
26.772649104205687
27.52403756721065
22.069521735565825
34.71259231967076
30.172718882715934
29.00422060886617
29.131354982521696
28.19208073489343
21.65475585068221
32.99738667343377
27.35127033795283
41.28596679861991
36.002083404245184
32.6207482710373
33.382986640588946
33.44187366369681
32.33164441469944
38.720495145703694
31.011214223056424
35.05036732821264
27.84837043549583
31.521414637971088
30.28614317349729
32.51346515046135
37.24143341331069
33.26003528228278
31.06342997374955
34.17152597413682
32.62165486882101
32.44256235276235
30.888595618436078
36.34939307938902
34.28305209837296
30.50734721353352
31.933008217782888
29.893405348781144
32.67464231044715
33.8699074688341
30.942951237871483
31.38660253388679
28.240427132139587
28.891717411691893
29.79769426090324
27.867640760879045
31.19056271859686
38.04543343253151
33.6196206910941
31.93051729577603
27.621784683451857
33.42117358878436
26.223365015258985
0.0
26.627840646273935
23.796178119272117
25.285330614495358
29.57835331835005
25.69307473120884
25.59347640610092
26.58036457705584
31.66579527449783
30.012416327899416
30.78271954065788
30.378486852958915
29.43816130782086
23.806200446506157
35.49074213106623
32.78523809313111
29.513159679485202
26.835643996842695
28.04123559602721
22.328310390623557
35.56592385770782
35.03645477743988
46.79236997559238
42.819830172634845
32.94332631156044
36.57726888502877
32.34229413268295
35.27031177921791
38.033759305177234
34.717856683872505
27.680370136730765
34.13330928873148
31.93785335928896
34.78642860385936
34.961224810570634
40.24314866696373
30.299133662503753
30.890992233498995
32.757787667649026
32.778279957261354
33.27027080625653
37.77325353607538
33.90191072795977
35.385892387497826
30.52669468052293
31.971699588633484
31.180959293234142
33.580127125702376
36.616535546760915
28.381690105117112
36.253981932957046
23.442328099691657
22.43792296754345
30.632994446365537
28.790653605177177
25.40171230926911
40.391604799131734
28.181219896564237
39.39987894581508
29.19697901178685
38.877373286244584
30.8218464282753
26.627840646273935
0.0
32.33102292287018
19.570681725193722
27.08438505467079
35.53031260970618
32.752311955513015
33.226259574040185
33.37482860125144
27.586427099744558
33.946215358163215
39.63764569440331
31.464260296865064
30.613330494997705
43.64356847787533
35.980342520060645
30.890044154179872
35.411267996839165
29.158756382626358
29.275960229414753
28.486938390825017
22.381652473602184
36.314133311399274
30.68291735075362
29.771408875983607
32.834589298538006
30.29177029130403
31.94689542217036
39.920601138002
26.415956637726868
36.82210327651593
25.355191012722315
27.90243571641879
26.634848600749493
29.619061370814045
33.20267803484294
34.19184981978574
32.715014665344086
34.92374647126166
34.131836415889964
27.211511486080557
22.461830115332326
35.18388569791491
29.99108966176491
27.43373775381127
24.818869815043062
21.020757508617894
26.31978850775312
25.45078832111397
25.316460912781327
25.33389707192748
32.05682077761508
29.948542422617695
26.207588475829912
25.3232106003066
33.20531946949838
32.19918329702464
33.6538051469985
25.934247292885505
27.642091746937115
29.14033953135462
25.61597294862813
23.796178119272117
32.33102292287018
0.0
30.659245474571797
29.80106067589344
19.899069454075217
21.673522378566584
24.338442033595545
29.6548565622525
32.138199778689625
28.275588506253523
27.58623883490982
28.35708310001345
26.09597954052984
33.95519011157915
29.178578056586506
28.30751740590811
20.33308498522214
28.02459608153181
22.824221545702272
34.17292763798935
35.21509483797786
45.599455935826434
41.35665844277875
30.290827791468995
33.197568533497254
32.74662873040906
32.99563273521217
36.7010722073107
33.77954058389101
29.337394325044986
33.10405798621821
29.995895311291704
32.8704742973465
31.55913454033481
38.84685737999199
28.92094486972527
30.822046078798373
29.901837419175422
31.511808923013927
33.03709117889735
37.22619814092954
30.45245829977299
34.22788295130648
27.31335186720135
30.68780785394305
31.044801534531466
32.01220630965411
37.28060412865921
29.832195731046937
34.24033673868331
24.8579963575609
22.560347725404952
28.39227694608732
27.046090934400468
22.578226980370562
40.6663527431721
25.75666367734176
36.73924357310234
26.327244885894036
35.582255196126354
27.21436875557023
25.285330614495358
19.570681725193722
30.659245474571797
0.0
24.230200567099377
34.073816403185
32.44710726999138
31.195885122647667
32.24857377200935
24.29634127902079
29.99327545264648
34.61968238801737
28.414763604839813
26.415635317051116
39.55623678542811
33.83746145452639
27.56317570547341
34.810769225402574
26.04559477807953
26.11946777653848
36.70580900295695
35.745855070317
45.40784800370347
41.13505976372526
27.182382824021996
32.219307800084955
35.26584674880676
34.4492393268151
36.889383531770264
30.8683951823193
34.699180964476874
35.77491785349858
30.109774675252336
32.40799420183379
29.41574185086602
33.58850450333943
34.94882602263914
35.787543439455646
31.66453425410443
32.93862065589298
33.09980946467179
36.63746564993178
27.918098605404136
33.23007073847173
24.386823070734536
31.192701081308183
30.779456620823254
29.986604716624374
36.393096589941635
30.86738285396222
33.58482976574946
31.390329852014286
26.426689208124657
26.14980303014131
31.131563429273744
23.3016145583641
36.66299034500091
23.173343083116585
30.78212390863366
30.387173104819567
33.54736132254842
31.08479758744948
29.57835331835005
27.08438505467079
29.80106067589344
24.230200567099377
0.0
29.513145708497277
34.87692610292713
32.163161814377865
32.587690234569976
27.37505754181691
29.55563453620298
30.98047928311736
30.79219461508976
27.247112491001715
37.173081597188904
34.97284846882081
28.340389297162407
35.22060017200701
29.4820358555108
29.280310940411685
35.954893982862544
27.416067287903964
40.06108693363843
35.505988078978476
29.946096775629016
32.99802471986104
35.42837839189841
35.07844817205416
42.8072119698617
26.269632324687684
39.37535030635816
30.829389386568362
31.696535733951897
32.34793648138205
32.532463123433374
36.62372384378001
40.5464163674141
37.92922391279196
38.50419725893019
34.652605275072915
33.30652796966288
28.436588980045457
36.80426413753211
32.650245497166885
31.225186598816794
29.076874701784185
25.43416501190663
30.55429141779909
29.789504967759505
30.828170989448097
29.73577762959416
34.15736278871336
33.358121147523654
28.307259650478407
31.893138427513133
33.868061379049074
32.228712811765526
34.330964956193604
24.840545912476433
33.5540792571281
31.487955704169543
29.09070805766803
25.69307473120884
35.53031260970618
19.899069454075217
34.073816403185
29.513145708497277
0.0
26.006186830068692
30.23351752749128
32.51287461704436
35.956284560712945
31.183189404914017
28.46472438130401
30.770600689831184
27.03277678812295
33.23752930020821
34.168661537930475
32.50875910460425
23.019381648498232
32.20718649084148
27.64523214371467
30.242480197051208
25.090580879505843
37.05952720701811
34.17188225654
33.53475442747998
35.70823282330848
31.591153202783026
34.78720151059167
43.363693258066974
29.458517425037765
34.0299365975377
27.558867205206997
31.241500542838363
31.11745193049338
34.42761147583238
39.66561942279188
35.738665868695314
34.52886229079021
38.127938868248286
34.75041628344928
30.071358929820974
24.836476976564782
40.133438316045314
33.443237987277946
34.16702000709596
29.085827377260614
26.10557298206138
32.20686038362592
29.31594952843562
28.65293527008268
31.25133784945867
32.71460702188572
31.63268371667072
31.02233498792733
30.436871017897882
37.60891632159349
34.587482344602044
39.23363630963422
31.275236967001614
28.31652774548279
33.728347586605274
26.619709774067847
25.59347640610092
32.752311955513015
21.673522378566584
32.44710726999138
34.87692610292713
26.006186830068692
0.0
26.939352173318824
29.242873202964244
33.95492985738552
31.777179547972267
32.98770963812907
26.871950203184152
28.03646775585819
36.62639675620138
30.125039898471865
32.414485932039504
20.47519823044624
28.85522960721383
23.979515469684078
30.597867252929507
28.955089907808144
36.221423190808025
33.02275990561711
29.792553683738078
30.415829187461714
33.40297487207564
30.569438387110385
37.84631977935669
29.612469012171882
38.230620400937575
27.893564226808625
26.734251194671895
24.803850533594318
27.27229301452005
33.140158674152865
30.004596310322153
32.19828719017643
31.904931683792906
32.77011796151763
32.84424536419072
29.58581501595051
32.74074919385064
31.562777900568943
27.870258830050425
32.2606072830467
30.42129658617926
30.42808533678296
34.721927140344405
31.313684276132353
27.83312281160354
32.92055146868036
31.962896775681045
28.382825862272234
28.49791994455484
32.14561085588398
38.47783195651596
33.309187717601844
26.355543155792976
27.72872722885797
30.574938705785026
26.50487760801293
26.58036457705584
33.226259574040185
24.338442033595545
31.195885122647667
32.163161814377865
30.23351752749128
26.939352173318824
0.0
28.467313411486934
27.637749767490032
26.26059105519186
26.752181127188415
28.322438384877955
25.501866459054273
30.869023752617682
30.306620762978177
25.548132793687124
28.93943217469472
29.634418822352853
21.408952620479127
30.58152697998312
32.67623376481248
39.07770358475658
36.01777470674794
31.15466100396602
34.93401535353893
31.59728360676043
34.49298134519861
40.36561187740946
32.63583522011773
37.17689488190869
34.99893941780799
28.967299868899445
30.34320024437476
28.793406837815862
35.273823134539356
34.45720115295186
35.57510486842805
34.22355570450774
35.37026599885263
29.786030270861104
30.775952431913016
34.13122211855531
33.416408842633665
29.134579227838085
30.87894781948287
28.94097194983515
29.814087421723773
32.92163393960346
30.778569475536848
31.563553535476853
35.09573476117793
30.8754820208538
29.64500102604523
30.102638300166344
33.28327873110307
36.461596019745976
33.56118826920156
31.10718613655974
29.825076064093505
33.042460467824185
31.21378680270053
31.66579527449783
33.37482860125144
29.6548565622525
32.24857377200935
32.587690234569976
32.51287461704436
29.242873202964244
28.467313411486934
0.0
26.488598235321657
25.759952044164777
31.06608070115075
31.38511226799931
31.70260936741837
35.43373092211373
30.945086848572505
27.40959868505672
31.70669647533905
29.31019930377432
29.321280824970998
30.509550886884618
33.94550573002229
43.29597041557056
36.92743167061235
29.094031760153364
31.56392601474274
32.08478432107895
32.159839329696325
32.04968615967433
34.164634732130004
36.42676462929455
32.253656909572236
27.223898760339125
29.10569743287752
26.39681091020333
32.89301195796423
27.531941402211093
30.310455538023373
25.003247333170624
33.2742480868167
32.090142965952154
36.10943617560189
28.63683718087461
32.82140017901859
23.934455029118297
32.258769225082546
31.15939672021636
28.30831583876242
38.28315002657942
31.47883556906788
32.16072632672206
31.90596759194709
26.19470539970918
25.630206056023564
26.869030683925345
22.378968806028222
40.87544590436132
25.1390017620991
30.39514198564122
24.7387351546883
29.142581550364305
25.695017314204105
30.012416327899416
27.586427099744558
32.138199778689625
24.29634127902079
27.37505754181691
35.956284560712945
33.95492985738552
27.637749767490032
26.488598235321657
0.0
22.57835913463901
29.284945689245706
30.73225970230494
28.204246575644095
35.67573350024908
29.916374481041785
23.526969434618138
36.15586167426263
27.062028670928214
25.09493824458256
27.663668127744785
28.564731059112667
37.621617465424244
29.71434527858608
28.345932352974057
32.85930777680871
29.654782228768195
32.38687269893141
32.71104064523483
33.11141714116481
41.52926923427327
28.51834131454581
26.437381479162838
26.40819137548868
23.911685876929166
29.340554038582894
30.98568847153953
33.1635557065021
26.707398982811146
36.80575437124553
28.68957226778513
31.51414836749997
31.78166685910603
32.191639706225246
23.397384327896855
27.94861436553567
26.869013584125693
24.455361051712806
32.74472476238288
30.14443676111858
26.18818948969233
36.22803676912435
31.16074094014818
23.871527815038025
24.105727338539584
27.727262329436265
35.648275452243034
28.825239226217928
26.480268927593478
24.173976793984767
20.88191756171129
27.6005843528617
30.78271954065788
33.946215358163215
28.275588506253523
29.99327545264648
29.55563453620298
31.183189404914017
31.777179547972267
26.26059105519186
25.759952044164777
22.57835913463901
0.0
23.507609616498915
29.84804904141432
27.648447012859194
29.172380505337525
23.935047952589546
22.62841204159818
30.765435567005255
26.24767937912538
24.931056382749663
32.83550515246953
31.762593978374625
37.95413702725186
31.290116243360174
29.795486210844984
29.657809375486522
36.28744826004405
31.216807709692077
37.67711224385471
31.519650743041794
46.42255658520556
32.352405430807515
28.458101929662455
26.778958175554948
25.260638905835716
31.068723467559167
37.10991550925587
36.39649116218776
32.29353734381972
35.70239337677697
34.549795016068835
30.776084401948822
33.258217379555184
33.015693895355994
27.207110539327694
34.94917742917075
33.39727701709799
30.771639143618582
37.48927109471896
37.03458298934227
27.78017831154369
41.129936383222436
37.10543006714721
27.636781040333343
31.4955125189883
33.39296930423129
38.10065619291319
34.147760703104
22.972502650572636
31.048304275867284
26.8503549493287
26.772649104205687
30.378486852958915
39.63764569440331
27.58623883490982
34.61968238801737
30.98047928311736
28.46472438130401
32.98770963812907
26.752181127188415
31.06608070115075
29.284945689245706
23.507609616498915
0.0
32.74246850604917
24.7144343070273
28.536983591116243
31.71765577393207
29.208412981563683
31.377753757072774
31.32029359058097
25.716150479676635
32.70953937558065
31.794791485190846
36.78784911640151
37.34880588985572
30.746316767515147
34.9313254160118
32.12169210324969
34.22564690192303
39.410300411111294
31.901755000323053
32.89693217356203
30.66300395457871
30.68487207574093
33.53050603118496
32.23325930718
40.039103353538444
32.91035375375151
36.708869181771426
34.56447024913429
35.09387765650514
32.50534954785802
32.19030280180901
34.54378857098685
35.859464691101365
31.902725698658188
28.36363876984648
29.846559421325843
31.88955901104113
33.42405758563068
29.76891720022755
29.005235923238935
30.893961718040636
31.252599619104174
27.309722338122103
29.659569343528723
32.05854292586637
35.7291814306577
35.45862392195146
33.581290257777965
27.319965363470807
32.06024819721284
27.52403756721065
29.43816130782086
31.464260296865064
28.35708310001345
28.414763604839813
30.79219461508976
30.770600689831184
26.871950203184152
28.322438384877955
31.38511226799931
30.73225970230494
29.84804904141432
32.74246850604917
0.0
27.224986171413928
31.435101491921742
29.636794241367234
30.109300304295775
27.55708663330601
23.926062641540664
24.20824256124352
35.10372456088839
31.920333968714722
42.273602248125336
38.07908419772902
28.872161146124295
28.69269682106227
35.377101025277966
31.898931019246557
38.46211931978465
28.343296887931206
36.60793139323729
30.734478561141067
28.80896627328163
29.332213629424803
30.022708034938653
35.98747795374583
33.912886633934534
33.10350074655411
32.75895567633771
29.846044214268577
35.53486111421243
33.22356277389012
32.417799208812376
31.63767535631142
28.377468492435238
33.44819365485185
31.484670720160974
32.70167195262128
36.86656248674181
33.355627442387274
30.915025115038105
30.410576625701683
29.300747464465854
27.416891729842202
30.529191160202622
28.736711541066523
38.452330294602085
31.062632345329803
26.696887775816293
28.769087653827942
32.44044846264108
22.069521735565825
23.806200446506157
30.613330494997705
26.09597954052984
26.415635317051116
27.247112491001715
27.03277678812295
28.03646775585819
25.501866459054273
31.70260936741837
28.204246575644095
27.648447012859194
24.7144343070273
27.224986171413928
0.0
31.87572581074265
32.311569251316534
27.73988965943847
28.710410650245954
27.92507055056287
20.134015629596306
36.3429775150524
35.720318351567066
33.29387185296814
33.71286810980148
33.498547317530026
35.32142617433618
37.64885858662241
36.755424026947445
38.36983902847331
36.06310429736858
47.33075077256736
33.43981516108045
35.895652770396595
34.91754198469452
31.608374632417934
35.98218207352292
39.15294335406558
42.719239103047286
36.45129196490831
41.12320524201652
39.26096067626049
36.71614474999265
37.64036214870636
38.77299206815162
33.5669649310191
36.54672746578312
36.21122019029321
34.76587907670866
38.786860044630345
38.65419314331834
29.82775457256989
42.92758034899384
41.62921646912838
31.87211019176902
36.112677710608864
38.112421263928184
36.20665545442419
40.191597131556975
30.73492851844488
35.520751137416376
29.831085725444655
34.71259231967076
35.49074213106623
43.64356847787533
33.95519011157915
39.55623678542811
37.173081597188904
33.23752930020821
36.62639675620138
30.869023752617682
35.43373092211373
35.67573350024908
29.172380505337525
28.536983591116243
31.435101491921742
31.87572581074265
0.0
32.4778504822508
33.35663700724709
36.22644822314637
33.69530005130536
30.882763617017876
25.397256797909304
26.010030251338307
35.39055942195432
28.61057303824583
33.68748181540005
39.243523040473164
28.272091572794622
37.02500795611553
33.12128618191114
37.8324357660004
41.33071727706932
26.831216851865932
30.48339021542941
30.996404534561716
31.260649034730044
33.59431360849154
32.923517859878345
35.63402365831752
29.435909902347753
42.240712944870666
27.08347079504218
31.649295410900283
38.76766485117433
37.00846017616557
27.75583882164354
24.194558662999302
26.49532065025582
23.13704339709674
29.019831766482433
28.818514246301135
28.184385058431847
38.96170523270958
34.56828388503184
25.589736345804813
24.693310895050864
34.40230912917395
32.562075244741386
35.275090792665445
33.496494547455065
23.04371191724463
21.264972594954997
30.172718882715934
32.78523809313111
35.980342520060645
29.178578056586506
33.83746145452639
34.97284846882081
34.168661537930475
30.125039898471865
30.306620762978177
30.945086848572505
29.916374481041785
23.935047952589546
31.71765577393207
29.636794241367234
32.311569251316534
32.4778504822508
0.0
26.477257705691176
29.24293631156216
27.752427680871225
29.353922181284116
30.233794277213153
30.612729608178746
40.475482624886986
34.27240273135345
28.098416856021885
33.836546497671165
31.522710100476043
33.703172523949746
35.118818747795366
33.34054369258494
38.27913302286652
31.141830048503955
26.542372549379447
27.660581550464915
26.648042226915212
30.073800176880916
30.42226900215848
33.34469235565747
28.294364381011466
35.95373205897624
29.99407996861884
33.313426867177405
29.5133617628222
32.719737120920435
24.017525790902535
28.558596708579742
27.934764330531426
25.11517281716892
33.722211474867386
29.268334776763627
28.793823728391292
33.91817552528972
29.47309762856961
25.284869011638598
25.558275776108736
25.970892900224925
37.98317571564372
27.03890603382536
28.316552226126127
23.1732850615475
27.040659856661215
29.00422060886617
29.513159679485202
30.890044154179872
28.30751740590811
27.56317570547341
28.340389297162407
32.50875910460425
32.414485932039504
25.548132793687124
27.40959868505672
23.526969434618138
22.62841204159818
29.208412981563683
30.109300304295775
27.73988965943847
33.35663700724709
26.477257705691176
0.0
31.84738684388197
25.925105452422635
26.47565533347266
31.616526715564056
22.04808027358771
38.2545162008664
32.69181542871905
35.028071888092576
38.578687173772956
32.71598091925691
36.62339685354758
43.00368305186676
30.925244452677084
38.83047061471959
28.01990147386364
32.791676709420415
31.517408879973594
34.86341394338074
37.722955229277986
39.00740501772371
36.8892834516118
39.328534361422044
38.71740312636378
29.19146084685827
24.784040175258927
41.35167740292501
35.242814547417986
34.01925297628111
26.832994381349987
24.54863411719344
30.483295152849408
27.367737812503016
28.535853844076442
30.315916832728135
36.11440958678769
35.09844723367648
30.99883387735532
28.724548299500253
38.37705172216089
34.07630486337737
39.09691873824065
30.605896980351226
28.725575459535452
30.33923390179759
29.131354982521696
26.835643996842695
35.411267996839165
20.33308498522214
34.810769225402574
35.22060017200701
23.019381648498232
20.47519823044624
28.93943217469472
31.70669647533905
36.15586167426263
30.765435567005255
31.377753757072774
27.55708663330601
28.710410650245954
36.22644822314637
29.24293631156216
31.84738684388197
0.0
29.616661055252536
26.27348033550474
30.88207387493262
30.334364679895625
38.762514459527814
34.55843456790186
31.14610100670766
36.25305300193205
28.919679661932197
34.42328405681118
35.6571100328821
34.5637268069738
35.85938603324088
28.54065812355095
29.945431099734574
31.62169405354098
30.391522805501488
36.0331825309806
30.541586529620847
33.89467135291129
30.93802476054807
37.48208455516157
29.5455387665129
32.921655947481455
32.34171043328417
35.09700982662752
28.421019782323704
26.318380929796096
26.968281355485953
27.979036849482274
31.878919209837818
26.721707524571126
28.56591511832657
31.558238013028802
29.04753303108671
25.592288928950104
25.209733307276128
27.61539584249134
37.165792177581004
31.741764434452467
32.983391538359825
23.47393845012528
28.17402367078543
28.19208073489343
28.04123559602721
29.158756382626358
28.02459608153181
26.04559477807953
29.4820358555108
32.20718649084148
28.85522960721383
29.634418822352853
29.31019930377432
27.062028670928214
26.24767937912538
31.32029359058097
23.926062641540664
27.92507055056287
33.69530005130536
27.752427680871225
25.925105452422635
29.616661055252536
0.0
23.332019347724877
29.997778412199878
27.366893574653787
38.05162593208305
33.358722147441405
28.901272073836772
29.477236577082902
31.30213729663236
29.305856052182804
35.97246759231327
28.237767005055062
34.940817180426535
24.593134382176654
28.319339449967003
27.01977099754823
27.854968413994253
34.03776881957313
29.144363803330794
29.680929940904168
30.824373759087955
30.833275178301854
31.512909669006014
28.72559590159636
31.811680654342886
30.849028746923256
27.507218112403418
30.803781980516717
28.697774976708327
30.53803272809479
34.13698928940643
29.93908067682898
27.234777276467934
29.160955161037627
28.244986385150863
26.706854328421006
26.283581451116188
28.94797469090071
37.664673212214105
31.807719217728096
26.359135452044267
24.286879191605177
29.367241695242964
21.65475585068221
22.328310390623557
29.275960229414753
22.824221545702272
26.11946777653848
29.280310940411685
27.64523214371467
23.979515469684078
21.408952620479127
29.321280824970998
25.09493824458256
24.931056382749663
25.716150479676635
24.20824256124352
20.134015629596306
30.882763617017876
29.353922181284116
26.47565533347266
26.27348033550474
23.332019347724877
0.0
80.0
80.0
80.0
80.0
80.0
80.0
80.0
80.0
80.0
80.0
80.0
80.0
80.0
80.0
80.0
80.0
80.0
80.0
80.0
80.0
80.0
80.0
80.0
80.0
80.0
80.0
80.0
80.0
80.0
80.0
80.0
80.0
80.0
80.0
80.0
80.0
80.0
80.0
80.0
80.0
80.0
80.0
80.0
80.0
80.0
80.0
80.0
80.0
80.0
80.0
80.0
80.0
80.0
80.0
80.0
80.0
80.0
80.0
80.0
80.0
80.0
80.0
