1	0.57517
2	0.555071
3	0.759831
4	0.63718
5	0.584574
6	0.622248
7	0.572218
8	0.638523
9	0.722983
10	0.584539
11	0.734914
12	0.530744
13	0.531314
14	0.557197
15	0.574284
16	0.661527
17	0.603435
18	0.626597
19	0.616406
20	0.674121
21	0.560467
22	0.590118
23	0.656178
24	0.636586
25	0.534387
26	0.537712
27	0.50823
28	0.457374
29	0.579762
30	0.529702
31	0.543967
32	0.624617
33	0.54797
34	0.472206
35	0.500085
36	0.595415
37	0.661514
38	0.604632
39	0.583761
40	0.521614
41	0.57235
42	0.572215
43	0.618599
44	0.632188
45	0.514799
46	0.584853
47	0.609139
48	0.579881
49	0.589198
50	0.578957
51	0.601335
52	0.553035
53	0.514553
54	0.569964
55	0.61782
56	0.588885
57	0.699972
58	0.571545
59	0.546703
60	0.580876
61	0.558463
62	0.569247
