3.665163 3.665163 6.437752 2.772589 4.815891 4.815891 0.892574 2.772589 3.665163 2.772589
3.218876 3.218876 4.605170 4.605170 4.605170 2.407946 inf 4.605170 inf 3.218876
3.218876 inf 2.407946 inf 2.407946 inf inf inf 1.386294 3.218876
2.302585 1.203973 1.609438 1.203973 1.609438 2.302585 1.609438 2.302585 2.302585 inf 
2.302585 2.302585 inf inf 2.302585 inf inf inf inf 2.302585
3.665163 3.665163 6.437752 2.772589 4.815891 4.815891 0.892574 2.772589 3.665163 2.772589
3.218876 3.218876 4.605170 4.605170 4.605170 2.407946 inf 4.605170 inf 3.218876
6.907755 3.611918 4.828314 3.611918 4.828314 6.907755 4.828314 6.907755 6.907755 inf 
2.302585 2.302585 inf inf 2.302585 inf inf inf inf 2.302585
1.832581 1.832581 3.218876 1.386294 2.407946 2.407946 0.446287 1.386294 1.832581 1.386294
1.609438 1.609438 2.302585 2.302585 2.302585 1.203973 inf 2.302585 inf 1.609438
4.828314 inf 3.611918 inf 3.611918 inf inf inf 2.079442 4.828314
4.605170 2.407946 3.218876 2.407946 3.218876 4.605170 3.218876 4.605170 4.605170 inf 
inf inf 2.302585 inf inf 1.609438 inf 2.302585 inf inf 
inf inf 2.302585 2.302585 inf 2.302585 inf 1.609438 inf inf 
4.581454 4.581454 8.047190 3.465736 6.019864 6.019864 1.115718 3.465736 4.581454 3.465736
1.609438 1.609438 2.302585 2.302585 2.302585 1.203973 inf 2.302585 inf 1.609438
6.907755 3.611918 4.828314 3.611918 4.828314 6.907755 4.828314 6.907755 6.907755 inf 
inf inf 2.302585 2.302585 inf 2.302585 inf 1.609438 inf inf 
2.748872 2.748872 4.828314 2.079442 3.611918 3.611918 0.669431 2.079442 2.748872 2.079442
1.609438 1.609438 2.302585 2.302585 2.302585 1.203973 inf 2.302585 inf 1.609438
4.828314 inf 3.611918 inf 3.611918 inf inf inf 2.079442 4.828314
4.605170 2.407946 3.218876 2.407946 3.218876 4.605170 3.218876 4.605170 4.605170 inf 
2.302585 2.302585 inf inf 2.302585 inf inf inf inf 2.302585
2.748872 2.748872 4.828314 2.079442 3.611918 3.611918 0.669431 2.079442 2.748872 2.079442
4.828314 4.828314 6.907755 6.907755 6.907755 3.611918 inf 6.907755 inf 4.828314
2.302585 1.203973 1.609438 1.203973 1.609438 2.302585 1.609438 2.302585 2.302585 inf 
inf inf 4.605170 inf inf 3.218876 inf 4.605170 inf inf 
inf inf 2.302585 2.302585 inf 2.302585 inf 1.609438 inf inf 
7.330326 7.330326 12.875503 5.545177 9.631782 9.631782 1.785148 5.545177 7.330326 5.545177
4.605170 2.407946 3.218876 2.407946 3.218876 4.605170 3.218876 4.605170 4.605170 inf 
4.581454 4.581454 8.047190 3.465736 6.019864 6.019864 1.115718 3.465736 4.581454 3.465736
1.609438 1.609438 2.302585 2.302585 2.302585 1.203973 inf 2.302585 inf 1.609438
2.302585 1.203973 1.609438 1.203973 1.609438 2.302585 1.609438 2.302585 2.302585 inf 
inf inf 2.302585 inf inf 1.609438 inf 2.302585 inf inf 
inf inf 4.605170 4.605170 inf 4.605170 inf 3.218876 inf inf 
3.665163 3.665163 6.437752 2.772589 4.815891 4.815891 0.892574 2.772589 3.665163 2.772589
8.047190 inf 6.019864 inf 6.019864 inf inf inf 3.465736 8.047190
2.302585 1.203973 1.609438 1.203973 1.609438 2.302585 1.609438 2.302585 2.302585 inf 
4.581454 4.581454 8.047190 3.465736 6.019864 6.019864 1.115718 3.465736 4.581454 3.465736
3.218876 3.218876 4.605170 4.605170 4.605170 2.407946 inf 4.605170 inf 3.218876
3.218876 inf 2.407946 inf 2.407946 inf inf inf 1.386294 3.218876
2.302585 2.302585 inf inf 2.302585 inf inf inf inf 2.302585
