1 0.541034 -0.0711754
1 0.574791 -0.258717
1 0.799579 0.0682307
1 0.580248 0.172742
1 0.484589 0.0254874
1 0.189534 1.00188
1 0.0711251 0.967588
1 0.141125 1.03336
1 0.26694 1.08152
1 0.0712478 0.978329
1 0.521009 0.0968555
1 0.785622 0.0205738
1 0.669497 0.074982
1 0.744095 -0.011366
1 0.635615 0.152793
1 0.897554 0.40082
1 0.593973 0.317997
1 0.636974 0.627273
1 0.681572 0.467035
1 0.723891 0.481088
1 0.0173862 0.828355
1 0.206432 0.952855
1 0.138008 1.11252
1 0.186772 0.990374
1 0.316383 0.890146
2 0.932638 0.909622
2 0.870696 0.817409
2 0.734334 0.944481
2 0.921355 1.19254
2 0.78244 0.952726
2 0.606978 0.0979897
2 0.620813 0.225924
2 0.711477 0.151896
2 0.745828 0.172238
2 0.740248 0.190883
2 0.826929 0.0162993
2 0.441905 -0.0482472
2 0.7912 -0.0715039
2 0.751836 0.0481167
2 0.79941 -0.160378
2 0.836382 0.776176
2 1.03969 0.623273
2 0.851349 0.438514
2 0.92992 0.595218
2 0.92938 0.55553
2 0.596974 0.0151818
2 0.474654 0.148338
2 0.660558 0.100888
2 0.498991 0.21029
2 0.667377 0.0676338
3 0.774081 -0.0331349
3 0.771715 0.0587497
3 0.70236 0.0262462
3 0.746925 -0.0583772
3 0.896703 0.193892
3 0.796803 0.06207
3 0.902149 0.128565
3 0.728827 0.277025
3 0.777803 0.0829834
3 0.770905 0.0570937
3 0.379587 1.07893
3 0.15774 0.787664
3 0.04044 0.895722
3 0.206128 0.780175
3 -0.106 0.768466
3 0.831343 1.00466
3 0.779179 0.977861
3 0.744592 1.04569
3 0.656038 1.005
3 0.707336 0.926004
3 0.896116 0.847729
3 0.918273 1.02551
3 0.785421 0.93997
3 0.770447 0.929182
3 0.794512 0.964621
4 0.831433 0.804432
4 0.657764 0.820259
4 0.697058 0.654763
4 0.773657 0.788446
4 0.692253 0.809265
4 0.327613 0.899502
4 0.407156 0.862534
4 0.589972 0.828163
4 0.37338 0.844535
4 0.30434 0.896512
4 1.11051 0.939986
4 0.851085 1.12523
4 1.08097 0.941926
4 0.806891 0.920426
4 0.941913 0.992495
4 0.32284 0.586071
4 0.15343 0.452085
4 0.204388 0.4961
4 0.246441 0.548128
4 -0.0244195 0.50118
4 0.572065 0.851113
4 0.713767 0.75484
4 0.69698 0.601235
4 0.670281 0.918135
4 0.68857 0.761877
5 0.275417 0.570116
5 0.321137 0.509601
5 0.254853 0.749251
5 0.0526628 0.769826
5 0.312255 0.646888
5 0.0679834 0.885569
5 0.169258 0.746356
5 0.17415 0.792091
5 0.133606 0.978611
5 0.159693 1.02164
5 0.678042 0.417933
5 0.648695 0.260048
5 0.835615 0.392232
5 0.737641 0.48334
5 0.802591 0.427247
5 0.771714 0.781716
5 0.609699 0.692585
5 0.797945 0.596557
5 0.676289 0.562855
5 0.780785 0.843912
5 0.793197 -0.106742
5 0.858398 -0.0773572
5 0.568352 0.14988
5 0.705432 0.183035
5 0.867978 0.22766
6 0.677297 0.107604
6 0.714966 0.151156
6 0.722148 0.0843466
6 0.617639 0.198318
6 0.419994 0.0470818
6 0.594101 0.162408
6 0.714932 -0.00395396
6 0.585252 0.111243
6 0.603173 0.127722
6 0.672352 0.00454425
6 0.743957 0.599912
6 0.894258 0.364991
6 0.931772 0.342511
6 0.955081 0.429309
6 1.17494 0.599222
6 0.858856 0.765978
6 0.789218 0.922232
6 0.889497 0.878487
6 0.972354 0.857698
6 0.847475 0.972265
6 0.509857 0.948057
6 0.343347 0.735198
6 0.607621 0.855283
6 0.432097 0.972052
6 0.433121 0.825263
7 0.145124 1.11849
7 0.0715315 1.04906
7 0.188475 0.947207
7 0.0519158 0.942179
7 0.148944 0.823653
7 0.339532 0.906311
7 0.455383 0.82527
7 0.392936 0.950742
7 0.238175 1.01933
7 0.664207 1.01168
7 0.200475 0.866994
7 0.3454 1.06466
7 0.236348 0.883005
7 0.189608 0.914763
7 0.12647 0.913592
7 0.541485 0.0765507
7 0.462473 0.1583
7 0.620579 0.167456
7 0.659324 0.146969
7 0.484047 -0.00448603
7 0.968473 1.07776
7 0.928511 1.09104
7 1.00505 1.0823
7 0.970202 0.899207
7 0.809367 0.980437
8 0.81987 0.879915
8 0.818265 0.824334
8 0.799828 0.915919
8 0.853713 0.927615
8 0.910263 0.944925
8 0.68668 0.351636
8 0.583166 0.223841
8 0.629453 0.231201
8 0.714871 -0.0474155
8 0.522774 0.0270853
8 0.802761 0.00303026
8 0.736973 0.0902657
8 0.550577 0.0754584
8 0.580551 0.187338
8 0.652484 0.199312
8 1.01645 0.958609
8 0.755311 0.866675
8 1.01876 0.9594
8 0.845634 0.902251
8 0.982459 0.865587
8 0.785058 1.11488
8 0.741143 0.953912
8 0.697027 0.86163
8 0.789804 0.974127
8 0.943343 0.964042
9 1.03872 0.565264
9 0.969187 0.5425
9 0.998447 0.386679
9 1.03312 0.419656
9 0.896775 0.50307
9 0.943985 0.544911
9 1.06185 0.46558
9 0.989935 0.461545
9 0.980127 0.529375
9 0.89548 0.512859
9 0.430992 1.08872
9 0.360906 0.84203
9 0.246773 1.00678
9 0.50847 0.907746
9 0.511609 0.934106
9 0.803502 1.00349
9 0.802374 1.23823
9 0.675541 0.774063
9 0.678139 0.850158
9 0.748846 0.942645
9 0.211747 1.00952
9 0.232736 1.14842
9 0.279919 0.842267
9 -0.0752824 1.06079
9 -0.0259508 0.977268
10 1.023 0.134965
10 0.749548 0.165467
10 0.824861 0.148891
10 0.739422 0.019627
10 0.831931 0.00759941
10 0.947845 0.863902
10 0.800692 0.995774
10 0.784713 1.00873
10 0.780217 1.00707
10 0.877657 0.88449
10 0.710413 0.878785
10 0.77091 0.864925
10 0.913078 0.876022
10 0.929092 0.85263
10 0.91198 0.853567
10 0.775809 0.716343
10 0.634908 0.958079
10 0.773835 0.71454
10 0.743629 0.721733
10 0.749324 0.899325
10 0.735245 0.243337
10 0.637106 0.272166
10 0.647898 -0.0261716
10 0.41301 0.0641997
10 0.703714 0.129281
11 0.791421 0.948393
11 0.685263 0.857984
11 0.76725 0.985966
11 0.847713 0.81844
11 0.848177 0.865012
11 0.901139 0.917134
11 0.85456 0.994189
11 0.832749 0.960877
11 0.88302 1.02285
11 0.86231 1.04702
11 0.795494 0.31202
11 0.749309 0.141601
11 0.892267 0.156867
11 0.940774 0.245298
11 0.829437 0.0641165
11 0.653945 0.98394
11 0.873051 0.980797
11 0.880175 1.16338
11 0.884601 0.986184
11 0.856373 1.00204
11 0.773083 1.02826
11 0.810365 0.964034
11 0.714074 0.912244
11 0.874753 0.76964
11 0.849483 0.887608
12 0.81097 0.716161
12 0.601926 0.7881
12 0.71567 0.788489
12 0.642181 0.934615
12 0.655305 0.916814
12 0.655518 0.0450226
12 0.617925 -0.112556
12 0.651359 0.131794
12 0.829565 -0.00730895
12 0.493008 0.0523464
12 0.769512 0.844601
12 0.994641 0.72354
12 0.74121 0.82733
12 0.728595 0.991278
12 0.806012 0.888419
12 0.805372 0.456965
12 0.700569 0.497085
12 0.809203 0.643104
12 0.849478 0.507919
12 0.74843 0.263388
12 0.0818339 0.914196
12 0.213127 0.914915
12 0.0681018 0.92966
12 0.141524 1.01153
12 0.0623495 1.00232
13 0.5542 0.894418
13 0.408313 0.7986
13 0.283235 0.946786
13 0.396812 0.96611
13 0.332495 1.10659
13 0.526465 0.893044
13 0.405511 0.984741
13 0.477337 0.80371
13 0.268492 0.805949
13 0.280184 0.921693
13 0.120812 0.834496
13 0.23557 1.01453
13 0.148651 1.07271
13 0.0702151 1.01206
13 0.192457 1.00552
13 0.665043 0.0460522
13 0.542715 -0.0227864
13 0.736141 0.012946
13 0.615068 -0.0233248
13 0.602647 -0.225663
13 0.489716 -0.00390467
13 0.611033 0.0650056
13 0.826799 0.0403631
13 0.607356 -0.0593911
13 0.584621 -0.0362573
14 0.885589 0.182312
14 0.730218 -0.021168
14 0.946282 0.346891
14 0.812331 0.0428962
14 0.920058 0.0826207
14 1.04614 0.826367
14 0.761831 1.00696
14 0.997581 0.974403
14 1.00718 1.07311
14 1.05455 0.908032
14 0.673065 -0.0148426
14 0.53641 0.100409
14 0.620378 0.0403551
14 0.576446 -0.11934
14 0.672899 0.0294978
14 0.823303 0.497557
14 0.668245 0.298594
14 0.616224 0.442025
14 1.02204 0.464984
14 0.665826 0.47589
14 -0.0154602 0.98512
14 0.0491963 0.944974
14 0.26764 0.953488
14 0.219953 0.752796
14 0.19314 1.12723
15 0.589045 0.371913
15 0.693136 0.430529
15 0.784336 0.432776
15 0.706754 0.3323
15 0.684174 0.477581
15 0.257768 0.573919
15 0.213221 0.594604
15 0.271366 0.453051
15 0.294635 0.520063
15 0.237511 0.475749
15 0.615668 0.102053
15 0.745926 0.0506965
15 0.86555 0.0684592
15 0.854344 0.23947
15 0.784593 0.169666
15 0.841032 0.98808
15 0.722873 1.04504
15 0.750173 0.75111
15 0.987579 0.927721
15 0.894021 0.897667
15 0.650208 1.02752
15 0.928838 0.945154
15 0.998067 0.822954
15 0.884562 1.07962
15 1.01729 0.83676
16 0.0698622 0.934776
16 0.221225 0.922748
16 0.0147556 0.943992
16 0.00975333 0.817279
16 0.0616133 0.790436
16 0.542364 0.0689718
16 0.586117 0.0565619
16 0.582005 0.22087
16 0.69339 0.103448
16 0.485665 -0.0650399
16 0.387506 1.01061
16 0.152685 0.815952
16 0.0123504 0.96814
16 0.283495 0.744041
16 0.0820471 0.904947
16 0.211111 0.87191
16 0.318205 0.874286
16 0.167905 0.799133
16 0.0645004 0.796504
16 0.166244 1.04356
16 0.201251 0.920157
16 0.167824 1.09022
16 0.169641 0.866908
16 0.0719028 0.953605
16 0.138446 0.884011
17 0.548414 0.890619
17 0.401304 0.695583
17 0.34431 0.776408
17 0.383138 0.968294
17 0.574088 1.09558
17 0.925147 0.567127
17 1.00618 0.561901
17 1.03499 0.337345
17 1.0112 0.476222
17 0.881142 0.416016
17 0.597761 0.634058
17 0.700204 0.958817
17 0.681291 0.78857
17 0.58491 0.925162
17 0.691234 0.81075
17 0.900128 0.944707
17 0.699124 0.909766
17 0.769664 0.916717
17 0.789668 0.886802
17 0.711432 0.873463
17 0.887104 0.982445
17 0.989191 0.78974
17 1.05246 1.0584
17 0.831574 0.875671
17 0.744858 0.989069
18 0.23231 0.635243
18 0.322093 0.636556
18 0.328971 0.506792
18 0.227113 0.626518
18 0.211379 0.665547
18 0.877901 0.934316
18 0.885691 1.28666
18 0.837886 0.778334
18 1.04064 0.994978
18 0.784338 1.19573
18 0.821628 0.881708
18 0.685714 0.782651
18 0.749915 0.854182
18 0.856983 0.92773
18 0.969106 1.11055
18 0.393485 1.03095
18 0.307111 0.983105
18 0.35485 0.875703
18 0.354581 0.973298
18 0.343952 0.809379
18 0.613398 0.0718704
18 0.620552 0.0626657
18 0.399296 0.0822981
18 0.841097 0.139641
18 0.74683 0.0117385
19 0.816632 0.969132
19 0.70916 0.924267
19 0.77473 0.911427
19 0.875891 1.21333
19 0.659874 0.972326
19 0.257238 1.05437
19 -0.0392675 1.10774
19 0.018517 0.936058
19 0.23688 0.928095
19 0.356553 1.18863
19 0.601501 0.922993
19 0.707396 0.883017
19 0.679438 0.967311
19 1.00287 0.887908
19 0.764156 1.07614
19 0.704032 0.273788
19 0.74255 0.133011
19 0.698367 0.141274
19 0.565491 0.234661
19 0.662223 0.152475
19 0.890977 0.998786
19 0.811662 0.987471
19 0.797329 0.882046
19 0.870886 1.10038
19 0.738797 1.15227
20 0.932792 0.395616
20 0.877933 0.390078
20 0.992557 0.645078
20 1.00991 0.570796
20 1.09135 0.235422
20 0.192915 1.04232
20 0.0271279 0.870006
20 0.236681 0.958936
20 0.212922 0.874528
20 -0.00576716 1.04671
20 1.01234 0.780774
20 0.715444 0.786609
20 0.844963 0.872443
20 0.980545 0.788487
20 0.674894 0.954524
20 0.768847 0.80743
20 0.834196 0.770349
20 0.850864 1.01683
20 0.870903 0.743069
20 0.795447 0.90379
20 0.746963 0.165479
20 0.786414 0.0667131
20 0.620651 0.312443
20 0.805716 0.244224
20 0.704553 0.112574
21 0.572662 0.228639
21 0.683662 0.285117
21 0.612891 0.234801
21 0.734796 0.081349
21 0.671102 0.330912
21 0.390899 0.961401
21 0.394251 0.96005
21 0.408285 0.913903
21 0.46784 1.05197
21 0.466949 1.08057
21 0.769798 0.929391
21 0.731206 0.778196
21 0.876427 0.967062
21 0.843662 0.945324
21 0.727667 0.856023
21 0.888384 0.518564
21 1.19369 0.437153
21 1.02191 0.381933
21 1.09112 0.388462
21 0.978039 0.423516
21 0.679871 0.753341
21 0.973644 0.694736
21 0.674047 1.02604
21 0.564066 0.81304
21 0.571089 0.860804
22 0.486974 0.887849
22 0.44628 1.06299
22 0.194251 0.752406
22 0.463308 0.850259
22 0.392126 0.766044
22 0.917089 0.892309
22 0.870858 0.922704
22 0.86324 1.09908
22 0.858663 1.14668
22 0.920063 0.819714
22 0.251063 1.07619
22 0.173636 0.999333
22 0.220904 0.824689
22 0.0994421 0.787578
22 0.112703 1.06552
22 0.884524 0.0523844
22 0.440092 0.204652
22 0.783969 -0.0225514
22 0.678002 0.113657
22 0.694211 0.105348
22 0.953285 0.494185
22 0.878201 0.627672
22 0.9578 0.554024
22 0.871674 0.377852
22 0.94807 0.460098
23 0.909736 0.988045
23 0.704635 0.837224
23 0.869334 0.899205
23 0.978138 1.06811
23 0.79105 1.02151
23 0.775231 0.554565
23 0.849376 0.413638
23 0.830813 0.411668
23 0.701643 0.428073
23 0.746755 0.355764
23 0.677605 0.444224
23 0.625861 0.227616
23 0.81374 0.44411
23 0.685834 0.0921608
23 0.735816 0.0391964
23 0.984354 0.634331
23 1.10088 0.48262
23 1.04956 0.453248
23 1.02328 0.676905
23 0.972843 0.455322
23 0.350145 0.68061
23 0.491066 0.552286
23 0.294802 0.483611
23 0.439697 0.539337
23 0.231175 0.765306
24 0.920764 0.833436
24 0.892528 0.986008
24 0.739905 0.911414
24 0.808637 0.986779
24 0.748433 1.0429
24 0.64836 0.75687
24 0.729399 0.878065
24 0.730937 0.797445
24 0.630454 0.73459
24 0.740074 0.926025
24 0.535138 0.0790177
24 0.646529 0.0113062
24 0.633822 -0.052265
24 0.62366 -0.0427299
24 0.619244 0.0474387
24 0.400196 0.900474
24 0.42513 0.961564
24 0.549924 0.977745
24 0.393094 0.975537
24 0.397208 0.737662
24 -0.0443727 0.889663
24 0.0650242 0.84136
24 0.131053 0.847478
24 0.0639353 0.974338
24 0.20522 1.15703
25 0.427593 0.858322
25 0.40224 0.910682
25 0.246184 0.89
25 0.496715 0.858659
25 0.471185 1.01488
25 0.820817 0.166243
25 0.686695 0.482376
25 0.7826 0.392712
25 0.786824 0.505234
25 0.75851 0.316364
25 0.936388 0.57505
25 0.998398 0.540128
25 0.97195 0.449149
25 0.963281 0.507046
25 0.817355 0.503263
25 0.644723 0.192951
25 0.71179 -0.00632278
25 0.640346 0.00819182
25 0.679853 0.11118
25 0.62655 0.0815562
25 0.748627 0.253713
25 0.573997 0.117766
25 0.679733 0.161122
25 0.492973 0.0197444
25 0.758097 0.0953739
26 0.456536 0.802616
26 0.678798 0.682116
26 0.719168 0.678355
26 0.764713 0.764427
26 0.514796 0.515265
26 0.74694 0.115657
26 0.637784 0.166316
26 0.493019 0.240077
26 0.542974 0.101317
26 0.596002 0.112496
26 0.967113 0.960373
26 1.01572 1.04746
26 0.815872 0.811887
26 0.640833 0.907489
26 0.83664 1.01037
26 0.206467 0.920519
26 0.0496181 0.990792
26 0.153552 0.889865
26 0.314716 0.9743
26 0.115959 0.941122
26 0.81764 0.187245
26 0.739929 0.0621839
26 0.836345 0.330396
26 0.769598 0.0406139
26 0.776426 0.0934849
27 1.00472 0.472375
27 0.897732 0.440999
27 0.824914 0.399424
27 0.815867 0.433777
27 0.848657 0.41466
27 0.837123 0.483439
27 0.991204 0.389053
27 1.06856 0.326765
27 0.917987 0.336907
27 0.922704 0.352984
27 0.558289 -0.0209598
27 0.425873 0.154046
27 0.832373 0.319873
27 0.583141 0.0929401
27 0.585785 0.105135
27 0.0865516 0.543237
27 0.155986 0.356638
27 0.515923 0.523547
27 0.318886 0.666128
27 0.110022 0.588196
27 0.664047 0.0514915
27 0.602946 0.108018
27 0.570747 -0.0439267
27 0.728274 0.204366
27 0.617101 -0.0147962
28 0.899443 1.05629
28 0.819222 0.896052
28 0.855184 0.951569
28 0.929902 0.818671
28 0.80633 1.08846
28 0.569877 0.00417698
28 0.604487 0.0774879
28 0.646033 0.00920552
28 0.640613 0.0371529
28 0.595486 0.0137234
28 0.989346 0.438294
28 0.747051 0.176266
28 0.504546 0.0390811
28 0.570419 0.151071
28 0.680658 0.108388
28 0.864582 0.485908
28 1.07108 0.528112
28 0.97527 0.551124
28 1.01559 0.323731
28 0.959044 0.44278
28 -0.00586844 0.881387
28 0.20953 0.890447
28 0.153212 0.823578
28 -0.0887435 0.922768
28 0.0318687 1.03063
29 0.705963 0.511513
29 0.838497 0.250723
29 0.739797 0.418339
29 0.795432 0.459906
29 0.810572 0.460067
29 0.195537 0.745303
29 0.040778 1.09079
29 0.0915392 1.00335
29 0.308426 0.881702
29 0.0616846 0.921321
29 0.722656 0.294446
29 0.585838 0.355201
29 0.721018 0.338706
29 0.716935 0.282686
29 0.798056 0.174765
29 0.488665 0.830853
29 0.416052 0.944914
29 0.360299 0.914371
29 0.462973 0.822021
29 0.505277 1.02519
29 0.680246 0.641291
29 0.728219 0.636155
29 0.837814 0.810388
29 0.705217 0.71838
29 0.461104 0.638175
30 0.919979 0.831765
30 0.70971 0.703541
30 0.690963 0.853968
30 0.653338 0.946916
30 0.55671 0.720116
30 0.604887 0.198428
30 0.80806 0.149956
30 0.879751 0.246255
30 0.880499 0.0950039
30 0.795621 0.177232
30 0.0233837 0.87068
30 0.134754 1.09247
30 0.206713 0.869126
30 0.0640777 1.06676
30 0.400341 0.93012
30 0.137233 0.64438
30 0.30747 0.663422
30 0.187628 0.570939
30 0.213094 0.674377
30 0.223379 0.538141
30 0.257009 1.01344
30 0.0571946 0.907324
30 0.0530421 1.02116
30 0.190808 0.807052
30 -0.0330709 0.966553
31 0.760013 0.237847
31 0.587952 0.478935
31 0.728595 0.353603
31 0.874753 0.312581
31 0.756677 0.434008
31 0.657697 0.427959
31 1.01798 0.240929
31 0.78653 0.36925
31 0.660424 0.309029
31 0.792922 0.62379
31 0.686455 0.0416343
31 0.830016 0.152006
31 0.618569 0.159528
31 0.631801 0.20826
31 0.6138 -0.0146014
31 0.577865 0.796073
31 0.397527 1.01622
31 0.229749 0.97828
31 0.497057 0.937084
31 0.344738 0.915022
31 0.893806 0.208238
31 0.765257 0.303874
31 0.795197 0.0606166
31 0.756438 0.227747
31 0.819802 0.230773
32 0.790007 0.178109
32 0.90416 0.00462238
32 0.613885 0.162764
32 0.664403 0.316801
32 0.677423 0.159699
32 0.496911 0.846793
32 0.466843 0.759233
32 0.413882 0.821556
32 0.356475 0.943988
32 0.309253 0.816838
32 0.409508 0.0823882
32 0.748634 0.0793468
32 0.608964 -0.007133
32 0.790691 0.0725991
32 0.761761 0.133738
32 0.265828 1.06884
32 0.146469 1.10019
32 0.335743 0.964031
32 0.132045 1.01106
32 0.192789 1.05134
32 0.229124 1.07545
32 0.175368 0.985923
32 0.0321806 0.853313
32 0.0114689 0.846164
32 0.142103 0.809101
33 0.817061 0.185462
33 0.627677 0.381508
33 0.571845 0.346238
33 0.852232 0.375839
33 0.736408 0.292068
33 0.679568 0.942213
33 0.769503 0.984129
33 0.938447 1.01351
33 0.81124 0.855393
33 0.692322 0.917643
33 0.815036 0.916661
33 0.910759 1.02039
33 0.707438 0.953988
33 0.868712 0.91888
33 0.938408 0.897574
33 0.65996 0.14352
33 0.610609 0.177153
33 0.480557 -0.0099513
33 0.325143 0.149681
33 0.533257 0.0722278
33 0.748234 0.348184
33 0.658286 0.36819
33 0.803425 0.240602
33 0.736298 0.470466
33 0.60106 0.459164
34 0.567264 0.0207358
34 0.698792 0.252012
34 0.713372 0.247472
34 0.537265 0.229571
34 0.597477 0.11505
34 0.74238 0.115046
34 0.73272 0.248641
34 0.518635 0.161842
34 0.631083 0.188966
34 0.743129 0.179588
34 0.619711 0.123955
34 0.948212 0.220202
34 0.864423 0.13899
34 0.653542 0.158857
34 0.579582 0.221701
34 0.819807 0.572459
34 0.800314 0.30095
34 0.986008 0.390285
34 0.866094 0.469181
34 0.908277 0.463097
34 0.675354 0.837069
34 0.582259 0.920468
34 0.858636 0.889266
34 0.84234 1.01352
34 0.891282 1.05843
35 0.871823 0.969728
35 0.891021 1.11016
35 1.09549 0.974402
35 0.914794 1.01597
35 0.891879 0.952387
35 0.168172 1.08343
35 0.231861 1.08495
35 0.0661417 0.988573
35 0.0592783 1.00908
35 0.190183 1.10022
35 0.7208 0.120679
35 0.607879 -0.0339695
35 0.610647 0.016067
35 0.74846 0.261381
35 0.669307 0.133346
35 0.6911 0.918244
35 0.813647 0.712896
35 0.695576 0.64569
35 0.718808 0.831646
35 0.76874 0.604618
35 0.592314 0.720085
35 0.757536 0.787561
35 0.662361 0.818413
35 0.842185 0.695391
35 0.543725 0.641516
36 0.090492 1.02826
36 -0.0509639 0.994189
36 0.0797709 1.08055
36 0.0720567 0.971349
36 0.0638545 0.902437
36 0.134734 0.918111
36 0.270445 1.02561
36 0.343128 0.942863
36 0.264276 0.760669
36 0.221461 1.00774
36 0.348033 0.634644
36 0.381859 0.588861
36 0.338605 0.47948
36 0.16898 0.52012
36 0.297153 0.641976
36 0.908559 1.26234
36 0.895248 1.15692
36 1.05362 0.909108
36 0.946851 0.943372
36 1.00486 1.10145
36 0.32936 0.991155
36 0.0720966 0.900775
36 0.156945 0.942993
36 0.247065 1.02239
36 0.0911165 0.900383
37 0.667511 0.28482
37 0.586801 0.218355
37 0.684312 0.310372
37 0.520928 0.171261
37 0.660827 -0.0630038
37 1.02406 0.369009
37 0.771836 0.345767
37 0.781564 0.354244
37 0.732955 0.554042
37 0.658409 0.334639
37 0.787033 0.285817
37 1.00341 0.0440662
37 0.736178 0.193934
37 0.76221 0.341172
37 0.963867 0.197788
37 0.644895 0.834105
37 0.791479 0.771897
37 0.871549 0.824804
37 0.667724 0.794836
37 0.788395 0.717924
37 0.394942 0.923201
37 0.252247 1.05241
37 0.31651 1.02319
37 -0.0889067 0.88534
37 0.208787 0.99637
38 0.796109 0.22087
38 0.663761 0.0163389
38 0.841794 0.184589
38 0.500878 0.214515
38 0.665773 0.114152
38 0.672381 0.257425
38 0.567702 0.355846
38 0.680423 0.436242
38 0.592868 0.371403
38 0.59262 0.573201
38 1.07979 0.53487
38 1.04803 0.369954
38 1.08292 0.630629
38 0.749486 0.467727
38 0.891959 0.501029
38 0.306403 0.606591
38 0.30297 0.535047
38 0.149557 0.552638
38 0.226405 0.418979
38 0.272875 0.525913
38 0.520995 0.97336
38 0.55234 0.842805
38 0.335304 0.906243
38 0.560083 1.0461
38 0.40918 0.856048
39 0.881908 0.908076
39 0.696945 0.872334
39 0.631778 0.948791
39 0.797324 1.06892
39 0.678781 1.00284
39 0.800468 1.03116
39 0.911556 0.852386
39 0.924098 0.838492
39 0.684796 0.892236
39 0.865854 0.852496
39 0.46295 0.931148
39 0.477218 0.798451
39 0.52252 0.927088
39 0.494766 0.817384
39 0.426964 1.0035
39 0.647043 -0.0141665
39 0.545796 0.193049
39 0.734902 0.217499
39 0.594215 0.395627
39 0.662713 0.257738
39 0.015493 0.981901
39 0.230754 1.0956
39 0.074088 0.750579
39 0.288717 0.93979
39 0.0142722 0.857458
40 1.07361 1.0241
40 0.981782 0.988936
40 0.875357 1.0642
40 0.992146 0.938775
40 0.939036 0.954715
40 1.03164 1.10411
40 1.2049 1.01528
40 0.875259 0.984987
40 0.856802 0.903571
40 0.89161 0.881566
40 0.310227 0.98246
40 0.501295 1.01948
40 0.419718 0.977631
40 0.602068 0.921035
40 0.403972 1.09298
40 0.769065 1.14883
40 0.767578 0.849759
40 0.692077 0.985087
40 0.60373 0.825852
40 0.871421 0.905648
40 0.804851 1.02758
40 0.663466 0.981301
40 0.635551 1.03782
40 0.76115 1.02502
40 0.738461 0.992357
41 0.457508 -0.0155521
41 0.472242 0.256046
41 0.695997 0.100941
41 0.805382 0.184966
41 0.496796 0.0692721
41 0.727848 0.0374284
41 0.51517 0.0398294
41 0.548716 0.182837
41 0.680092 0.127772
41 0.673937 0.101838
41 1.01167 0.882776
41 0.850316 0.857479
41 1.04446 1.06299
41 0.781624 0.950079
41 0.982701 0.90385
41 0.874572 0.91871
41 0.793388 1.0017
41 0.934059 0.980924
41 0.825151 1.02609
41 0.758441 0.948437
41 0.636508 0.0868031
41 0.849822 0.146495
41 0.69964 0.0908255
41 0.684239 0.217888
41 0.655934 0.203796
42 0.708718 0.95455
42 0.65001 0.936834
42 1.04218 1.02811
42 0.848437 0.900169
42 0.901956 1.03968
42 0.961757 0.0603008
42 0.600505 0.0670672
42 0.78035 0.10461
42 0.715543 0.27561
42 0.638649 0.0927046
42 0.910096 0.898272
42 1.00534 0.860783
42 0.875441 0.975001
42 1.06591 0.779436
42 1.13748 0.877051
42 0.783692 0.890049
42 0.626999 0.760172
42 0.662498 0.697174
42 0.705906 0.793604
42 0.643504 0.770976
42 0.654721 0.242217
42 0.609224 0.118399
42 0.620899 0.227642
42 0.575324 -0.014108
42 0.660799 0.127545
43 0.85759 1.00691
43 0.939205 0.801429
43 0.696671 0.984237
43 0.879768 0.840077
43 0.97287 0.937294
43 0.449155 0.991152
43 0.574211 0.889538
43 0.248693 1.01708
43 0.328988 1.0401
43 0.362812 1.06488
43 0.521099 0.193234
43 0.496054 0.165599
43 0.676142 0.0832137
43 0.598206 0.303321
43 0.594906 0.0785201
43 0.551013 0.0391785
43 0.803312 0.0584984
43 0.563353 0.0527183
43 0.703797 -0.0340327
43 0.695071 -0.0355891
43 0.774477 0.538968
43 1.02645 0.416621
43 0.988925 0.50166
43 1.07308 0.498214
43 1.06111 0.473699
44 0.153815 0.95066
44 0.24578 0.964978
44 0.0734892 0.955108
44 0.276473 0.929102
44 0.0917514 1.06899
44 0.385491 0.841853
44 0.273777 0.931073
44 0.39006 0.947627
44 0.276107 1.04792
44 0.470482 0.759073
44 0.619977 0.787962
44 0.700681 0.66992
44 0.392595 0.811296
44 0.644531 0.697954
44 0.720626 0.688772
44 0.67083 -0.0634202
44 0.739424 0.0831626
44 0.780957 -0.0535506
44 0.566213 0.0670443
44 0.722444 0.118523
44 0.776691 0.207168
44 0.996734 0.230345
44 0.808734 0.0844349
44 0.850256 0.0934759
44 0.824125 0.219711
45 0.737549 0.895534
45 0.863856 0.567974
45 0.500867 0.665476
45 0.478942 0.72203
45 0.645095 0.782783
45 0.674516 0.310896
45 0.822473 0.354032
45 0.606012 0.393258
45 0.763546 0.351124
45 0.809489 0.414805
45 0.952763 0.531194
45 0.913025 0.379881
45 0.941609 0.49829
45 1.00811 0.482363
45 0.91143 0.545009
45 0.880983 0.132906
45 0.799651 0.1327
45 0.708157 0.0491912
45 0.704158 0.320369
45 0.780262 0.235928
45 0.841669 0.128419
45 0.533044 0.00298776
45 0.744905 0.0645302
45 0.88226 0.0309226
45 0.500554 0.08012
46 0.283442 0.654686
46 0.309316 0.576845
46 0.258776 0.532239
46 0.268191 0.266983
46 0.317826 0.645906
46 -0.02521 0.975477
46 -0.0237654 0.745436
46 0.205884 0.847948
46 0.251477 0.784149
46 0.0655516 0.937545
46 0.468525 0.934881
46 0.398781 0.857814
46 0.469809 0.877052
46 0.463923 1.02451
46 0.196828 1.09618
46 0.94637 1.06095
46 0.667833 0.923486
46 1.16135 0.884329
46 0.863352 0.93888
46 0.941514 1.01484
46 0.770874 0.940114
46 0.808883 1.15929
46 0.858588 0.949544
46 0.730956 0.775042
46 0.894138 0.886066
47 0.595588 0.847336
47 0.497387 0.914408
47 0.763385 0.768756
47 0.562625 0.717987
47 0.704165 0.878519
47 0.944238 1.1826
47 0.765189 0.952668
47 0.748994 0.734096
47 0.961776 0.975206
47 0.763654 0.917131
47 0.810994 0.197142
47 0.95242 0.439129
47 0.899502 0.400779
47 0.775443 0.433203
47 0.973311 0.379195
47 0.764928 0.949347
47 0.649297 0.883051
47 0.833221 0.880499
47 0.808371 1.15728
47 0.871734 1.06323
47 0.773017 0.210961
47 0.850603 0.0807211
47 0.587263 0.373016
47 0.700912 0.166976
47 0.701295 0.144772
48 0.118933 0.915193
48 0.0632403 0.964608
48 0.100145 1.11478
48 0.181166 1.07273
48 0.14363 0.962438
48 0.825589 0.761034
48 0.847983 0.805313
48 0.715588 0.97694
48 0.832304 0.848466
48 0.718961 0.703902
48 0.98248 -0.0602643
48 0.736583 0.123006
48 0.815108 -0.0365017
48 0.853187 0.21486
48 0.706267 0.115958
48 1.11996 1.00224
48 0.932418 0.872343
48 0.967373 1.13332
48 0.985033 1.00022
48 0.837469 0.981501
48 0.604989 0.505055
48 0.989676 0.236435
48 0.536468 0.384967
48 0.819044 0.384061
48 0.727285 0.392877
49 -0.0374047 1.07153
49 0.156248 0.794615
49 0.23458 0.783639
49 0.11481 0.987453
49 0.0429151 0.878429
49 0.995518 0.187789
49 0.760349 0.119348
49 0.772252 0.272559
49 0.771843 0.0627153
49 0.824342 0.132422
49 0.839076 0.500937
49 0.807849 0.455482
49 0.93346 0.276224
49 0.708402 0.222721
49 0.835071 0.39438
49 -0.0144885 0.988936
49 0.13164 0.835114
49 0.0418689 0.894394
49 0.132583 0.805716
49 0.139414 1.03216
49 0.0878096 1.00101
49 0.267721 0.925932
49 0.110942 0.827011
49 0.0598415 1.03118
49 0.146248 1.04705
50 0.693319 0.112377
50 0.808088 0.0933941
50 0.698338 0.0314186
50 0.531514 -0.0147835
50 0.688326 -0.0754307
50 0.688002 0.0457138
50 0.685884 0.038094
50 0.653535 0.0348359
50 0.748686 0.0266684
50 0.391626 -0.0129033
50 0.751713 0.173744
50 0.561594 0.111798
50 0.679533 0.0148743
50 0.658215 0.0329026
50 0.669777 0.0594703
50 0.853007 1.06147
50 0.935531 1.10634
50 0.865088 0.905474
50 1.09963 1.10565
50 0.854607 0.98554
50 0.65868 0.304458
50 0.526988 0.333024
50 0.721642 0.193921
50 0.63292 0.0745873
50 0.66498 0.145513
